250
52
0 138 569
120 229 559
209 116 259
207 216 688
197 153 531
231 31 675
205 191 858
77 56 844
59 226 596
216 22 890
192 133 821
4 167 806
91 100 145
115 32 19
219 201 163
229 217 17
9 61 925
194 140 144
233 130 7
159 14 510
77 85 799
135 142 510
238 79 426
202 149 872
141 158 165
43 234 102
1 61 326
216 238 311
137 139 993
235 219 746
213 221 405
135 159 253
126 204 896
141 239 361
10 130 219
18 153 695
137 162 310
137 115 357
240 131 38
108 175 846
88 210 966
31 237 850
109 160 698
50 108 580
148 210 484
226 154 706
37 100 931
158 202 679
144 82 693
225 62 950
63 105 356
228 98 409
