1000
7575
737 43 603
599 408 370
376 944 486
982 466 750
755 765 223
573 115 184
816 688 29
753 433 885
724 567 610
163 525 530
629 720 269
270 495 67
570 960 980
678 371 240
248 349 960
251 111 94
783 235 185
485 172 552
898 162 29
750 508 33
976 0 991
830 806 521
662 320 55
842 959 417
479 133 374
147 684 226
844 204 147
601 499 943
408 44 8
439 93 944
777 498 647
193 567 180
745 972 586
553 894 569
794 375 75
898 508 145
654 977 144
690 473 397
666 86 234
638 804 299
960 88 838
56 987 884
327 535 532
799 931 574
324 800 38
396 437 408
397 834 223
351 76 977
220 794 192
543 914 581
583 702 147
397 848 257
107 925 616
955 334 54
291 500 899
268 75 953
991 677 32
522 568 163
290 494 223
263 437 704
717 907 253
739 9 189
81 996 54
994 478 232
305 15 698
649 360 867
772 272 710
1 351 922
282 291 539
523 349 103
832 81 522
186 470 71
797 416 28
352 361 640
533 591 918
78 233 531
516 71 573
578 823 542
289 980 406
660 423 336
745 994 322
798 610 368
313 799 151
503 750 101
7 772 340
62 584 723
753 59 562
358 343 247
901 301 439
215 772 878
513 547 385
342 350 670
879 46 572
348 624 208
27 380 260
398 872 605
776 609 810
816 308 129
988 148 872
900 947 805
812 418 282
498 129 483
729 821 766
861 278 501
643 499 482
710 893 777
778 147 806
764 760 829
54 298 798
225 770 162
833 138 694
245 560 216
795 478 741
908 667 533
330 766 297
581 520 720
513 103 730
895 0 159
474 25 338
45 230 344
797 606 387
503 377 8
218 195 852
729 186 789
770 895 634
367 91 959
97 126 823
158 464 67
927 38 653
511 30 925
345 717 311
596 405 54
830 176 940
893 543 686
919 78 890
86 972 3
862 293 995
677 849 103
997 984 396
186 224 506
354 623 164
340 125 878
268 152 193
84 74 10
553 263 768
516 917 591
725 349 807
993 192 241
556 442 854
972 645 665
938 360 382
283 118 376
838 557 635
976 385 18
547 893 40
151 873 453
167 708 975
419 652 397
721 760 637
669 405 377
538 903 524
118 51 782
547 904 844
89 945 935
484 628 766
720 66 682
63 761 799
671 608 827
548 487 315
271 716 455
326 474 767
403 2 818
25 76 526
998 964 103
323 590 799
623 974 102
396 796 944
598 74 456
77 275 165
884 548 537
736 926 786
899 152 10
716 639 415
145 2 103
857 121 530
455 788 676
242 583 135
11 344 730
485 614 186
420 614 281
39 867 789
426 299 581
641 216 824
795 168 681
673 288 588
49 841 578
469 841 855
357 508 411
519 716 301
487 761 286
188 235 314
595 920 934
920 774 585
196 168 890
388 752 680
129 678 248
450 509 553
40 438 919
448 657 890
908 52 190
624 81 736
473 650 693
367 561 689
106 450 633
780 79 251
921 102 996
884 925 986
591 201 921
734 431 469
171 31 64
653 877 467
571 692 850
237 746 623
725 158 918
212 90 937
410 294 406
398 826 636
567 819 540
53 103 114
540 668 77
322 821 857
708 718 431
363 791 18
9 734 687
326 105 602
729 575 725
809 482 206
596 720 646
350 847 837
49 793 559
117 288 433
795 224 64
361 128 233
600 510 418
544 614 522
25 763 108
35 408 131
506 969 120
541 341 612
701 408 96
279 907 560
216 509 224
707 434 963
952 912 432
74 523 71
420 821 545
286 498 428
277 459 709
323 870 961
757 871 859
804 210 551
277 971 187
482 366 574
535 946 531
313 0 796
923 480 817
87 177 839
399 989 486
64 357 903
483 870 423
435 494 832
83 775 529
665 664 367
641 437 697
344 228 195
546 253 471
744 148 882
914 625 768
972 591 590
528 698 133
275 284 820
351 462 899
551 396 173
311 384 399
814 324 216
383 198 107
377 745 829
55 92 173
500 917 479
828 812 936
434 351 118
394 680 935
604 452 702
669 579 808
287 252 502
467 549 918
902 850 841
858 260 775
347 994 733
38 512 417
678 516 937
703 713 444
893 773 722
842 974 19
375 729 621
931 802 449
3 277 19
751 92 804
830 190 865
452 464 461
420 440 788
530 836 731
783 690 555
782 1 660
253 456 257
99 636 980
319 497 723
538 693 257
103 764 789
655 246 629
787 548 523
555 262 437
702 831 678
166 56 882
228 622 537
893 930 543
154 247 744
209 992 616
339 880 351
128 522 361
151 98 79
900 373 998
709 804 900
427 585 822
73 328 684
518 638 285
711 867 731
525 307 751
765 942 532
260 886 430
549 454 980
570 924 358
20 747 317
273 490 602
513 141 832
671 327 924
281 308 498
778 813 330
59 98 636
903 496 145
113 56 583
676 759 981
52 728 724
328 205 234
273 684 796
529 46 727
44 612 797
117 297 496
93 915 802
129 821 883
191 625 323
66 325 104
486 629 642
752 499 725
777 51 55
278 369 719
247 646 4
26 773 655
238 324 858
7 517 921
611 583 573
404 28 877
608 48 219
829 987 41
538 849 891
777 455 385
544 911 203
144 641 247
905 113 685
784 374 685
452 755 800
370 500 84
194 266 78
863 891 801
872 939 611
853 487 698
84 683 929
908 227 779
240 315 602
246 615 363
77 864 210
421 427 367
374 295 357
300 264 459
511 524 467
326 737 720
451 403 796
299 406 511
702 249 166
372 306 815
888 394 492
690 240 98
114 907 44
545 459 642
772 439 130
155 793 39
582 591 907
605 229 254
983 950 296
830 113 321
250 309 644
269 203 224
710 392 74
568 718 505
804 173 631
925 833 895
6 117 643
298 739 378
550 58 291
346 854 498
375 874 295
886 492 713
790 0 431
378 84 732
372 216 528
353 605 842
348 325 905
965 540 925
678 874 282
48 377 93
783 130 212
410 455 593
398 339 210
63 849 696
224 273 786
983 307 920
91 606 474
115 882 614
542 84 636
628 715 732
249 381 798
985 83 213
900 778 4
572 330 297
807 835 705
355 416 226
191 49 859
566 552 505
320 448 978
542 180 836
320 946 715
174 225 542
402 322 295
232 941 941
958 63 720
163 237 170
774 517 920
968 292 44
710 880 118
148 804 428
1 788 895
674 756 122
501 711 983
804 911 874
926 703 617
508 382 224
899 421 183
772 670 59
494 640 499
113 751 560
969 96 671
709 376 651
653 604 763
773 559 779
955 864 211
169 808 920
846 453 419
792 702 849
829 488 385
640 579 243
716 32 577
179 437 724
535 311 63
95 317 637
279 404 630
563 267 719
964 344 680
420 48 620
174 810 397
879 656 828
609 212 406
174 989 844
84 604 367
781 645 197
902 372 946
130 189 264
805 721 261
24 49 114
889 908 614
359 664 614
104 140 70
728 304 271
541 243 389
176 926 694
662 104 40
743 378 83
378 614 935
91 304 505
133 940 90
694 697 649
686 623 818
113 360 832
76 520 387
577 804 75
833 817 906
951 361 867
646 801 704
623 998 4
307 918 567
551 900 912
271 415 589
586 771 118
164 786 911
895 347 578
94 759 292
563 793 794
332 200 148
910 725 930
509 254 871
985 806 908
584 336 332
344 779 969
61 298 965
835 792 402
419 641 897
88 778 716
471 361 228
865 351 254
736 558 62
828 810 473
321 323 468
888 168 678
835 428 491
47 283 569
376 266 640
755 407 533
693 337 827
306 707 470
458 776 42
150 736 418
837 594 27
198 461 629
104 88 939
422 267 748
55 350 552
6 706 681
842 511 538
472 89 436
467 770 622
915 35 359
13 46 456
962 409 495
744 562 298
541 469 946
513 401 657
737 349 440
902 913 502
990 713 200
558 737 330
778 514 296
287 660 401
284 917 637
804 452 596
904 691 597
978 107 329
421 661 848
402 32 778
246 825 718
58 11 144
922 58 982
746 884 420
765 377 487
80 314 754
325 9 30
868 328 727
757 98 944
237 351 12
647 913 740
840 593 243
708 59 960
534 608 105
918 566 75
774 618 62
86 511 622
293 845 126
744 506 730
202 533 803
385 812 359
420 30 998
39 748 108
75 603 33
944 885 615
414 743 722
59 180 937
802 372 362
610 249 817
916 446 750
714 803 610
360 405 746
306 329 930
406 533 396
602 912 737
586 662 836
83 452 44
632 542 243
166 528 842
967 871 496
156 747 992
890 653 706
678 248 367
316 364 147
541 236 206
961 567 812
244 66 826
48 472 503
431 203 531
200 980 934
767 583 560
31 499 961
79 345 103
696 616 640
287 729 428
37 678 534
230 302 712
363 52 35
679 346 864
918 839 837
345 753 159
385 738 64
723 962 489
724 841 3
815 91 118
851 295 761
423 273 645
872 77 979
733 783 864
523 139 989
31 329 378
701 424 191
965 283 674
161 832 465
724 901 47
480 294 834
178 780 634
690 852 839
306 497 705
386 477 262
19 443 495
556 624 629
902 613 842
181 274 434
738 902 26
592 849 326
624 33 922
157 172 91
934 317 849
853 243 421
648 236 298
406 460 790
197 403 788
435 393 152
219 436 349
484 334 592
126 816 457
94 880 957
280 199 300
131 277 671
608 782 13
798 993 271
575 89 563
153 896 483
206 326 73
712 454 213
979 807 221
939 63 457
21 649 190
3 80 752
470 522 196
851 464 974
304 386 423
329 156 17
874 236 280
249 484 504
87 700 131
317 701 73
560 593 391
898 834 412
881 671 115
512 824 729
905 445 472
535 682 611
44 227 737
673 394 486
20 581 384
115 851 892
29 758 665
418 98 413
330 152 919
557 880 537
848 445 144
516 926 548
553 875 703
440 157 739
426 12 138
879 851 399
878 728 326
960 872 548
626 21 158
106 750 848
613 972 890
993 688 738
37 187 776
362 256 19
787 402 746
575 157 977
766 897 890
582 525 733
450 17 209
554 916 146
52 33 631
893 183 119
917 938 672
862 269 76
601 760 721
90 202 469
749 405 228
744 499 750
799 175 673
396 335 232
570 912 915
595 213 117
17 353 279
695 533 491
117 777 679
442 841 561
588 988 952
354 537 443
286 751 703
781 40 141
34 355 758
653 913 551
125 899 819
123 164 757
416 521 906
858 55 407
548 58 342
970 665 957
961 616 107
109 537 624
706 599 157
701 22 877
943 560 126
981 587 71
88 557 755
2 968 861
907 57 455
404 584 176
483 207 594
125 266 488
249 468 812
708 76 530
176 754 218
975 928 210
475 753 538
569 129 680
20 105 350
479 781 635
376 675 688
833 363 659
928 914 934
576 481 891
998 144 690
342 159 883
451 910 859
190 139 47
751 750 64
177 170 617
679 507 84
604 145 438
369 161 151
26 843 751
139 105 322
449 884 571
388 225 601
223 894 884
59 427 971
285 403 538
678 676 983
958 634 741
114 807 262
718 342 416
761 870 621
104 586 611
930 659 392
599 869 320
192 214 984
508 890 46
396 290 845
817 165 944
164 425 153
567 990 685
718 338 201
771 722 589
709 195 482
985 996 775
634 982 741
848 995 558
907 757 806
304 194 351
473 345 317
542 884 343
306 77 819
564 937 399
716 913 165
82 508 488
464 676 4
335 129 848
133 410 705
185 76 376
354 71 42
788 553 349
900 458 863
586 958 375
389 966 372
366 516 696
802 673 820
300 379 182
865 919 724
123 168 453
271 708 108
968 701 244
302 963 408
199 272 170
453 217 408
360 644 303
190 994 530
745 86 352
368 462 942
265 20 819
202 373 246
919 501 550
947 97 409
902 151 960
864 543 822
101 686 241
18 474 706
23 286 837
763 454 693
642 293 207
86 207 26
930 89 645
657 260 881
791 937 301
51 145 158
380 523 680
34 329 710
196 383 723
582 10 122
791 587 562
257 347 813
148 310 113
788 63 505
735 981 494
549 937 790
806 393 655
518 136 169
103 276 979
834 121 972
469 349 227
84 636 72
114 556 957
54 200 672
728 604 397
660 892 28
390 984 114
492 356 258
26 970 179
904 671 38
61 506 954
157 486 800
772 295 206
123 386 202
601 549 696
776 901 653
503 340 181
905 337 640
28 147 566
648 96 652
373 782 147
218 576 128
211 62 188
859 546 964
498 551 63
209 702 566
939 490 16
409 973 445
665 137 401
956 617 508
80 128 392
287 500 252
385 713 920
300 778 927
839 905 238
733 582 316
888 156 761
287 573 286
740 943 756
169 299 347
764 112 247
374 5 91
143 146 75
969 461 275
526 961 814
710 84 899
630 987 917
475 911 209
340 381 592
218 429 17
992 168 48
830 1 73
931 9 751
485 403 782
559 348 815
854 396 448
58 144 888
469 647 460
875 153 813
565 528 753
766 837 206
568 185 199
38 170 836
815 446 953
917 11 925
283 450 677
553 731 22
483 612 56
705 14 282
392 125 26
160 863 772
577 734 505
811 456 393
567 764 370
863 905 805
906 212 484
370 993 766
388 316 224
721 879 565
822 376 844
387 512 985
299 935 11
995 998 408
190 507 529
615 84 423
349 854 593
104 735 405
808 460 282
339 643 36
629 588 735
10 688 276
801 445 583
624 259 428
272 128 892
559 876 352
961 825 977
453 834 482
445 802 590
855 496 390
600 989 203
564 1 881
141 356 121
605 162 842
835 225 669
631 220 786
696 261 393
220 865 125
502 53 422
174 571 464
387 698 748
426 575 169
455 307 13
882 319 293
228 61 366
604 288 270
977 238 249
819 68 912
253 74 128
211 957 813
882 123 447
274 851 163
41 265 576
735 576 798
26 667 463
635 149 103
551 940 815
41 359 626
467 480 736
737 157 635
204 16 234
612 3 651
832 499 50
74 489 396
623 597 529
563 258 200
395 62 208
382 120 217
143 781 875
465 988 98
740 897 314
282 170 12
989 634 930
911 314 451
28 332 842
558 683 925
414 770 746
618 514 721
914 755 998
651 114 602
926 587 225
928 581 655
546 442 917
447 810 802
846 729 25
474 849 393
739 873 190
797 725 516
360 214 204
8 301 193
113 252 458
679 363 218
311 868 47
752 357 224
857 864 809
791 39 340
932 671 795
677 954 229
171 260 633
924 586 957
546 456 378
469 904 79
477 651 992
267 604 767
384 407 821
630 555 855
851 830 755
216 435 696
554 363 586
714 612 538
130 149 652
166 133 458
107 757 927
751 12 872
719 297 107
28 730 220
339 43 566
587 734 401
451 807 510
71 785 483
649 1 267
308 140 725
778 482 298
937 854 891
347 663 576
795 875 116
978 959 373
483 681 768
196 713 325
361 897 805
410 673 991
584 740 122
276 534 878
176 182 645
274 261 8
445 289 203
65 138 273
372 875 127
74 811 518
639 656 278
265 164 28
512 836 829
660 442 118
535 371 998
832 185 818
916 835 719
264 840 513
836 736 73
439 798 236
756 297 529
262 177 38
954 695 313
416 138 282
812 771 903
801 671 492
310 351 89
76 812 399
296 84 537
956 55 446
827 283 389
654 650 133
226 700 539
170 528 617
914 713 914
224 602 348
787 868 579
935 60 300
399 859 588
935 474 613
395 643 212
458 864 241
380 356 151
177 769 831
439 397 713
467 118 837
78 572 482
444 217 394
70 894 327
685 985 801
91 297 231
721 599 837
588 340 962
686 314 722
868 935 949
206 675 733
192 872 518
666 782 807
952 873 979
72 621 465
816 373 200
835 782 105
133 350 802
553 651 727
599 649 453
463 93 907
745 314 354
866 929 716
501 81 825
218 927 164
93 187 739
243 466 997
47 779 702
807 743 62
718 88 25
980 753 604
795 49 331
353 72 383
476 544 433
899 38 84
4 225 718
464 583 907
905 776 52
207 229 440
131 212 660
777 436 840
835 106 905
961 899 133
491 764 130
464 755 385
876 372 765
360 613 917
584 931 459
117 471 414
374 842 616
450 919 333
460 695 553
964 116 779
229 441 282
992 631 757
942 14 80
576 691 49
214 440 979
158 203 120
309 774 790
570 696 15
407 714 934
9 104 958
190 153 187
580 342 196
389 153 341
662 264 948
567 24 724
18 836 625
109 117 774
617 780 992
501 661 27
721 663 473
398 963 133
681 243 473
431 388 880
213 102 808
416 617 933
898 678 287
413 232 679
412 931 612
374 298 778
626 217 580
927 42 985
789 145 299
987 220 313
384 177 538
384 244 177
293 953 867
176 635 748
153 409 284
180 677 784
202 145 96
314 926 848
318 865 1
190 357 372
275 334 605
896 775 812
864 585 660
99 497 358
960 448 35
647 533 242
769 187 788
836 955 817
375 810 65
662 745 809
881 48 191
241 679 972
506 56 74
974 643 240
578 128 683
892 296 996
881 764 157
919 943 218
325 227 63
229 620 47
26 980 946
495 463 778
897 262 765
81 730 378
200 201 351
392 706 48
100 190 766
19 168 813
772 689 627
371 947 566
428 797 761
122 477 114
946 409 321
447 904 9
150 173 547
619 617 353
931 240 743
517 253 320
941 269 439
30 988 19
821 466 85
657 878 185
831 735 698
223 682 139
208 921 365
879 372 564
78 844 923
460 915 245
449 415 206
205 184 651
978 803 44
992 815 982
233 738 704
798 524 291
632 935 208
243 55 36
816 885 574
993 795 872
23 753 694
98 484 676
71 629 489
677 325 574
12 336 69
614 852 848
618 619 268
548 372 340
444 760 890
785 862 620
573 18 808
138 830 48
478 53 549
61 831 627
346 75 709
738 11 884
465 743 499
529 497 179
267 462 910
885 302 860
848 449 151
700 673 463
751 739 102
688 583 808
429 90 114
926 660 65
644 640 456
695 700 902
503 680 391
558 985 746
142 684 318
697 261 893
842 715 745
823 54 199
810 931 16
40 872 561
214 392 166
817 873 255
523 602 210
884 683 50
947 102 207
413 497 696
486 0 946
441 734 894
950 373 453
760 826 257
442 866 250
422 679 621
260 68 868
838 94 210
64 527 69
209 727 7
433 841 701
377 368 282
592 283 167
308 778 797
455 405 128
931 169 108
72 720 104
400 136 543
850 262 393
292 897 853
776 907 800
206 646 775
413 294 966
824 11 546
734 789 255
797 279 209
701 919 949
660 805 14
518 460 354
210 405 88
381 414 697
863 940 881
167 22 35
83 815 805
761 62 205
241 718 755
123 178 610
506 457 976
320 960 465
794 323 144
356 457 781
222 288 880
161 928 824
984 477 617
644 416 703
421 232 227
202 155 412
100 928 514
393 747 208
673 693 295
248 985 214
468 217 854
636 866 741
819 246 411
701 430 444
225 385 294
674 210 558
270 468 728
340 73 823
252 95 583
855 262 802
836 236 692
384 11 873
506 438 361
496 840 106
988 463 176
782 389 544
660 760 560
29 862 519
948 847 441
256 144 293
847 252 878
417 728 688
303 524 106
207 427 653
329 154 737
102 928 264
814 796 677
138 54 847
794 36 637
938 449 602
566 557 816
973 622 406
424 874 102
63 485 830
664 909 822
125 563 578
487 146 159
843 828 137
231 919 591
306 372 210
497 963 835
536 939 708
496 249 397
790 249 174
66 870 626
540 512 659
384 178 907
546 575 474
35 114 996
777 77 153
874 484 350
186 641 65
339 863 128
810 444 368
654 897 115
939 256 738
190 549 967
643 447 0
390 857 801
358 50 994
588 826 805
50 792 967
689 32 556
689 39 992
345 33 101
587 724 316
940 107 653
209 833 813
553 696 299
946 227 673
362 931 418
385 764 304
156 412 500
833 716 940
579 249 889
626 651 486
70 596 997
267 457 240
647 741 277
230 195 701
604 237 551
33 636 745
131 158 803
41 306 892
366 348 42
121 963 312
913 651 785
426 607 185
8 616 347
256 3 144
754 851 323
381 65 137
61 112 238
697 802 680
792 976 576
232 768 497
358 225 871
467 257 711
775 108 487
909 201 70
676 346 882
420 629 945
777 682 94
605 686 128
331 1 136
404 910 397
787 224 651
445 163 575
969 60 855
978 48 218
285 241 824
723 11 66
33 682 77
813 149 983
232 83 11
472 848 337
920 858 252
586 9 36
581 411 414
78 518 583
367 988 451
25 570 482
130 961 966
424 637 30
751 73 798
365 18 246
439 404 625
754 473 244
498 260 924
803 142 74
965 485 200
358 375 940
203 39 227
392 382 398
85 999 945
355 70 32
334 795 382
306 924 319
145 611 698
210 422 211
415 489 679
797 946 943
416 952 713
755 554 775
965 400 787
111 807 95
94 158 446
657 566 466
727 63 854
19 249 60
933 860 930
616 166 153
499 965 814
678 932 191
794 626 854
713 672 366
131 686 974
39 162 959
818 319 594
224 183 6
692 583 467
86 572 379
89 824 135
638 836 842
668 243 664
922 432 739
835 137 409
666 369 620
623 845 918
807 123 378
644 648 658
250 834 381
561 720 602
564 25 450
589 181 429
451 646 281
567 772 554
207 214 148
93 362 371
594 266 150
676 302 430
671 706 722
276 33 421
261 97 602
859 264 776
215 172 157
837 287 557
179 9 811
131 15 749
219 907 986
779 954 831
232 536 90
506 602 400
946 44 831
752 525 630
93 189 831
972 774 765
60 52 996
649 764 882
595 865 778
385 321 829
446 25 682
566 136 386
720 758 411
581 415 147
631 745 888
752 449 104
695 436 264
208 826 898
312 289 868
232 479 259
313 51 302
14 773 928
227 364 519
846 280 972
885 673 516
230 650 588
306 693 473
988 565 180
687 429 661
752 919 326
705 246 854
823 543 128
605 322 872
655 207 250
954 267 558
427 943 180
334 605 47
589 28 242
888 830 789
162 662 975
162 199 278
412 159 581
146 920 996
722 793 709
926 88 173
360 8 212
164 778 833
795 389 170
794 557 502
212 757 646
674 628 369
45 334 10
907 810 67
514 950 713
701 659 819
484 733 2
213 210 237
111 270 170
171 430 117
308 565 193
150 198 824
273 285 137
248 710 404
474 292 407
167 972 217
380 45 48
550 312 744
381 836 447
411 114 579
45 307 292
44 53 970
36 622 975
109 78 146
731 895 238
303 305 941
946 836 884
719 970 691
217 475 521
649 470 605
913 990 966
45 515 383
444 378 381
552 614 209
375 176 32
641 479 870
831 262 982
951 600 292
983 173 871
797 566 307
140 426 806
106 349 583
823 270 178
852 264 329
643 637 582
410 18 805
479 99 628
777 672 595
185 477 770
610 773 739
16 467 728
861 43 528
358 48 276
257 213 360
912 976 725
411 542 442
964 163 614
507 368 372
175 884 421
903 823 747
764 337 461
649 865 559
17 414 556
107 575 113
370 550 70
664 541 587
149 756 132
756 817 600
162 156 617
220 772 364
116 327 98
264 89 377
868 441 202
545 262 219
437 963 102
212 50 994
897 457 199
933 714 797
437 364 403
469 464 984
555 468 540
588 782 583
820 938 977
975 313 639
637 695 729
861 872 330
249 874 280
897 595 962
721 0 139
273 999 413
445 714 535
879 477 319
986 413 523
905 680 354
268 739 121
63 7 447
307 6 208
44 112 542
158 380 455
784 559 408
658 388 93
434 725 356
90 635 27
965 126 238
528 279 322
618 980 3
208 453 155
598 158 846
792 683 703
375 836 490
614 901 126
90 379 28
69 737 975
896 536 633
265 872 544
430 509 492
516 862 392
726 802 32
704 708 707
58 477 632
49 368 274
85 293 773
202 840 509
650 856 842
379 231 836
983 615 563
567 290 434
235 542 261
164 771 412
73 795 260
973 731 692
735 250 90
215 237 37
355 959 998
974 616 46
857 41 353
841 525 695
938 367 670
614 876 451
708 452 724
419 83 543
283 227 568
935 757 596
740 843 158
375 221 786
121 652 670
706 819 718
825 172 113
368 816 41
274 832 381
305 267 40
93 367 856
349 851 146
555 116 388
919 259 803
160 747 506
474 115 73
965 242 669
233 943 902
281 162 392
239 234 478
863 565 740
356 657 897
724 21 907
619 573 60
430 37 23
706 221 259
117 603 151
218 742 926
482 454 329
260 293 857
268 948 882
595 50 506
838 5 851
345 189 239
172 653 909
579 158 93
245 950 940
945 743 25
595 556 549
509 845 429
24 444 374
686 965 976
310 304 924
514 460 173
718 696 140
612 38 65
965 93 344
12 690 916
294 803 99
317 365 792
964 187 977
983 367 352
307 68 576
211 337 152
732 321 313
825 404 361
402 321 281
121 400 720
302 422 117
694 626 429
692 161 896
651 543 180
242 28 849
683 567 388
212 319 995
107 101 305
394 181 846
926 161 839
46 779 681
185 501 871
738 480 302
495 248 609
248 762 316
535 551 245
107 267 247
219 786 439
171 584 946
115 579 280
557 663 976
598 94 559
806 400 823
783 983 714
794 463 890
181 395 262
577 766 591
792 393 477
346 161 558
878 106 886
641 606 472
110 25 649
258 122 1
165 374 358
154 715 521
835 6 88
437 154 309
703 879 359
532 663 628
426 703 12
305 463 396
776 584 305
601 25 344
124 387 918
310 600 483
297 930 64
815 358 742
613 67 935
10 471 277
28 995 997
874 412 387
719 885 534
43 607 48
17 428 359
933 243 707
435 302 285
550 772 64
440 748 560
765 543 462
383 723 760
43 337 599
827 959 914
618 568 471
295 236 48
203 102 745
335 679 824
213 230 242
839 929 960
3 202 760
330 410 940
641 26 37
163 400 280
275 590 786
156 879 590
452 762 875
332 514 710
894 288 736
853 623 997
76 72 824
256 281 721
261 922 313
799 72 767
393 648 36
919 421 924
839 101 846
921 390 243
223 813 784
242 37 509
237 693 702
173 880 282
574 228 805
422 236 702
581 147 435
73 531 542
402 770 806
441 214 102
165 951 329
110 573 518
414 617 191
349 875 511
583 471 886
975 593 969
958 896 403
600 985 249
326 792 476
311 656 296
580 76 206
173 849 51
185 538 844
332 107 473
275 726 414
896 959 365
525 18 586
921 961 570
279 69 539
341 686 626
181 21 602
367 624 468
319 763 158
442 637 659
225 632 587
271 681 348
58 527 69
371 48 373
665 495 531
27 908 615
482 387 9
877 908 538
638 191 438
401 34 115
75 721 836
801 600 600
6 856 243
133 407 901
894 771 429
466 814 251
407 744 279
392 877 396
85 567 257
749 364 712
367 688 919
879 46 779
741 129 907
440 673 393
672 335 203
321 656 479
498 962 429
369 976 838
97 754 799
574 302 403
439 927 689
723 503 148
195 867 123
403 238 779
40 378 278
574 213 320
74 984 156
876 806 18
646 133 757
890 317 477
821 224 404
287 141 90
667 668 456
143 535 711
699 16 36
7 892 133
969 81 182
929 226 324
758 83 838
153 971 888
20 241 855
948 323 58
707 330 631
884 568 925
591 862 277
45 899 246
662 854 590
294 807 58
432 529 895
678 845 657
712 281 393
787 453 287
943 223 10
6 977 215
91 682 217
538 300 78
760 224 233
376 819 661
821 263 301
856 175 742
396 66 234
849 78 109
445 608 563
205 13 568
678 812 887
478 573 940
534 77 826
559 139 137
888 887 505
521 610 187
188 846 991
269 941 511
19 611 57
711 571 69
974 15 227
237 197 711
257 998 982
294 881 108
505 795 315
477 576 209
515 831 48
549 938 604
260 78 941
17 129 641
191 619 905
296 458 484
151 139 434
285 404 99
642 447 947
406 423 136
943 804 877
294 229 227
52 492 829
43 281 66
308 243 242
654 575 915
277 506 413
565 583 287
106 608 666
255 862 146
417 641 406
739 689 885
522 275 267
591 555 653
524 562 529
315 188 271
440 336 887
297 919 818
941 849 731
991 883 332
230 888 57
223 551 720
769 554 392
125 272 682
301 243 950
334 179 28
118 686 874
849 983 301
976 666 264
762 693 951
682 548 443
538 437 600
364 352 781
335 199 208
911 328 9
979 551 660
468 387 937
10 18 63
896 307 27
342 841 902
962 943 530
783 724 834
365 174 699
180 889 412
179 53 927
217 87 417
118 629 72
624 298 18
338 154 695
479 15 483
803 540 337
956 604 907
719 350 207
546 799 250
221 761 574
453 897 34
84 590 808
395 925 541
666 745 258
837 136 534
813 206 259
963 822 712
909 191 459
647 832 986
620 905 191
205 4 21
963 550 48
379 289 394
48 117 410
328 619 505
965 934 351
71 874 459
632 503 684
696 296 666
775 948 495
38 772 863
153 870 596
154 896 716
562 464 617
444 68 417
93 842 236
670 665 815
366 201 47
331 310 267
209 293 426
783 58 73
706 175 855
391 881 546
789 947 611
791 157 292
380 705 689
708 258 931
671 627 770
440 617 215
104 460 447
855 448 215
71 18 271
76 868 259
383 52 735
14 561 531
99 878 864
414 602 747
401 737 926
768 430 560
268 806 474
778 101 725
848 949 755
186 435 818
93 558 802
976 739 728
710 758 887
750 12 713
550 850 683
332 919 746
739 923 991
738 800 219
904 58 561
661 362 863
893 352 684
794 759 667
810 539 748
208 26 386
398 793 208
550 360 267
391 271 806
245 850 549
359 89 502
312 966 299
81 507 606
539 182 146
787 338 410
287 455 442
923 496 960
225 246 702
463 84 719
855 685 692
443 540 526
816 949 80
217 10 156
406 158 9
905 419 471
489 913 27
941 681 959
746 158 517
806 758 939
787 752 359
650 959 135
489 858 434
102 224 881
352 594 594
438 472 729
873 136 662
601 62 566
230 775 124
15 832 79
341 348 331
284 844 117
707 217 438
310 942 247
887 531 624
413 689 855
454 170 201
237 287 176
54 336 909
723 109 866
100 163 234
404 289 984
600 699 236
461 894 15
542 105 393
983 901 232
13 348 173
997 258 557
503 573 266
921 331 814
853 18 360
260 382 525
701 489 504
943 434 140
952 298 117
367 129 141
219 730 67
669 752 690
328 703 369
227 354 417
398 555 678
520 494 293
731 616 480
3 176 165
7 78 388
13 415 113
889 101 205
39 645 740
637 917 983
359 249 457
189 635 507
725 693 33
696 827 804
751 335 64
594 752 308
481 404 307
353 865 692
464 357 751
317 340 435
766 208 925
255 475 535
65 128 692
531 36 271
835 874 70
12 298 513
522 256 806
885 975 246
442 88 247
521 351 599
413 780 27
726 241 70
371 434 385
471 134 371
169 82 988
205 828 212
553 695 612
544 40 304
728 970 664
255 300 688
399 336 921
491 421 705
165 324 901
872 801 319
387 472 475
350 256 694
545 757 514
47 258 519
501 41 435
374 235 137
215 848 79
630 2 577
700 95 683
903 995 79
119 108 79
542 146 555
688 939 230
829 959 915
359 858 841
937 871 861
648 404 670
353 635 421
136 259 80
767 347 884
423 839 346
218 990 835
48 316 562
986 240 230
647 398 926
312 890 490
381 573 334
155 138 803
99 629 513
374 173 414
0 636 777
504 981 644
842 196 627
812 818 159
39 795 135
549 250 345
356 346 48
997 971 638
727 853 773
891 872 841
711 428 291
233 804 873
836 960 226
143 448 463
762 495 349
740 857 901
504 612 253
71 94 366
612 64 657
868 308 512
284 147 706
716 355 199
407 257 680
582 645 134
597 523 48
734 120 210
906 83 755
841 638 5
630 843 71
867 90 353
359 612 935
11 468 953
564 761 347
87 94 742
318 901 303
345 578 195
674 9 757
147 920 927
211 852 773
171 168 536
252 906 13
746 1 147
816 201 342
531 227 245
860 956 936
816 280 634
839 451 367
252 965 706
648 948 56
419 781 270
200 581 227
33 204 63
957 9 143
862 842 558
998 265 379
833 682 101
497 430 457
875 985 275
25 758 958
78 115 593
178 667 904
150 525 69
966 151 261
899 623 374
593 451 693
716 735 143
600 419 686
147 742 503
456 780 673
461 409 875
14 65 660
731 789 985
899 880 427
329 737 821
195 460 573
866 399 339
896 619 132
90 220 265
345 899 389
698 649 7
389 262 762
682 84 12
224 787 991
317 833 698
83 402 267
434 788 946
225 596 153
491 956 409
344 892 102
970 710 959
371 587 491
732 326 804
934 161 363
168 896 325
263 966 548
982 696 189
892 9 813
47 783 369
366 682 889
373 329 651
918 216 412
591 940 28
814 701 142
568 50 737
510 769 402
948 693 5
686 656 825
17 989 752
794 415 275
963 696 196
141 931 852
29 945 465
873 797 630
464 539 486
9 274 637
707 105 984
457 687 266
703 657 134
600 935 342
463 406 995
565 158 893
752 342 229
965 427 420
319 231 442
944 868 909
551 769 783
974 445 398
22 436 838
861 873 421
885 965 496
510 188 284
326 819 189
416 113 668
611 685 449
739 115 469
11 677 904
867 458 11
732 806 336
858 77 588
527 149 770
734 352 529
910 125 915
20 315 433
829 996 3
226 64 165
770 747 990
607 299 959
293 242 935
362 463 36
90 265 498
261 562 683
747 505 293
880 720 819
581 200 135
524 436 713
203 828 804
804 587 559
184 27 872
736 45 580
532 61 556
235 631 767
557 288 967
335 654 799
349 57 835
237 744 593
312 52 87
761 92 670
718 555 569
186 319 950
741 81 389
432 289 922
185 42 854
57 333 697
319 760 740
718 483 0
362 662 493
223 202 332
196 723 149
483 602 408
65 694 521
485 399 184
412 65 452
365 979 679
187 935 781
476 896 601
34 842 174
334 691 296
245 174 865
344 504 708
214 251 382
155 752 934
815 551 722
927 307 750
448 738 247
829 151 780
994 763 924
459 890 676
924 930 292
775 99 770
563 751 860
648 766 751
868 213 122
211 679 299
229 954 26
996 378 661
132 139 26
271 917 229
126 449 372
315 266 672
270 662 72
535 538 316
801 45 579
425 659 582
708 580 166
782 59 878
475 12 49
166 225 666
118 952 652
695 59 818
662 481 400
504 306 623
31 272 697
321 909 559
187 387 914
94 330 485
728 992 891
626 568 565
252 752 997
595 169 853
306 77 55
25 711 63
894 972 168
727 482 319
275 561 718
939 717 93
575 596 764
580 996 515
271 44 32
58 20 694
252 503 34
224 616 671
142 339 773
594 619 652
336 964 914
134 2 338
938 357 625
609 333 53
373 388 24
835 790 826
860 587 614
51 412 438
125 472 922
527 458 414
127 736 324
774 448 52
189 379 982
805 350 633
867 332 917
548 222 994
37 295 618
759 843 449
912 588 994
131 855 633
70 797 389
542 498 784
905 760 967
823 260 122
224 695 303
67 167 149
524 582 409
650 393 39
661 75 543
15 628 395
790 466 108
853 310 334
550 11 152
693 149 596
928 753 643
50 357 456
177 508 140
340 630 955
320 337 357
551 77 977
728 82 31
310 628 951
635 623 892
338 369 339
440 720 652
350 52 724
303 270 694
235 959 819
89 703 597
388 187 455
731 838 45
238 326 754
648 907 54
758 555 500
651 641 119
792 300 19
158 777 603
49 632 765
362 771 578
48 394 776
892 479 481
6 651 490
915 347 663
835 183 624
797 453 515
786 418 117
228 684 317
781 988 705
694 3 794
898 404 918
163 969 498
818 771 260
904 748 169
72 661 877
582 849 653
790 114 338
347 7 374
227 576 348
768 937 662
47 476 553
82 806 177
568 976 372
418 407 90
36 512 993
59 949 645
464 576 600
913 158 107
498 195 953
966 397 12
855 174 582
419 853 878
674 596 231
868 610 411
920 437 425
975 637 812
458 297 824
463 587 412
979 641 50
533 486 139
676 40 133
654 731 426
689 991 871
194 892 356
289 575 838
294 218 190
689 180 917
578 338 180
912 378 902
634 443 895
537 631 165
478 242 440
885 565 849
837 359 887
336 728 7
208 522 214
560 356 747
427 872 675
591 875 478
208 460 364
230 566 386
899 431 962
589 526 950
254 664 714
346 266 47
428 930 199
766 193 937
53 708 743
708 132 985
913 400 26
310 509 757
526 521 154
973 552 502
770 146 174
10 803 228
874 487 962
141 64 954
305 346 398
431 752 411
802 207 124
104 561 292
996 270 723
726 457 578
642 153 812
799 530 811
852 202 886
86 16 960
337 35 986
399 80 513
337 256 898
581 379 148
382 547 607
759 665 341
610 301 969
60 111 568
651 518 981
198 404 437
550 356 189
275 759 974
526 792 659
4 460 665
501 701 518
892 199 738
936 522 871
469 4 698
572 348 118
998 229 509
586 740 356
678 5 204
266 364 774
234 106 749
681 790 863
661 127 392
741 534 141
86 428 708
503 677 501
134 632 201
228 795 186
755 280 53
939 857 345
516 387 345
317 16 443
944 600 643
308 330 751
276 501 692
491 813 862
244 871 41
627 993 283
910 719 831
126 891 331
953 84 274
330 172 210
92 141 315
712 10 92
91 766 253
773 458 694
765 611 306
69 383 142
449 983 14
622 6 972
608 666 181
843 185 441
678 308 699
270 597 574
196 717 942
701 10 478
171 530 896
960 791 962
31 640 309
498 235 692
250 907 183
318 838 220
45 799 659
526 449 585
481 558 925
215 78 544
684 803 985
872 836 512
96 983 719
75 377 311
563 527 494
85 185 699
722 931 885
136 879 467
35 6 339
323 646 87
121 129 666
574 715 514
421 968 610
443 405 177
881 856 429
102 780 168
22 445 47
444 304 410
318 980 932
515 540 765
841 354 427
775 195 704
401 865 249
317 781 843
75 523 38
262 577 163
704 165 815
473 238 276
600 122 94
23 604 22
160 668 74
640 852 919
881 72 84
680 583 525
932 677 821
156 700 904
329 37 224
748 449 490
463 950 345
981 940 570
836 883 197
59 219 57
600 382 422
780 291 776
766 460 599
997 708 622
8 455 421
532 469 777
513 942 711
441 746 205
376 730 823
618 747 132
879 889 630
222 540 488
229 507 372
674 303 226
185 60 318
238 525 621
683 745 317
434 922 293
157 651 366
242 485 120
67 165 651
169 774 497
253 582 26
313 746 178
806 104 572
937 695 22
273 547 809
905 166 282
652 488 695
329 387 396
640 944 20
191 869 816
780 938 476
825 743 606
240 766 614
841 273 663
245 803 520
401 390 819
499 955 328
926 865 75
888 108 231
389 528 606
673 882 887
875 882 416
977 355 648
109 981 492
22 391 298
257 489 730
251 605 425
592 460 361
323 107 187
25 752 752
548 331 259
740 742 257
907 203 153
893 985 760
500 389 55
250 289 40
996 479 967
576 899 327
571 508 83
259 713 893
154 606 762
314 563 485
916 699 80
919 731 413
625 789 252
751 833 962
129 682 138
962 603 354
520 303 829
304 169 274
543 454 94
519 609 87
240 605 240
528 455 154
47 662 704
902 605 136
561 272 966
555 195 341
227 443 131
857 75 587
387 320 527
641 327 868
585 150 913
599 597 509
749 990 681
474 647 129
119 284 533
642 406 395
232 65 982
465 982 798
813 429 51
2 628 475
474 28 864
524 369 347
173 962 682
913 952 192
787 992 409
420 945 655
48 320 728
522 928 147
407 37 913
553 979 484
232 684 221
260 399 740
337 979 136
320 935 910
303 569 741
709 409 453
693 847 532
100 915 612
549 883 857
507 894 833
444 512 377
136 587 757
530 610 260
860 877 870
271 779 978
827 424 822
499 74 990
540 371 476
581 43 140
901 285 908
931 696 120
991 221 631
199 873 503
678 751 871
711 890 217
618 924 127
581 625 654
268 128 841
978 778 726
306 870 313
318 190 255
551 783 359
884 489 269
739 788 138
527 733 846
884 802 804
356 407 81
784 27 13
264 146 832
723 293 277
612 637 582
525 583 156
270 406 147
637 142 542
653 315 319
428 7 387
377 116 953
69 787 283
962 966 584
90 302 470
220 8 175
345 261 144
242 50 687
989 443 550
349 699 586
529 845 969
315 323 276
938 631 343
795 799 918
307 775 648
966 508 967
451 506 139
794 428 60
891 157 198
148 659 852
790 245 131
928 885 428
364 17 446
710 743 908
768 519 133
15 471 331
924 270 543
407 160 58
849 430 510
923 937 946
942 558 61
339 243 217
872 579 886
357 865 611
348 797 467
347 465 22
382 327 763
851 65 436
19 781 168
161 320 491
916 85 4
98 871 166
973 126 562
173 499 474
147 952 24
907 412 585
10 501 123
603 860 426
501 951 89
189 73 884
177 618 462
33 411 68
146 203 502
413 782 68
105 716 43
791 180 584
407 675 963
929 853 181
634 616 899
308 70 608
184 895 408
235 513 452
619 80 691
333 550 169
716 184 258
792 448 764
762 738 653
220 509 459
486 878 428
573 140 715
782 452 213
17 460 262
221 321 452
900 742 159
191 376 929
85 837 957
639 370 259
185 285 607
832 814 768
764 403 900
424 970 192
587 989 132
531 47 480
188 916 444
201 678 803
945 455 111
951 498 895
895 58 163
324 379 831
325 394 53
218 189 912
175 809 428
113 21 535
750 305 558
418 152 185
597 748 509
888 893 85
497 699 552
648 705 574
782 90 567
304 980 585
458 896 321
576 905 152
119 659 808
305 782 708
883 685 720
752 646 581
827 228 590
110 319 215
901 536 58
626 371 622
571 54 808
34 974 433
916 417 412
962 467 901
226 56 277
919 420 143
529 568 345
846 10 194
164 370 559
285 990 843
919 603 751
352 805 778
404 421 365
728 894 925
792 813 460
788 171 240
156 897 515
698 271 870
710 890 383
851 444 526
337 757 799
909 621 731
972 745 358
584 743 108
440 165 216
762 956 134
955 676 496
533 288 600
705 94 497
535 866 622
140 238 952
37 509 117
90 113 511
775 301 469
563 440 22
954 483 630
861 877 872
210 701 151
628 833 800
596 155 643
268 143 635
705 421 306
128 262 243
225 350 338
417 449 767
870 405 772
644 743 485
161 345 777
792 101 275
428 969 495
891 396 155
742 27 190
263 379 963
415 863 337
838 827 121
62 908 703
900 223 38
710 934 398
574 313 624
186 521 430
504 968 553
569 328 833
176 244 129
764 528 989
419 978 648
423 502 151
77 697 761
33 216 396
898 184 965
350 199 551
356 2 917
686 395 690
732 843 768
571 63 568
256 166 263
756 858 782
146 457 791
880 554 366
863 525 427
565 638 650
685 451 200
736 267 976
817 964 407
1 883 558
519 79 984
22 857 528
765 903 587
451 475 336
944 520 41
217 470 691
562 628 362
7 112 14
281 212 265
327 131 451
950 234 492
239 994 23
908 107 834
268 776 40
663 239 977
322 441 421
614 13 974
378 516 872
700 530 480
94 244 124
474 198 938
838 581 228
718 315 819
783 243 631
646 217 769
97 996 475
345 685 280
954 21 38
2 92 357
53 384 392
622 379 846
313 505 402
545 741 236
674 49 556
399 459 610
790 864 996
314 557 402
61 164 897
194 747 638
480 725 475
227 344 626
828 795 209
518 784 840
270 113 607
588 253 3
374 856 956
899 917 133
881 908 458
641 708 714
280 714 862
661 829 148
479 421 694
444 443 589
553 656 77
138 918 735
317 861 902
139 461 142
80 362 304
319 622 108
194 947 306
892 317 380
946 685 479
844 515 728
204 825 97
249 231 383
413 613 663
858 875 148
400 949 743
836 301 833
578 299 3
172 732 516
188 944 523
148 566 374
113 367 79
271 339 365
444 293 868
962 606 332
674 554 662
946 101 932
347 797 800
883 96 106
116 468 801
49 98 607
439 691 985
761 825 255
848 189 184
725 278 757
434 754 838
4 397 330
388 70 134
829 919 95
12 8 627
772 830 7
627 828 726
500 52 805
656 335 910
941 966 170
20 614 561
238 547 988
466 403 193
147 618 399
732 140 259
331 401 226
90 286 479
141 522 940
83 220 812
760 762 298
967 565 776
57 513 740
415 197 127
343 350 263
402 782 23
7 742 731
719 463 153
942 814 952
858 40 484
744 97 408
940 828 728
353 564 771
521 983 438
213 21 360
515 586 145
790 444 0
508 525 525
815 853 786
860 596 56
724 607 32
26 210 355
382 350 963
382 568 855
857 524 313
757 728 765
701 40 924
424 559 879
528 619 177
907 911 43
386 771 966
70 834 541
121 222 638
896 615 638
294 187 584
133 687 768
680 638 989
301 260 573
84 115 352
799 760 275
872 700 677
905 146 73
86 605 31
346 924 527
235 449 130
154 666 138
449 260 589
39 950 894
43 795 485
619 758 765
641 874 216
927 716 925
558 650 698
325 831 486
60 293 74
955 566 318
26 784 663
623 422 211
228 313 817
375 121 591
835 838 455
882 828 270
165 260 84
472 504 43
566 425 901
634 74 8
828 864 797
769 554 966
430 428 724
527 365 162
623 76 831
671 655 126
251 20 227
377 264 189
768 794 226
462 689 494
72 861 743
687 729 805
357 642 134
735 66 68
211 570 491
495 614 283
428 751 943
594 351 263
720 275 450
518 236 108
516 778 652
576 636 223
712 223 958
712 29 920
917 495 198
95 594 36
713 948 177
678 906 546
103 253 571
774 111 358
840 335 792
308 903 215
410 108 629
886 637 182
27 842 511
730 201 87
394 260 557
798 509 898
902 503 819
452 707 564
454 590 530
359 976 807
525 686 967
258 584 825
37 808 555
819 678 660
640 24 387
898 466 49
130 212 539
48 779 964
400 92 607
191 158 755
230 620 465
214 526 172
464 604 389
762 362 241
594 677 208
308 770 297
293 434 927
907 318 362
349 891 648
958 621 287
823 602 924
120 440 544
373 839 144
877 613 372
164 479 408
925 645 104
514 712 928
871 853 289
437 394 254
519 433 243
445 910 52
920 683 342
414 463 68
277 217 485
501 910 649
100 163 43
666 185 163
718 721 932
909 913 111
89 503 693
533 930 816
618 614 29
291 26 16
308 398 402
452 585 483
419 343 118
606 798 5
360 749 232
794 516 431
111 466 384
838 102 205
301 949 830
144 240 342
283 626 630
571 666 597
477 554 461
823 959 685
982 931 558
703 400 270
455 577 111
213 662 698
651 49 362
566 471 466
57 67 262
600 621 493
298 786 382
254 305 9
33 560 341
453 684 649
720 752 636
158 951 752
600 690 417
243 346 317
507 707 141
540 244 65
140 87 498
118 124 66
190 228 928
408 432 974
722 195 947
102 995 644
767 680 295
478 527 552
725 85 915
597 792 696
358 275 319
269 139 731
223 964 11
963 822 502
404 752 767
684 594 634
247 299 558
908 852 180
143 505 883
320 95 603
471 1 358
564 933 953
397 396 606
143 248 448
537 53 696
570 541 682
182 70 27
860 398 633
76 178 596
608 133 64
73 693 906
290 276 521
874 27 805
854 908 127
208 904 672
828 523 605
710 941 215
402 234 494
330 492 887
650 978 879
70 484 375
400 838 688
117 904 813
312 69 701
979 306 626
395 397 605
898 646 481
682 398 301
563 220 234
237 740 674
557 78 783
919 774 233
636 544 902
275 877 890
687 943 334
92 957 344
960 840 609
299 971 62
656 947 935
724 203 203
243 22 694
483 192 88
195 112 311
857 14 827
754 881 988
729 476 697
350 236 464
122 631 115
642 501 773
343 793 735
422 429 198
571 985 271
657 757 638
364 89 225
509 336 436
666 847 537
361 632 908
55 459 368
640 697 888
247 627 172
993 895 985
384 738 535
943 297 365
309 845 720
84 943 556
654 891 889
296 440 598
748 831 464
923 549 409
8 167 937
511 366 265
254 374 753
847 331 849
964 77 744
466 493 802
556 859 475
438 771 930
417 541 942
445 3 417
817 513 159
774 750 714
807 552 271
850 827 534
997 781 94
79 630 526
374 275 770
943 513 549
704 859 147
7 803 71
543 941 921
105 342 183
801 330 471
490 68 475
313 4 186
595 702 853
767 296 755
540 556 941
847 714 807
629 173 87
438 540 683
550 95 273
711 589 366
590 945 471
272 475 327
63 524 58
205 961 483
35 828 183
150 629 587
759 728 807
680 424 421
938 20 296
457 740 904
181 479 356
279 503 865
624 266 261
99 255 152
210 610 94
950 656 14
667 354 551
788 17 12
519 179 688
130 911 220
16 889 11
131 600 795
712 161 23
614 341 212
661 85 360
97 752 68
303 552 805
413 20 525
544 409 868
250 245 421
876 940 283
791 555 694
332 56 483
56 42 600
710 517 294
509 202 209
991 725 193
371 319 321
482 960 777
818 886 398
80 215 379
554 559 590
83 5 840
778 363 374
820 182 330
293 633 687
842 879 403
906 123 308
834 158 725
784 656 215
115 141 347
728 153 90
681 819 247
480 665 646
399 97 900
130 281 937
840 88 893
604 74 893
308 144 54
121 914 558
335 629 8
590 835 336
807 924 363
56 487 604
750 337 579
262 405 355
652 965 458
417 83 251
728 598 50
682 525 241
430 832 782
798 712 325
457 772 761
512 421 411
331 726 432
998 820 687
123 33 472
58 472 983
753 453 714
230 142 98
708 90 451
905 247 377
999 200 431
375 6 779
36 611 621
416 628 751
977 693 799
288 198 857
774 893 285
544 174 28
94 118 249
714 734 525
665 833 772
236 790 782
157 904 237
951 869 120
740 742 353
371 100 825
794 823 571
847 311 625
321 821 441
663 264 812
433 722 602
624 495 974
828 219 285
131 154 338
404 455 263
788 862 357
596 9 837
635 769 339
647 27 713
886 4 176
927 345 976
227 41 445
318 845 716
387 361 54
981 104 533
392 516 656
799 606 764
854 653 436
257 24 789
121 891 968
849 472 76
99 855 238
467 615 21
375 500 807
83 231 436
585 449 159
500 705 763
154 330 612
415 977 30
824 772 456
421 920 664
91 468 196
588 886 825
895 827 76
792 599 935
614 394 300
418 656 111
375 625 207
705 169 578
868 102 852
470 392 799
26 357 969
320 345 466
963 377 559
137 482 588
81 665 906
378 798 805
235 92 325
436 156 58
718 281 330
806 902 648
286 693 188
524 784 471
73 10 719
897 472 60
659 920 75
504 744 708
746 327 347
986 305 283
482 950 557
71 610 776
72 361 543
921 697 559
760 656 980
355 511 944
168 837 803
724 486 625
644 773 514
331 981 672
456 454 854
726 106 868
31 521 949
5 776 701
928 943 718
604 354 270
836 717 215
82 761 695
982 797 345
69 653 624
404 452 148
385 249 383
91 825 517
566 544 568
293 157 856
425 796 618
151 610 406
233 162 470
873 102 441
149 947 298
323 201 168
182 357 879
219 780 999
354 388 712
387 23 149
398 718 145
793 670 966
629 61 673
122 849 422
358 840 811
522 458 941
260 641 441
174 727 482
464 287 163
296 365 723
800 51 729
305 67 732
943 369 367
765 650 831
445 911 589
882 940 236
406 26 434
5 404 99
763 11 178
36 316 893
81 10 759
634 51 15
387 734 982
978 644 240
702 312 173
771 241 878
438 718 852
276 320 716
786 721 949
138 791 855
624 879 532
938 825 968
46 703 885
532 743 608
312 948 942
981 344 249
113 941 492
110 990 464
443 212 712
122 569 363
850 510 181
856 792 776
643 294 117
655 269 18
561 676 362
205 582 321
857 953 315
633 713 675
467 9 156
840 224 85
38 324 7
122 36 484
199 712 258
485 231 722
849 483 28
607 988 88
913 939 305
356 293 992
22 606 686
606 445 840
715 463 755
436 977 476
208 270 805
118 794 127
662 488 258
851 658 120
772 369 521
317 16 597
811 83 219
927 657 539
580 212 875
907 939 794
633 375 443
213 6 259
180 528 97
855 949 489
189 472 296
517 708 474
695 800 849
446 241 132
502 48 496
999 219 945
618 438 309
82 85 580
751 994 265
619 574 663
517 258 296
732 724 848
98 773 716
694 781 122
826 494 688
552 76 259
41 391 909
342 783 10
238 705 695
525 119 165
272 410 202
805 617 559
300 553 365
298 61 590
182 155 576
970 762 489
462 381 815
58 421 560
625 305 180
911 595 549
581 208 57
247 742 463
418 119 316
31 553 715
348 832 50
510 102 681
77 895 398
450 0 440
326 535 796
49 170 429
82 990 618
792 934 857
397 269 21
661 37 577
944 376 991
624 229 574
954 485 892
326 448 65
370 739 387
981 876 497
497 73 788
89 939 198
692 668 469
39 238 456
333 780 937
656 460 367
999 238 830
625 11 398
258 611 747
748 400 52
714 833 934
307 496 748
144 982 823
305 381 845
41 277 368
200 214 690
308 166 544
770 579 349
319 440 280
95 451 341
330 492 197
344 494 312
628 970 605
419 446 720
286 976 580
633 981 987
147 665 779
994 755 801
668 979 343
65 906 956
164 732 751
92 900 959
2 690 517
597 975 383
33 293 689
867 37 970
894 633 660
925 155 100
370 805 134
552 521 453
709 307 457
758 214 850
612 925 319
601 376 936
288 6 970
460 533 362
792 823 367
372 389 96
887 938 278
740 833 326
549 499 83
40 195 643
229 972 739
694 238 602
763 894 544
185 744 432
36 23 448
685 519 834
26 198 587
778 368 786
163 507 693
914 577 417
0 352 137
432 829 748
845 881 282
566 257 450
101 130 567
333 594 213
272 215 227
991 568 425
994 575 511
676 540 370
575 456 765
63 680 150
719 418 371
897 977 899
9 522 381
902 550 100
35 868 673
868 763 40
168 39 54
214 562 944
342 384 257
116 703 606
963 938 828
996 929 155
545 283 76
346 620 618
305 194 834
658 709 215
79 273 495
258 122 966
329 693 988
962 761 695
338 649 145
907 873 461
86 835 328
771 916 730
607 981 280
600 709 625
688 926 467
571 624 854
623 19 303
728 659 622
700 34 412
721 324 2
452 239 756
125 93 880
0 333 256
599 524 70
132 589 396
485 19 78
583 788 882
222 473 743
296 347 987
118 999 739
889 482 859
883 590 44
345 237 415
611 259 520
25 316 997
586 689 450
807 180 285
873 710 955
676 244 807
371 561 29
964 815 78
223 759 800
346 345 366
997 685 858
753 199 207
390 96 828
864 687 981
777 55 566
627 585 584
833 258 798
616 554 879
861 343 732
652 698 735
203 457 875
689 798 238
228 121 639
932 427 930
677 465 390
223 39 807
990 152 735
108 916 666
586 970 468
71 772 339
304 467 350
773 783 368
448 597 761
234 466 669
731 664 884
700 959 380
139 592 789
42 636 814
459 136 266
603 297 878
643 598 451
709 341 946
765 855 169
142 808 771
533 579 241
308 804 29
941 970 512
612 125 16
399 512 989
306 994 774
37 395 239
85 110 843
570 917 640
852 777 544
253 193 17
400 232 180
497 44 439
434 903 476
619 39 750
156 401 942
931 583 932
221 545 707
419 771 463
981 596 425
576 596 205
630 434 54
279 699 88
315 25 54
687 390 696
264 564 388
892 88 328
956 28 805
66 228 861
119 876 7
410 981 947
559 215 139
325 926 133
897 476 622
360 70 567
855 103 541
324 871 773
518 730 746
632 421 957
681 242 176
1 338 97
244 852 346
986 813 946
528 380 277
905 228 723
486 793 925
997 283 395
717 770 480
822 141 523
929 195 3
788 403 712
312 95 843
392 425 179
738 631 799
694 849 72
659 759 466
572 491 565
194 466 480
524 553 105
356 501 268
168 907 533
786 430 472
696 394 460
35 465 129
691 758 551
781 466 267
723 118 834
34 845 622
162 666 521
720 170 406
586 993 806
629 736 293
25 770 451
629 242 116
662 805 585
163 414 748
367 393 731
622 361 712
841 624 895
904 728 61
137 976 205
901 164 212
616 909 783
396 159 72
567 34 323
657 150 611
474 256 74
40 392 171
151 144 646
217 420 621
756 507 772
960 116 88
582 792 796
193 349 254
496 43 172
157 792 92
104 900 4
679 525 492
976 62 488
384 170 947
276 762 446
294 162 37
402 477 110
908 817 892
751 157 980
192 25 727
419 611 908
71 375 126
337 597 716
348 895 931
284 898 324
269 645 674
384 958 873
189 871 447
638 149 308
757 828 606
53 458 853
538 923 458
543 190 125
639 606 358
210 715 10
758 715 324
912 396 747
994 510 913
98 709 370
940 708 140
805 833 644
859 316 119
274 254 580
889 938 69
739 164 333
181 313 674
990 522 918
105 329 717
441 266 308
931 757 20
278 504 745
382 729 239
585 974 677
393 647 409
410 588 140
46 551 578
618 781 636
575 498 590
865 817 280
952 201 881
779 151 741
779 737 439
664 598 249
264 625 984
154 849 155
169 358 975
854 9 8
865 313 625
676 359 277
295 559 248
754 420 366
802 465 519
370 752 903
628 725 177
259 897 879
459 842 476
983 324 800
580 689 403
699 100 9
997 201 523
134 559 493
709 253 105
602 859 808
330 797 801
388 90 439
841 38 11
361 426 145
372 585 345
603 671 998
782 292 994
79 196 410
150 413 919
391 544 682
64 175 104
445 536 878
204 826 870
461 208 298
872 491 811
188 94 341
747 113 77
586 288 416
39 125 575
272 682 689
415 640 44
711 842 896
19 966 318
469 231 413
792 512 306
213 286 892
887 283 642
935 465 96
991 313 274
512 592 30
955 24 38
201 449 213
60 610 826
838 32 594
33 92 330
372 473 641
712 739 764
50 271 862
129 974 524
623 931 112
948 309 920
732 768 34
760 253 919
49 383 271
135 52 257
723 183 279
42 701 427
424 622 444
246 650 411
442 882 11
961 740 760
638 827 165
295 673 908
166 532 219
11 597 15
80 974 560
158 848 698
344 150 740
341 18 719
272 155 157
337 522 944
415 168 50
982 71 945
738 868 151
917 715 880
786 133 593
164 242 657
12 953 746
206 546 528
952 572 390
22 366 693
750 322 264
172 255 244
88 284 773
140 872 138
367 727 363
715 730 58
187 297 706
568 68 916
393 920 422
246 394 43
316 788 466
668 207 920
875 748 397
363 826 700
61 187 839
543 971 723
552 806 36
75 16 455
561 701 772
81 648 185
454 189 432
915 352 800
884 779 936
572 51 748
620 50 138
146 114 651
939 220 333
642 791 981
778 187 294
86 625 977
651 270 848
801 470 331
228 965 55
119 460 41
389 199 845
845 155 898
561 189 993
51 774 416
589 113 132
340 195 48
868 527 667
37 492 657
878 791 767
868 945 211
72 411 324
441 921 693
503 264 706
202 312 802
819 150 269
50 873 337
107 294 934
108 473 7
956 442 258
215 609 771
428 212 431
901 758 836
421 405 315
645 792 578
353 748 651
722 163 167
612 924 836
907 785 156
714 118 801
514 686 104
458 619 607
794 99 945
164 192 746
679 276 834
793 212 404
102 484 849
731 440 337
194 213 676
284 989 615
965 393 725
835 529 68
275 597 742
367 896 108
721 665 13
874 510 815
19 73 81
209 110 447
758 963 447
908 214 493
416 4 846
843 594 307
917 760 460
999 501 490
60 979 675
294 705 326
226 565 336
891 210 203
941 742 512
330 262 328
936 645 297
661 499 972
364 477 157
71 306 167
470 790 683
31 660 204
567 874 393
239 762 629
192 999 644
466 876 612
837 332 434
874 968 33
321 365 116
66 966 680
268 35 319
990 760 819
945 382 551
800 412 967
248 230 492
134 791 313
208 467 902
50 69 744
867 861 265
860 936 328
442 617 323
703 502 825
324 266 393
230 838 759
629 372 452
642 952 106
944 175 729
866 27 745
744 64 624
601 262 180
86 435 615
895 445 311
114 118 787
502 525 516
771 236 530
697 547 963
394 470 650
132 791 784
522 407 696
734 962 547
531 255 393
711 224 723
863 777 469
362 117 188
346 356 653
92 430 275
374 562 293
852 271 344
993 153 364
313 691 740
671 116 550
28 129 67
596 35 614
315 673 174
210 547 958
304 967 359
582 496 515
348 926 644
786 701 447
31 626 82
250 481 962
424 25 554
158 183 180
1 717 129
442 907 634
906 637 606
356 163 702
756 650 961
590 60 988
907 976 120
129 558 61
900 785 374
292 98 579
254 383 983
552 643 765
811 256 815
482 993 504
813 79 720
820 566 719
61 777 762
29 6 843
460 699 123
845 952 89
958 902 988
250 644 492
59 83 584
20 262 124
982 59 335
416 220 240
620 7 628
926 15 410
562 881 215
494 21 410
327 590 540
620 486 138
376 458 155
889 329 823
911 93 877
144 846 999
484 645 209
811 614 652
853 240 789
278 215 662
728 38 623
872 712 514
755 237 286
496 4 630
630 594 739
860 693 197
943 877 128
76 838 528
757 270 776
897 710 938
216 467 989
652 886 670
897 471 506
647 52 909
251 497 426
87 865 701
459 897 713
406 719 207
64 149 460
694 164 113
548 55 189
344 623 522
506 296 938
482 439 863
865 23 88
240 624 326
645 129 137
379 76 592
484 900 741
364 444 668
989 65 834
846 472 602
373 516 506
51 410 215
625 990 68
402 415 534
621 388 603
217 937 93
215 800 573
966 72 90
40 819 65
43 283 909
913 586 319
683 798 853
547 708 738
262 766 353
983 92 894
771 591 130
251 373 727
478 582 691
472 867 34
722 948 866
977 621 135
664 562 405
592 551 213
772 640 634
737 943 9
629 687 89
315 693 157
451 985 158
296 956 563
68 328 997
508 970 309
770 590 981
896 424 719
525 631 527
882 95 437
843 486 889
972 651 713
805 608 628
110 118 258
234 631 290
939 670 724
680 653 885
234 184 31
745 567 211
432 236 200
799 35 358
765 306 638
651 382 997
617 133 438
995 378 868
259 718 819
723 741 470
713 423 219
558 170 699
597 120 329
290 627 320
173 830 29
232 744 622
384 909 281
372 641 804
285 29 555
33 963 584
850 720 801
953 787 517
584 612 80
489 308 991
862 931 816
268 373 177
582 465 98
538 742 767
127 949 730
758 226 220
167 435 735
460 706 872
144 196 517
127 691 397
151 538 549
854 447 705
758 859 711
152 153 868
149 374 816
360 263 692
808 620 426
478 749 242
682 497 861
472 47 374
575 729 340
853 781 432
815 81 263
958 642 796
384 142 411
622 431 741
827 504 963
78 453 429
335 523 872
60 358 581
678 157 912
924 380 705
93 598 919
15 548 225
314 522 26
634 387 444
985 69 384
186 920 368
830 501 883
833 174 155
670 557 584
779 387 347
551 865 60
786 77 578
481 304 845
976 804 928
867 286 853
682 993 961
729 650 402
944 721 846
722 364 296
235 671 643
901 458 672
164 830 975
484 970 509
130 358 169
188 240 324
634 596 344
0 243 183
839 885 232
455 897 186
461 990 513
883 385 419
943 493 561
366 734 918
389 418 724
759 139 827
833 630 519
285 491 23
588 882 182
990 716 544
33 522 475
41 440 89
482 88 492
40 521 211
905 536 666
170 91 995
77 940 468
565 192 849
133 13 567
971 898 178
523 76 520
134 205 976
727 145 950
38 395 21
442 341 880
25 341 61
566 522 810
498 742 570
830 759 632
644 516 963
731 58 477
358 475 762
28 979 699
171 594 276
975 588 14
976 284 43
99 234 954
728 524 477
609 794 270
690 795 519
544 135 906
983 329 421
116 220 740
370 269 81
464 376 639
379 703 575
647 893 51
348 365 91
435 356 910
22 763 22
316 448 118
609 112 57
942 988 577
889 13 126
639 400 213
651 800 850
735 311 683
824 889 556
158 690 379
523 139 973
100 567 268
70 308 946
789 698 51
961 237 993
920 756 733
441 285 157
837 742 397
420 400 92
729 741 236
373 345 376
348 207 602
979 990 950
92 119 621
308 438 404
472 884 964
219 374 253
554 114 906
336 101 183
381 299 758
352 217 248
804 418 953
712 190 873
64 84 473
749 497 635
827 506 901
727 171 36
586 816 178
993 434 165
82 30 686
355 745 0
318 270 81
322 257 973
422 224 560
954 726 37
951 510 165
379 824 215
689 134 87
202 299 997
402 364 565
128 289 958
59 288 87
156 429 426
898 394 290
163 277 235
578 483 675
420 918 712
52 471 937
423 519 171
533 270 469
325 567 576
367 201 546
520 906 376
701 463 901
742 29 118
986 655 421
751 694 863
372 451 367
397 264 345
231 693 551
975 101 326
301 799 189
914 391 556
218 852 796
889 105 530
887 925 936
306 967 822
907 574 670
180 700 36
506 525 987
281 534 137
375 796 64
636 587 231
342 908 517
64 249 726
716 879 169
775 892 40
382 181 51
732 775 628
300 747 428
752 615 412
278 804 571
74 664 654
268 209 194
766 264 251
958 298 253
403 291 420
199 449 566
225 220 881
440 46 391
238 484 630
487 362 190
957 241 550
340 432 495
288 35 983
486 672 558
179 590 443
217 804 610
947 174 85
505 837 571
621 25 207
852 168 294
673 886 457
230 487 475
505 831 77
423 304 50
10 193 258
62 106 729
620 371 96
450 749 544
993 729 530
874 62 417
772 411 286
233 841 898
57 682 379
806 936 678
102 744 316
498 708 186
345 54 168
487 137 440
533 29 212
986 561 548
80 557 107
832 269 491
987 107 767
707 352 946
882 852 374
880 787 943
604 106 541
50 193 487
290 299 812
869 323 773
408 536 877
499 705 925
980 915 288
747 128 718
594 665 597
757 643 413
873 145 577
570 126 610
502 310 682
597 987 50
962 569 50
437 895 523
877 116 225
604 157 870
965 194 445
237 80 106
815 551 336
327 558 4
980 487 982
922 673 729
886 211 144
389 858 649
109 897 6
258 207 14
200 891 270
30 114 888
39 798 588
923 717 994
509 421 74
721 182 322
556 336 186
924 552 121
283 521 649
754 886 910
790 705 551
804 275 426
506 42 688
290 18 335
901 423 926
317 912 205
466 287 424
157 679 282
693 13 589
687 866 664
867 609 111
432 116 758
756 306 388
129 683 554
369 184 561
515 552 871
794 948 579
781 754 516
927 882 833
612 61 594
618 65 480
621 338 350
613 861 227
756 446 821
369 449 546
325 52 870
462 918 42
435 422 57
526 748 350
391 462 342
562 390 617
340 73 808
383 19 669
436 59 223
97 977 908
467 757 51
312 215 336
767 709 481
324 210 348
641 778 988
450 46 171
535 189 635
780 354 50
755 32 409
37 963 550
596 302 126
796 829 136
975 26 22
565 695 261
979 562 958
632 604 569
422 163 249
450 414 364
160 66 190
751 748 158
587 804 272
395 5 102
991 78 446
964 791 484
949 455 690
673 469 492
336 320 883
372 772 8
49 632 820
882 952 700
573 8 490
903 341 199
369 379 299
768 879 814
353 850 258
527 901 905
464 153 250
554 135 420
492 958 429
634 387 593
103 911 213
536 9 258
100 784 63
522 548 944
669 883 703
189 760 29
483 272 830
170 405 783
719 416 418
671 993 782
950 978 892
473 198 564
861 307 252
52 324 934
605 780 456
321 426 356
653 519 566
26 793 275
575 349 854
10 338 749
768 962 128
199 796 224
15 511 477
555 499 507
749 535 174
197 569 940
922 859 997
149 421 946
443 475 739
990 811 16
653 369 272
44 122 676
978 301 173
189 261 893
299 785 421
871 994 300
655 568 505
596 38 65
518 971 288
847 717 594
526 108 315
275 556 784
582 487 150
63 615 799
425 633 453
480 451 898
57 949 254
95 30 721
783 121 549
334 955 147
435 122 611
290 821 956
923 911 209
253 519 101
569 395 331
261 499 683
598 484 636
114 626 938
880 715 590
296 637 682
462 918 503
39 192 160
722 164 419
338 93 292
640 478 838
512 969 699
712 150 525
397 902 85
570 510 523
728 657 665
74 755 315
582 332 896
598 63 255
973 983 808
619 660 718
454 818 456
290 649 585
763 14 733
553 731 967
906 266 42
590 802 583
263 95 872
817 671 912
341 130 128
699 108 879
576 689 801
456 227 410
900 432 75
90 709 130
866 646 257
13 469 610
756 779 699
259 680 994
747 882 890
908 300 329
769 657 102
29 679 206
878 379 977
523 253 776
661 808 806
442 612 332
679 544 404
659 676 582
84 706 53
77 237 285
737 943 725
188 500 535
239 798 326
53 907 780
404 351 312
991 20 962
883 60 644
194 409 324
876 280 144
971 165 918
295 768 654
166 470 213
671 387 802
43 932 244
217 320 246
436 379 662
653 412 800
668 45 550
447 465 248
592 599 448
694 939 189
461 672 376
497 168 294
33 578 607
926 655 122
465 815 326
966 880 931
421 731 678
227 121 382
195 823 970
745 288 629
572 222 980
166 227 201
43 914 602
876 453 685
856 252 359
449 868 735
182 90 834
181 293 222
669 674 456
30 883 980
3 485 325
259 503 288
719 866 150
27 873 187
543 847 992
288 489 62
627 928 494
367 300 173
592 347 18
672 914 535
786 77 62
376 782 225
926 252 792
226 521 651
56 477 997
664 460 706
246 262 292
910 373 378
312 933 453
651 707 248
812 989 848
782 575 779
218 450 817
860 210 815
715 322 299
617 302 86
875 994 982
355 596 396
102 362 685
828 594 829
586 641 240
634 718 117
324 676 522
126 323 742
937 80 885
181 741 927
292 238 627
993 328 472
821 294 833
27 857 101
81 710 650
822 922 387
104 325 714
730 260 818
956 213 802
585 586 527
186 87 719
479 975 426
320 484 518
63 730 271
417 349 615
475 395 83
171 804 86
175 246 69
341 354 85
520 670 757
673 840 45
348 471 525
519 108 762
190 696 545
400 274 805
592 932 336
992 841 184
312 213 107
626 835 580
555 968 232
967 51 814
868 677 446
24 211 388
791 869 963
854 508 33
407 463 8
416 876 25
432 352 120
727 747 394
691 441 47
566 535 143
426 718 206
691 126 70
909 789 768
593 268 365
791 556 375
629 189 13
700 548 364
743 526 715
961 485 16
641 267 582
224 615 316
789 270 76
926 403 148
548 580 455
703 340 263
886 89 373
849 688 571
121 342 71
754 885 581
450 340 576
833 316 597
918 175 90
269 805 755
12 745 816
420 833 517
374 785 379
42 560 39
461 582 493
992 613 823
637 332 615
594 67 614
633 178 194
42 538 303
899 406 205
757 660 899
913 186 660
52 820 278
842 328 426
107 520 262
199 347 887
921 399 254
513 465 685
253 153 162
969 174 843
57 667 535
972 907 620
634 441 867
823 660 66
331 726 218
137 166 987
119 991 934
245 392 684
769 35 563
556 2 732
25 972 695
975 645 42
483 485 532
404 371 530
983 529 412
477 790 543
265 502 585
792 830 532
145 993 398
645 251 27
277 421 656
809 220 735
501 42 149
279 451 74
227 557 620
868 666 226
457 878 871
39 643 848
220 384 126
199 747 560
554 769 168
752 239 710
561 12 453
185 825 423
233 388 323
51 113 963
580 761 151
552 300 968
345 828 426
881 327 693
485 17 154
370 532 600
916 495 583
159 161 46
920 967 527
125 811 399
831 840 278
36 19 473
677 949 322
717 222 74
672 741 692
368 746 345
220 188 878
952 555 566
639 47 695
177 123 560
544 705 468
853 196 752
743 335 17
482 416 859
33 483 718
635 393 922
685 692 422
256 29 6
15 778 559
679 960 508
284 595 920
215 235 307
666 447 464
115 459 79
455 119 270
540 26 576
785 449 645
380 116 953
447 781 860
950 853 289
97 602 127
77 764 471
430 730 844
330 65 757
839 51 880
280 433 449
121 416 781
684 685 844
198 977 360
106 419 446
376 369 825
903 97 532
618 811 521
675 705 20
173 84 953
189 983 963
678 512 171
601 409 570
724 91 873
935 994 219
559 537 741
392 190 74
552 743 263
941 119 718
936 507 138
698 954 124
262 331 521
604 556 243
545 231 446
933 549 273
698 891 477
986 277 64
405 228 503
128 651 226
760 714 65
979 929 993
627 736 396
987 55 877
865 463 697
339 393 542
769 457 100
126 353 806
195 835 961
722 997 739
251 186 172
826 173 86
737 793 3
268 515 189
535 13 874
881 212 578
869 546 852
83 258 926
743 703 465
864 103 304
202 126 422
410 828 609
717 167 292
455 946 157
24 26 896
227 333 166
359 903 532
335 528 130
468 230 28
866 656 316
140 527 221
995 810 612
226 763 771
646 404 433
244 758 533
113 588 885
455 884 553
392 830 64
810 821 480
690 127 906
640 9 966
675 944 924
492 337 143
912 305 902
675 477 758
770 650 80
302 798 39
477 136 702
699 21 796
754 190 140
759 889 282
409 761 791
424 731 249
772 233 803
174 604 680
647 971 282
567 553 585
517 30 672
209 67 297
456 751 628
359 914 967
516 120 947
865 997 599
279 136 26
329 530 848
170 61 844
54 846 163
448 198 339
298 160 515
287 943 183
712 33 741
997 172 689
440 25 49
224 857 207
197 479 659
204 327 522
437 68 623
524 269 554
55 529 773
928 721 610
342 763 462
681 477 825
92 876 23
533 993 813
570 508 365
115 536 984
97 643 891
290 799 631
385 494 693
619 315 162
480 199 444
158 389 156
361 124 708
565 733 363
80 540 902
652 926 858
855 141 663
649 73 557
990 297 608
560 482 938
209 683 863
751 550 813
332 574 751
973 432 230
145 65 667
892 926 40
475 797 688
2 498 373
792 222 585
11 766 509
773 600 213
968 269 213
75 744 440
944 709 482
687 0 676
395 325 602
33 228 117
954 732 71
685 862 212
275 608 731
795 506 106
684 859 107
976 846 753
494 284 167
285 98 63
517 20 154
67 400 92
544 107 913
621 848 240
610 530 804
746 145 164
842 278 279
897 134 941
320 602 359
481 241 747
64 568 75
947 557 687
302 604 440
996 223 665
386 836 5
840 94 290
373 875 661
138 899 533
774 587 698
98 905 86
152 979 937
7 122 565
663 250 466
371 921 5
984 76 992
765 961 157
454 689 165
10 424 737
665 477 661
307 499 815
914 864 194
312 502 951
715 254 754
371 981 103
985 165 725
288 425 426
917 453 466
949 945 231
597 660 694
2 770 604
216 566 995
339 642 986
737 217 795
950 410 276
850 131 307
245 174 725
82 832 783
433 24 390
389 572 233
527 622 411
418 849 581
527 746 684
956 658 704
929 963 172
24 818 490
964 731 71
871 32 639
645 644 588
948 400 92
982 62 666
464 991 732
408 319 966
53 224 257
762 605 747
200 84 122
493 963 512
374 576 996
760 401 425
893 165 196
451 415 186
146 702 762
965 309 812
562 175 586
257 988 942
761 195 927
280 287 699
559 888 973
692 757 692
598 429 180
873 725 571
551 527 656
832 905 827
95 446 802
367 413 528
237 501 636
21 751 781
915 875 561
817 182 510
838 538 108
98 357 802
583 344 19
724 81 546
979 245 393
179 363 274
399 354 307
842 709 21
575 4 816
173 662 906
449 260 788
345 335 638
482 543 398
554 122 240
560 407 625
620 524 795
770 492 39
692 685 902
484 106 731
475 367 392
528 898 544
76 759 284
304 863 433
331 621 996
143 753 384
139 311 211
225 233 155
736 265 560
760 392 521
596 992 59
18 215 838
592 28 751
837 642 335
529 673 758
341 996 980
99 642 993
12 437 845
275 601 156
531 70 23
261 815 716
749 485 857
322 84 419
467 127 310
915 993 534
591 944 95
15 687 987
533 889 488
399 960 680
895 771 635
203 910 545
714 131 918
744 85 691
98 404 221
923 525 520
508 948 421
101 125 467
885 777 942
159 212 795
872 70 575
873 754 241
150 839 470
363 69 133
142 639 950
290 929 897
287 728 541
960 325 210
740 572 322
235 924 22
446 144 824
216 636 807
981 540 330
962 621 535
333 820 930
38 319 99
519 321 600
386 905 750
427 657 121
684 944 695
28 263 146
668 129 53
249 618 220
713 203 848
274 490 288
671 799 248
380 873 336
854 247 237
316 214 201
821 480 539
727 383 26
348 901 11
968 476 764
928 426 83
95 193 686
148 956 835
920 738 924
306 137 211
536 474 955
867 797 432
132 263 689
708 194 659
123 470 701
160 727 568
475 426 549
531 76 84
542 111 747
480 187 474
430 25 856
634 429 451
938 827 164
198 815 305
198 926 223
877 283 109
874 580 411
338 358 610
180 973 429
246 557 463
947 471 716
180 522 216
331 231 197
99 900 829
886 456 741
491 4 121
19 804 826
907 664 904
557 397 517
610 725 948
860 218 801
195 2 108
149 320 427
927 519 681
29 821 325
519 502 621
261 245 552
438 261 270
103 198 368
895 627 827
4 322 428
23 414 439
548 371 131
658 731 368
32 117 656
719 207 282
36 731 676
376 901 814
794 65 864
316 830 832
184 482 527
725 71 480
160 577 582
60 206 3
471 736 954
843 755 34
801 837 470
949 433 986
41 732 212
284 700 448
632 217 202
104 946 997
481 960 880
360 751 604
103 944 415
496 850 151
507 181 164
648 830 170
984 598 312
854 393 355
188 856 210
15 207 806
461 991 829
976 342 389
936 102 513
354 553 747
370 767 811
120 328 946
752 591 359
740 208 253
126 52 656
327 353 293
373 239 658
352 382 197
91 15 854
262 511 143
427 922 941
212 310 753
797 921 24
598 116 525
748 116 337
407 808 906
924 520 957
465 57 266
638 733 960
352 106 343
98 639 475
781 828 692
679 683 650
68 404 802
491 700 980
298 902 610
614 679 801
452 262 366
680 72 514
329 515 655
185 316 749
626 22 603
107 866 23
795 503 358
728 162 484
432 221 342
892 594 422
567 26 491
154 182 684
760 356 192
535 704 133
421 909 715
448 872 968
448 372 295
207 450 967
39 482 387
397 582 822
929 990 784
825 894 882
508 905 503
103 101 44
413 813 477
912 145 709
650 552 916
549 19 900
909 128 462
112 295 90
981 24 268
831 482 253
656 175 851
142 521 856
690 234 717
132 820 772
45 969 959
38 461 12
458 901 191
351 307 336
609 742 493
67 121 741
389 673 543
414 262 111
662 817 932
367 155 100
705 344 63
157 718 68
305 320 693
27 522 911
936 931 360
724 15 276
549 728 596
462 707 263
220 825 10
971 224 570
792 606 275
495 151 596
661 747 320
417 560 247
611 141 570
813 278 712
656 745 506
85 395 520
375 676 562
412 834 601
48 491 767
3 72 649
702 510 424
154 344 313
797 159 582
593 343 379
752 240 45
709 939 38
410 295 979
874 213 274
625 336 358
18 640 938
675 995 690
753 833 764
639 630 676
417 772 82
537 618 317
936 141 902
39 582 365
692 101 70
411 653 513
73 546 877
494 771 604
5 154 360
873 55 867
308 611 234
944 514 952
948 664 851
623 563 609
517 593 547
960 291 586
397 515 779
128 870 450
3 67 603
869 578 75
520 712 882
217 21 265
700 187 301
762 934 292
453 217 640
180 936 706
646 81 922
172 435 910
155 789 222
406 672 43
18 682 254
843 771 399
211 943 113
784 967 678
315 161 255
271 73 829
310 92 572
321 80 937
272 304 221
268 433 587
180 808 567
283 293 37
731 979 748
952 430 667
290 902 641
479 344 327
236 660 633
136 308 184
276 452 134
547 529 930
356 386 14
618 957 413
10 301 853
734 542 307
73 294 601
654 935 462
911 814 110
50 375 426
471 919 658
747 230 708
888 654 486
372 625 962
831 340 469
457 902 433
130 712 312
469 142 619
32 337 359
724 688 94
620 514 236
497 662 962
643 135 511
95 647 129
534 113 376
29 146 409
344 916 964
929 102 79
213 714 900
574 154 300
508 390 68
356 365 463
911 652 132
70 630 404
453 753 643
598 90 814
481 975 907
910 532 128
727 466 509
506 662 402
346 622 604
410 912 722
417 170 466
134 128 774
554 342 209
378 363 14
429 662 940
504 117 212
142 807 525
932 905 630
27 180 660
939 957 81
801 321 398
377 755 586
408 202 736
760 449 497
581 605 825
955 550 432
484 367 321
184 591 932
355 317 276
318 922 929
182 420 213
642 206 806
536 863 564
407 682 893
500 2 581
792 881 628
392 975 457
372 5 366
793 366 575
306 431 796
698 619 703
233 654 669
286 715 0
13 210 710
63 360 411
419 599 87
48 257 913
854 779 176
171 254 724
655 93 973
939 222 159
918 629 758
101 43 51
259 524 746
331 855 640
159 133 488
971 367 544
838 456 545
559 834 507
929 80 209
204 568 760
991 615 576
534 227 436
247 758 140
852 483 764
200 538 484
671 960 843
837 902 817
586 680 913
316 31 963
392 273 237
333 292 864
586 287 493
255 898 539
430 411 360
683 113 705
441 381 95
412 641 374
861 390 102
985 576 815
983 973 671
264 423 503
192 831 136
831 322 591
343 587 666
718 520 542
864 299 996
698 684 956
710 820 870
601 176 461
196 878 680
901 412 717
541 611 94
532 964 642
973 23 813
641 205 452
431 404 470
673 847 698
385 986 679
233 129 837
172 552 427
982 82 740
332 902 455
378 11 428
508 693 133
453 67 882
910 91 698
66 42 66
105 466 612
623 329 256
245 366 372
62 193 13
490 972 200
551 405 608
873 38 460
265 731 555
616 121 949
113 434 96
103 334 296
450 688 125
898 838 740
427 601 410
972 279 94
393 501 275
50 523 327
297 192 835
21 638 690
868 984 208
17 586 45
867 803 131
454 484 921
743 389 306
961 849 344
367 266 721
800 124 921
180 570 559
488 907 520
231 929 172
3 433 315
354 851 776
679 944 821
640 160 667
108 964 706
887 646 873
941 234 912
912 50 452
468 587 867
296 676 41
448 219 702
889 72 826
903 190 166
656 46 789
445 658 851
676 134 811
424 306 839
801 105 402
302 826 497
438 475 295
468 803 264
300 230 448
544 14 271
715 124 35
422 819 530
705 679 241
860 813 825
817 782 815
203 322 384
211 602 896
903 407 22
619 537 658
379 422 674
453 537 22
730 287 738
104 831 168
813 314 553
48 672 442
880 945 265
142 608 647
178 727 40
211 847 714
599 540 241
592 501 93
566 183 583
760 997 99
864 407 779
19 626 777
898 792 895
955 367 535
554 104 857
504 426 927
436 707 689
174 354 899
288 369 970
672 451 15
606 6 695
285 196 449
211 387 507
344 440 706
898 30 274
412 526 895
805 390 528
854 937 341
443 81 618
524 597 475
684 31 740
248 55 104
33 789 381
281 343 379
706 554 237
416 619 177
975 102 767
843 794 875
560 93 52
269 40 356
438 161 40
537 632 9
305 518 872
47 768 911
626 567 28
415 234 835
75 169 59
558 450 243
6 125 679
489 458 276
35 18 647
767 797 956
664 187 386
990 649 673
907 911 695
331 535 527
345 4 390
357 898 536
21 840 945
419 617 924
213 663 771
646 837 362
42 164 369
850 220 782
154 591 534
575 383 723
537 273 933
850 431 222
882 661 185
946 754 489
624 80 360
671 763 50
205 793 225
502 318 527
811 123 505
973 570 794
916 310 744
928 988 5
584 954 834
920 564 79
279 601 555
903 534 60
57 61 214
526 348 294
355 463 462
951 713 214
549 544 857
759 718 669
382 409 283
674 301 249
812 975 415
628 584 651
39 254 611
768 378 190
863 144 144
255 791 204
737 71 904
76 104 263
713 857 304
219 956 621
202 173 900
752 157 990
65 714 757
494 339 486
698 784 653
841 120 856
529 976 37
386 761 511
380 202 891
775 685 30
603 733 146
287 213 427
702 502 397
949 246 877
528 202 948
158 143 531
637 552 682
888 637 953
853 411 532
355 152 201
725 397 322
135 924 24
308 83 566
802 655 872
649 912 319
203 550 817
466 383 881
232 518 299
824 969 979
847 707 499
535 42 415
320 377 930
979 396 993
554 330 866
911 974 594
642 152 108
260 217 302
685 230 665
18 957 353
58 478 406
296 674 199
261 33 375
992 702 974
514 314 883
61 335 655
893 777 93
123 37 663
319 41 366
683 775 543
541 944 648
837 354 857
993 93 98
306 382 146
155 145 692
600 930 563
49 866 84
191 19 155
234 548 607
613 669 475
215 133 304
320 285 89
621 373 724
488 124 481
190 44 174
229 283 472
439 397 893
243 270 141
722 296 950
880 143 855
197 265 401
519 50 971
919 373 410
219 7 403
613 371 162
838 609 837
256 642 217
525 110 145
202 123 821
84 554 307
233 904 697
216 803 978
207 947 486
498 619 486
466 97 248
658 804 665
55 339 955
411 362 3
655 713 914
676 829 559
125 432 739
297 391 852
382 667 405
805 527 226
915 134 114
691 39 952
373 321 200
612 123 917
127 483 241
922 141 565
859 372 591
763 645 68
744 593 201
366 48 774
862 202 108
638 232 619
495 733 546
935 948 400
352 176 220
447 272 190
910 822 152
320 873 945
541 963 266
51 499 37
259 176 748
289 367 708
391 761 293
283 599 142
858 531 519
797 517 557
866 124 13
410 609 753
655 204 365
950 485 734
734 353 690
643 589 817
798 61 979
22 599 898
421 517 637
701 113 941
8 203 534
653 813 985
533 739 249
297 240 219
637 993 722
699 727 187
28 714 393
625 801 517
282 849 461
467 334 131
215 946 324
593 829 12
613 178 539
137 887 12
757 40 689
941 776 522
336 157 618
678 536 641
863 18 465
706 430 312
25 246 605
105 616 213
545 418 619
602 921 755
497 887 112
691 315 379
439 998 356
788 421 700
767 177 205
475 986 955
240 770 442
756 620 342
700 759 733
85 993 550
394 902 678
111 303 724
203 66 569
0 318 409
555 345 225
530 60 263
49 140 995
866 148 582
367 173 617
435 1 493
649 622 591
536 543 768
341 507 833
806 306 294
350 662 993
509 867 135
539 977 856
672 183 96
374 385 361
916 574 722
958 258 466
128 302 12
116 108 278
351 750 378
545 123 403
495 925 880
772 156 713
729 466 944
379 469 932
382 620 811
252 119 910
392 664 122
83 507 337
215 354 385
323 988 674
414 668 877
140 977 516
167 670 100
317 408 527
708 167 776
875 70 998
470 551 28
333 94 807
760 118 143
873 686 514
572 71 5
595 255 44
639 940 105
306 450 465
478 314 742
461 48 251
119 554 536
203 289 195
476 865 680
783 357 770
633 67 331
490 476 430
430 99 445
224 209 799
831 794 440
917 370 403
251 424 552
503 727 907
27 503 366
199 401 315
998 683 290
347 732 747
747 66 986
213 576 823
986 65 114
197 276 786
737 718 826
471 343 103
432 955 147
964 685 292
718 863 464
370 843 869
462 574 146
547 191 796
641 467 189
380 632 722
854 152 803
107 933 498
387 801 111
805 513 486
361 625 145
972 301 197
580 902 131
905 927 836
36 654 103
251 154 629
97 573 17
132 692 560
56 566 779
329 161 847
488 996 260
187 761 263
100 332 730
687 453 425
887 395 211
817 257 929
554 871 355
769 898 897
59 560 5
989 54 488
372 34 398
704 656 989
152 261 729
786 949 721
18 355 393
891 894 266
626 384 335
662 804 410
899 863 905
598 776 318
578 226 661
696 93 2
639 370 144
64 810 289
125 874 936
478 641 957
576 259 997
728 714 975
195 155 519
873 512 598
16 123 134
896 42 461
578 543 520
641 357 294
49 712 763
552 151 469
692 52 311
677 64 140
717 83 941
66 732 526
590 280 212
824 864 772
768 831 144
142 978 530
936 1 664
795 409 59
787 413 159
834 192 85
196 777 65
905 908 602
764 738 251
511 64 993
173 860 811
53 253 674
70 771 841
48 626 759
403 463 863
229 898 760
542 580 860
9 568 270
299 79 312
747 116 665
470 456 999
86 722 195
628 368 518
459 148 160
834 386 120
276 56 788
506 723 646
500 642 869
712 121 15
765 984 59
13 305 213
396 873 287
239 454 537
83 819 376
490 489 588
414 476 500
723 527 443
958 25 974
766 736 328
888 359 906
602 660 704
54 368 267
61 35 970
143 310 728
631 346 414
820 941 822
249 483 269
763 351 492
300 355 638
102 810 895
45 128 721
766 640 132
823 228 203
907 378 31
201 303 317
825 680 627
353 927 565
822 255 276
992 891 37
145 935 560
852 575 523
265 890 42
157 426 441
807 424 412
415 998 177
805 66 911
250 349 643
680 360 851
144 636 766
263 509 799
497 355 826
869 452 579
538 450 873
938 745 944
271 870 618
372 232 41
415 941 858
376 150 276
974 751 41
767 636 876
715 762 365
203 159 529
589 483 994
590 255 643
315 837 382
675 71 36
710 895 974
302 650 457
828 997 244
454 462 471
889 958 724
358 970 487
46 846 129
720 293 93
225 585 915
741 785 695
148 275 28
536 68 768
738 715 593
269 653 142
255 355 688
884 394 831
411 340 273
349 837 263
884 863 423
776 954 942
334 400 722
873 802 802
878 886 686
728 516 878
194 303 325
102 411 42
186 293 362
120 959 501
457 689 261
91 779 220
518 136 721
417 461 133
404 346 979
105 595 77
878 505 236
703 100 298
786 625 445
456 542 984
80 214 665
717 211 380
544 562 852
621 789 629
155 188 480
670 20 584
821 776 603
828 278 25
638 528 558
392 70 215
252 760 920
630 234 202
59 966 391
891 955 690
193 93 216
316 629 287
570 644 16
559 966 795
44 777 131
782 146 735
83 77 717
98 539 642
702 946 139
690 817 382
853 554 698
248 264 52
122 618 637
890 373 822
823 482 533
541 43 875
714 334 543
17 591 748
913 847 903
628 755 28
182 707 528
635 627 753
633 657 280
748 422 239
169 490 132
238 812 316
25 69 554
848 791 227
695 747 1
978 592 935
260 344 670
104 781 62
505 639 353
416 53 278
950 712 359
521 682 787
31 338 397
320 985 807
43 904 433
202 787 413
205 497 291
857 610 282
961 331 82
508 816 411
722 548 622
229 88 972
667 783 329
377 814 632
598 182 456
342 523 145
722 1 661
332 562 323
742 503 798
721 159 342
261 772 403
685 558 769
163 725 516
313 608 107
2 586 317
763 807 217
462 815 461
257 278 478
819 850 157
368 194 137
556 679 512
552 818 0
427 133 693
673 950 499
564 561 961
326 974 800
443 267 441
918 384 962
353 805 611
725 16 559
389 761 164
89 374 514
398 904 690
183 969 878
851 625 366
331 868 897
839 305 881
826 795 179
481 97 256
328 985 731
71 473 773
574 880 684
42 342 63
364 908 690
903 168 762
171 66 472
710 652 300
805 589 570
127 311 283
679 371 178
530 916 713
280 76 730
576 441 360
190 422 976
436 703 168
54 922 775
653 568 254
71 312 364
852 804 108
938 290 966
475 292 122
34 715 273
392 699 612
173 86 974
249 747 155
312 405 709
77 807 766
401 489 661
104 707 318
697 523 376
15 114 970
237 160 505
502 889 980
73 197 835
17 87 853
964 6 36
300 810 675
98 403 464
503 573 716
865 327 614
280 68 611
231 674 593
655 511 884
575 286 273
402 574 146
203 569 380
548 58 641
134 707 278
960 941 581
933 482 380
64 798 358
270 318 994
723 502 0
3 641 488
381 998 204
148 559 243
434 697 535
218 125 656
842 222 865
131 869 277
503 548 132
464 194 642
626 825 826
362 579 30
857 993 284
559 304 771
924 890 36
560 964 413
964 84 804
25 931 355
381 294 609
462 44 620
397 896 241
860 812 847
672 656 978
374 41 176
197 282 267
267 369 559
768 405 112
917 566 18
191 74 165
796 935 0
809 768 539
436 936 325
507 988 651
988 602 395
422 541 362
575 391 664
245 960 199
878 984 945
870 342 116
842 414 245
123 929 210
163 866 57
215 428 757
993 817 985
555 952 639
401 592 364
764 212 508
37 322 264
360 817 690
541 983 631
282 375 889
171 955 99
316 190 528
614 875 192
693 837 802
233 734 129
102 212 309
106 716 110
958 108 311
94 305 681
690 265 377
170 381 332
610 135 466
842 667 779
664 741 488
557 438 61
997 404 104
409 72 936
121 900 106
757 632 106
204 790 452
751 304 699
417 749 135
856 616 724
661 697 669
383 333 270
566 405 398
233 569 905
290 925 717
406 764 519
225 375 980
405 881 189
509 312 342
226 236 40
216 861 609
640 988 780
100 424 155
914 916 134
131 578 273
211 415 385
936 995 542
228 619 138
191 325 508
525 51 744
430 256 123
461 702 298
104 579 912
234 713 511
228 376 882
564 872 389
679 554 610
702 868 87
327 665 88
318 669 210
60 25 9
717 366 921
777 959 691
787 361 632
914 658 536
267 34 874
473 10 85
799 260 877
119 552 870
958 240 210
665 596 928
878 816 587
543 826 884
557 987 91
879 58 807
802 769 232
55 83 544
762 681 298
423 464 36
593 41 182
674 735 36
577 595 306
681 73 445
333 781 882
18 260 342
674 503 980
125 635 783
218 383 574
447 929 69
35 926 145
69 74 261
801 602 75
290 390 956
22 353 974
605 139 597
105 141 63
308 587 603
499 138 725
248 808 80
795 236 149
188 201 460
482 550 731
137 634 108
83 799 89
102 323 636
9 268 880
121 490 869
292 892 892
100 730 194
692 821 360
40 333 779
291 492 967
187 649 168
909 431 811
55 988 655
915 535 335
428 647 483
218 596 987
225 322 44
658 64 732
732 375 658
149 734 962
642 481 368
956 109 539
222 288 254
918 702 767
504 892 248
310 620 173
315 103 523
220 378 138
224 881 801
850 326 968
234 946 881
219 984 716
773 759 668
16 226 344
58 352 242
104 47 466
823 642 179
747 791 83
772 728 188
496 997 592
881 654 938
489 221 975
592 710 725
314 401 819
580 889 38
434 830 203
976 185 967
786 574 723
518 831 145
257 651 469
352 192 916
336 506 615
122 345 339
905 221 960
880 669 280
239 875 581
91 154 203
651 996 976
392 657 654
613 228 331
820 135 855
686 116 850
140 86 121
690 546 209
762 962 792
428 251 295
151 960 330
265 489 229
798 696 631
7 443 751
826 987 721
476 389 253
541 740 195
605 959 577
939 343 946
753 380 300
903 955 159
267 220 368
384 255 903
362 718 336
829 541 956
947 475 131
838 846 72
807 157 78
216 981 68
942 719 986
868 414 796
140 457 107
69 173 108
573 574 68
518 925 682
658 779 607
395 390 600
684 247 549
985 249 453
849 30 92
164 667 188
313 278 408
753 292 483
389 946 338
73 852 62
382 598 401
98 164 937
573 377 728
738 854 912
176 955 260
223 532 469
488 847 770
116 32 880
768 854 94
851 756 231
156 425 421
870 313 530
447 869 376
157 203 732
802 124 805
40 308 344
504 45 277
954 271 314
367 816 168
119 430 91
676 979 223
69 863 350
436 214 466
9 594 557
62 835 177
648 850 36
901 733 920
863 997 745
333 477 620
871 596 240
204 880 672
351 116 642
572 730 731
564 306 520
522 771 294
176 101 627
479 250 948
817 218 972
902 329 807
690 816 603
571 377 27
759 92 573
614 665 305
953 29 944
105 287 82
48 704 493
759 518 41
544 868 211
157 516 680
94 594 57
210 700 631
266 236 70
900 866 310
718 435 503
781 658 546
495 28 299
250 556 765
292 539 733
32 3 891
894 961 160
708 964 858
382 839 208
545 778 603
550 678 132
834 234 874
711 508 544
764 262 455
853 170 2
59 164 975
657 353 463
412 706 925
940 259 898
894 129 632
557 611 821
1 4 1
845 515 98
228 0 23
14 161 353
927 617 612
759 915 449
28 387 81
712 886 672
621 462 492
32 851 266
732 544 429
510 754 53
460 71 473
267 845 799
335 45 618
568 473 769
483 180 175
670 362 35
865 420 4
615 853 349
36 948 93
729 247 718
471 97 16
370 68 600
746 183 363
588 208 747
287 616 229
300 862 736
21 871 708
230 660 815
381 526 768
784 34 956
533 828 584
770 142 660
259 46 208
220 633 22
917 415 211
222 296 697
603 930 587
873 734 855
152 869 809
850 880 286
130 403 115
103 727 476
368 417 799
52 847 714
52 841 247
294 102 233
894 185 554
204 461 273
255 231 851
237 209 613
344 310 429
586 51 341
157 688 190
721 955 924
857 853 353
989 317 87
69 798 753
746 399 707
580 615 243
638 585 269
23 864 616
210 524 548
305 690 165
612 963 162
927 320 209
369 143 842
176 259 789
904 129 602
344 520 223
799 435 57
273 494 946
750 768 538
712 592 958
758 147 597
86 99 359
547 136 265
345 281 919
53 660 647
257 620 773
388 225 971
512 668 184
791 276 158
976 801 309
73 111 226
24 481 892
157 739 848
935 917 222
664 131 245
312 909 565
473 625 324
115 618 386
957 406 268
970 647 561
756 257 964
409 962 944
524 1 163
73 599 804
547 287 64
399 329 570
385 555 355
933 792 931
651 9 82
343 600 536
769 894 804
188 888 622
766 138 227
225 483 350
124 519 230
976 858 971
745 966 171
89 444 810
670 179 496
832 754 688
465 269 303
380 157 738
293 435 949
599 561 184
537 644 784
991 615 361
133 762 113
549 582 864
689 904 466
841 344 874
404 660 354
280 559 969
993 542 372
263 738 781
748 892 822
473 348 265
353 271 852
730 997 258
437 13 154
464 291 663
178 67 865
642 213 390
157 870 319
464 969 555
249 728 281
909 659 181
764 632 26
211 826 456
690 828 612
706 274 320
818 470 215
481 371 205
137 311 34
633 510 767
802 835 258
641 715 900
180 399 240
855 332 600
748 47 943
856 803 97
588 391 467
408 353 602
241 256 268
145 602 157
590 761 367
84 501 950
761 318 250
954 638 811
735 479 909
305 100 381
936 160 226
320 763 19
173 530 960
136 778 147
480 436 644
29 847 87
952 324 455
379 814 117
152 81 149
813 210 347
812 709 46
797 419 115
245 154 562
200 290 916
163 85 277
403 829 66
936 255 10
241 881 404
622 540 542
147 785 138
412 224 456
441 301 817
333 778 500
727 773 349
793 407 738
407 840 675
745 864 812
731 947 783
418 697 287
109 749 504
323 365 370
751 332 711
666 909 712
462 111 964
804 215 666
371 139 780
223 392 710
468 68 590
978 609 294
405 51 94
357 267 198
254 328 261
233 148 534
551 634 669
760 572 916
889 276 537
866 477 969
707 280 55
449 431 179
95 863 275
6 313 522
224 179 135
772 570 747
725 457 591
380 532 374
389 396 920
154 27 402
569 602 137
461 758 382
393 266 954
742 681 782
990 444 381
535 506 412
501 989 290
529 864 449
254 288 541
334 298 181
492 41 916
85 133 624
626 918 350
175 615 255
486 958 913
302 476 646
669 285 923
898 903 563
252 429 507
958 478 221
814 266 359
835 128 594
272 421 222
631 460 684
637 170 306
28 767 425
992 106 961
534 166 58
590 302 729
244 498 405
364 244 222
392 864 355
622 298 798
376 986 756
295 547 979
532 572 500
573 988 429
29 649 35
860 518 817
282 997 75
486 795 881
879 998 841
774 448 902
740 240 810
834 665 458
813 196 30
211 392 652
787 524 418
170 10 373
623 943 597
316 850 648
49 243 223
62 530 443
211 876 923
292 504 185
793 801 489
146 203 622
235 191 16
535 264 372
252 534 46
820 308 395
144 215 502
243 354 831
127 75 305
622 580 247
938 322 813
973 923 221
417 778 778
448 326 812
131 82 707
417 269 835
491 653 821
975 186 56
895 817 881
422 582 559
156 870 709
550 536 888
323 660 833
633 992 20
557 451 761
82 721 549
592 225 431
175 576 909
142 189 722
186 667 593
559 303 135
214 432 831
115 443 770
944 933 475
224 939 739
465 21 387
776 423 549
82 675 327
968 859 571
718 406 94
804 431 466
307 700 774
339 682 838
775 145 756
690 82 245
547 476 248
890 36 208
728 949 543
439 539 31
871 798 631
993 509 163
152 159 135
353 764 184
324 699 941
294 27 427
533 789 480
549 7 988
780 620 276
697 800 60
689 353 523
557 925 733
725 356 322
546 881 913
636 58 718
687 415 237
990 252 186
881 680 584
651 27 475
111 482 69
632 291 650
392 326 990
242 822 345
908 488 893
45 149 624
561 834 184
517 502 371
594 20 288
513 947 763
607 668 192
443 204 656
275 837 363
589 154 449
430 923 295
766 629 255
246 500 537
858 720 434
9 633 414
882 515 261
347 134 443
785 280 276
693 335 641
447 3 706
811 189 467
279 194 41
74 555 556
871 569 179
14 277 546
979 688 784
868 744 675
371 93 460
832 804 773
780 464 573
101 592 830
348 702 306
999 439 633
843 473 380
465 190 807
438 790 108
111 368 948
392 109 147
917 585 409
652 513 85
417 872 381
889 869 197
894 361 504
389 102 524
998 183 101
549 485 822
221 202 524
206 777 178
367 76 535
487 497 99
868 531 698
542 157 885
339 171 240
115 935 314
982 953 953
406 849 668
521 504 637
562 293 459
912 590 554
434 931 312
827 880 176
360 333 195
936 553 488
92 94 162
874 495 797
239 457 996
479 477 343
241 636 69
586 152 966
365 316 226
529 358 47
239 926 264
381 411 488
680 314 483
209 692 573
341 810 254
788 504 13
723 854 705
986 105 238
333 474 642
213 242 846
190 770 272
832 455 923
560 321 202
489 982 854
42 448 506
826 260 368
192 123 376
738 584 86
907 435 947
562 264 147
350 96 689
192 445 273
284 132 349
784 688 61
596 157 954
973 125 613
441 16 503
445 417 183
640 11 586
313 334 929
225 269 228
314 450 679
604 560 440
919 156 72
384 253 72
977 555 483
0 279 519
616 821 768
532 976 73
236 784 191
478 516 590
655 489 70
931 922 912
240 157 865
620 285 415
12 65 958
968 589 510
553 546 176
957 699 582
471 195 448
9 641 766
750 315 850
665 3 433
163 449 163
397 768 104
548 87 804
868 310 855
853 977 526
475 71 686
969 113 284
135 567 655
758 806 926
447 441 317
16 454 979
983 459 911
940 590 570
114 645 883
524 339 870
117 37 36
446 902 407
221 861 274
98 655 441
372 910 348
254 38 481
432 311 58
268 744 547
55 719 514
331 309 514
396 972 389
624 420 649
323 419 231
151 473 343
790 634 988
224 325 737
633 50 952
281 48 759
160 313 968
223 663 861
939 975 504
636 504 237
242 813 899
179 4 746
360 785 836
648 107 454
452 392 467
659 931 172
826 669 693
399 712 609
34 413 462
816 505 525
687 114 324
56 761 290
411 936 77
461 231 124
407 457 253
201 345 779
167 52 850
826 201 481
765 284 476
100 368 256
354 870 536
581 510 697
