1000
5771
107 876 554
577 462 862
546 605 38
915 503 850
363 940 20
387 582 542
491 874 611
807 890 959
980 131 685
886 266 865
194 982 649
495 420 987
232 113 711
104 937 162
791 11 322
658 451 626
481 685 290
443 606 882
353 928 635
362 538 500
706 245 73
646 860 837
37 424 639
557 750 765
92 461 158
548 448 978
936 928 90
53 280 924
196 107 11
407 663 557
908 729 173
831 963 66
718 946 836
345 749 823
683 114 788
599 326 949
708 818 76
282 122 437
988 172 533
785 300 500
370 444 482
537 27 525
832 655 584
34 863 702
418 75 653
614 353 347
351 846 223
288 150 799
111 827 794
233 327 627
567 902 342
435 317 797
485 547 692
7 106 76
618 877 412
101 163 380
643 651 420
682 680 187
509 421 208
871 313 454
687 336 879
627 303 681
931 205 696
616 660 628
904 462 601
646 352 70
913 16 702
737 187 871
683 131 21
460 717 995
651 940 758
960 284 793
447 324 971
845 689 419
696 875 75
297 979 880
362 288 425
900 122 113
523 814 318
905 377 660
775 843 751
386 278 25
254 13 21
520 669 533
171 152 992
846 8 21
567 828 741
994 451 319
353 186 250
761 446 825
194 161 497
680 949 60
931 880 672
590 480 311
565 193 862
198 452 3
926 999 384
150 639 573
491 799 437
854 503 603
488 472 276
8 395 247
659 911 434
679 686 745
846 612 64
631 380 651
700 333 391
562 521 12
483 246 961
151 579 686
701 830 168
897 765 660
452 190 133
801 135 568
573 929 887
445 816 647
919 60 527
169 971 676
985 78 664
339 786 84
374 373 310
725 639 848
840 338 650
606 191 939
322 749 175
13 461 9
181 900 330
139 492 998
258 167 619
467 213 861
951 290 805
214 563 490
622 670 452
277 857 854
620 247 996
405 738 146
941 143 934
519 340 850
378 33 817
94 995 362
744 443 788
208 22 834
160 900 563
670 88 399
272 912 802
851 921 661
472 46 476
227 114 146
628 470 285
720 441 204
944 228 681
418 348 815
359 61 606
345 596 206
450 379 760
393 294 12
833 113 521
918 306 634
867 709 675
863 422 542
32 226 5
761 694 264
636 353 784
590 110 331
925 322 698
541 969 429
189 195 602
64 213 765
308 947 615
908 903 15
748 310 725
499 763 500
240 520 205
190 982 752
752 540 993
95 152 293
197 677 719
602 933 152
584 589 512
781 926 455
992 979 148
614 223 964
402 927 345
164 531 172
399 660 395
413 634 320
317 329 732
864 525 696
113 677 386
347 538 74
694 209 844
306 237 453
144 936 4
643 462 278
95 686 791
452 233 950
641 543 770
8 85 574
274 593 818
427 293 385
810 765 94
853 870 648
528 825 330
977 14 830
921 11 666
549 89 211
241 364 356
660 758 921
436 844 524
274 383 703
727 469 291
542 534 658
400 859 851
620 53 645
67 308 761
252 75 365
540 282 852
907 792 393
388 872 223
929 592 594
495 198 704
132 284 940
201 705 23
262 760 645
764 398 61
886 883 856
330 88 959
768 701 945
688 200 727
900 746 528
467 663 244
880 445 98
277 595 864
619 190 826
104 736 500
799 977 270
520 276 251
49 790 555
445 162 877
318 575 831
675 11 862
578 669 296
829 58 700
145 659 412
10 89 14
898 820 471
414 112 988
734 356 751
329 70 159
718 539 208
355 497 796
235 755 423
662 469 568
0 225 961
326 730 922
865 9 757
102 812 587
901 569 721
534 437 662
900 735 808
509 517 430
443 196 942
960 412 972
212 15 925
917 8 87
140 71 36
410 869 914
491 396 602
40 301 418
169 349 865
845 303 41
256 62 754
984 192 455
271 222 825
592 632 114
478 345 203
768 491 931
996 732 402
253 89 776
535 484 498
196 870 538
836 732 689
351 650 650
80 597 724
843 989 415
990 6 201
772 633 228
31 889 906
839 832 784
377 292 346
2 485 359
766 900 506
846 457 999
72 362 85
774 396 622
853 118 328
783 126 829
947 795 171
458 561 193
809 700 555
803 916 927
273 902 958
264 805 471
35 911 321
631 702 886
515 144 43
719 517 256
139 947 750
560 949 846
894 908 614
329 936 40
678 4 830
169 581 135
439 853 729
683 360 543
445 353 829
328 880 408
850 25 908
260 141 58
413 274 642
346 762 201
384 380 466
390 643 444
485 707 183
55 228 703
821 609 985
204 330 781
527 585 477
683 894 726
597 998 249
676 742 190
228 27 251
16 960 421
208 773 406
295 578 602
961 754 646
503 493 434
203 766 990
334 309 359
53 431 697
880 268 968
264 671 373
896 518 962
200 56 14
647 125 622
78 575 894
562 688 320
186 942 650
676 177 37
488 903 223
343 649 582
879 799 402
186 357 159
321 530 161
408 801 980
998 722 505
636 422 809
235 721 824
251 764 989
320 136 896
3 478 380
451 335 216
777 368 61
593 928 531
899 857 979
101 518 29
381 551 761
847 543 418
181 170 509
697 494 725
481 39 912
291 136 613
467 353 706
642 684 683
921 394 551
602 37 422
374 48 869
401 586 661
573 800 143
576 820 808
223 253 141
529 395 219
945 400 771
286 156 387
971 975 119
784 562 295
180 665 118
917 573 665
635 340 479
139 495 490
213 168 336
297 147 571
474 408 592
591 692 137
202 996 79
448 357 605
335 561 174
950 532 32
592 573 95
461 320 855
848 289 172
279 481 243
846 241 749
862 502 36
29 119 639
793 334 793
266 77 613
193 919 248
913 346 820
396 40 229
730 843 566
706 658 754
746 380 108
49 330 932
737 670 200
888 302 952
718 118 40
790 135 408
918 173 620
26 445 346
910 804 530
355 182 355
661 686 418
825 237 911
651 823 848
962 349 186
244 822 520
936 152 124
747 671 962
477 912 517
298 778 133
934 496 202
296 633 535
868 939 166
310 787 826
43 359 395
236 413 796
868 686 814
818 889 333
619 919 0
7 647 189
53 249 595
494 147 546
60 835 660
233 201 291
335 251 833
429 961 145
667 201 717
449 83 48
469 232 355
996 331 774
192 794 732
218 385 169
830 982 52
15 772 625
730 955 367
989 22 896
649 736 165
9 182 827
262 812 104
888 89 697
923 521 144
686 822 519
925 685 172
903 413 797
763 728 776
240 643 918
832 236 122
247 343 251
363 382 645
930 514 287
931 464 227
424 353 34
787 314 583
576 22 199
563 249 796
527 962 185
985 753 559
807 427 631
256 949 888
120 263 202
197 369 268
210 726 380
554 543 185
55 170 112
163 151 819
389 95 225
39 731 542
509 290 947
887 633 546
477 654 597
434 523 452
885 147 909
32 943 932
969 610 424
628 230 187
290 643 701
582 803 862
680 49 300
989 551 677
942 205 499
314 552 520
91 174 446
723 72 863
234 569 178
752 753 19
6 573 642
43 336 230
937 283 227
899 513 978
71 933 209
542 852 46
244 896 364
598 193 962
914 329 265
626 699 740
15 113 862
958 401 800
977 514 224
756 915 570
593 937 990
184 968 174
366 627 991
533 500 551
378 696 509
404 554 923
220 485 474
424 664 666
865 653 94
275 64 751
758 634 40
740 392 167
380 916 71
465 150 24
582 666 291
546 5 391
581 952 489
10 764 423
539 446 463
364 173 409
582 658 68
267 565 444
23 423 629
649 965 497
205 306 755
753 409 142
129 243 733
93 927 512
769 438 113
225 650 149
536 302 250
820 580 631
38 163 196
869 472 289
377 867 756
934 416 970
861 883 670
786 312 567
843 417 227
83 978 137
349 427 439
877 69 330
933 390 144
142 51 334
207 962 400
460 75 615
651 807 986
458 180 435
440 828 370
234 946 47
401 717 758
47 162 748
821 900 476
37 344 301
391 843 446
670 958 245
259 863 325
850 780 36
364 848 766
112 798 373
128 661 975
279 469 299
43 715 407
172 869 451
211 769 557
457 743 711
101 890 775
488 844 324
406 836 316
307 40 511
312 282 362
794 743 142
892 969 527
164 879 166
708 948 551
739 279 173
664 753 991
237 754 899
872 933 190
758 579 638
453 565 523
345 29 620
938 108 856
826 109 368
92 763 399
956 957 4
875 890 94
546 578 148
855 745 858
385 971 799
518 63 443
538 10 953
676 28 870
48 76 406
861 559 217
371 934 616
979 866 268
326 123 760
372 801 810
164 127 729
658 824 409
928 548 546
684 682 38
683 901 545
926 577 247
878 52 820
637 81 218
16 924 606
797 272 51
749 145 374
14 434 268
504 666 451
816 461 75
507 584 569
943 170 732
750 556 533
301 867 947
610 987 251
430 332 937
574 719 765
858 400 610
940 304 332
98 978 383
11 590 946
275 292 89
869 975 833
747 513 740
395 576 881
135 790 581
150 596 239
860 61 104
637 643 70
614 424 395
195 66 654
497 352 666
396 899 616
96 341 466
955 637 426
627 719 515
14 165 94
208 929 415
341 392 671
586 836 195
109 561 337
230 41 804
543 538 320
521 402 795
803 806 853
589 349 488
966 261 576
319 143 844
117 655 722
653 487 184
28 289 735
238 698 660
518 383 302
97 617 228
190 517 900
231 709 867
198 495 960
626 891 114
68 381 14
435 128 82
519 718 401
348 238 966
234 508 911
83 704 34
932 142 723
341 595 461
216 263 547
405 481 16
473 209 223
578 81 61
272 59 878
201 181 231
406 187 224
188 846 681
860 823 573
695 46 587
939 667 352
832 786 859
914 147 284
338 50 616
854 621 914
561 144 198
206 368 975
847 327 214
417 763 585
620 127 712
786 692 544
934 723 538
228 528 369
874 852 985
10 352 897
61 660 609
569 161 853
37 490 566
40 119 341
921 574 981
824 115 156
485 306 144
583 959 181
31 790 667
29 642 563
242 543 312
306 665 949
124 795 853
438 65 434
722 688 414
650 719 265
791 169 273
349 252 324
327 520 247
193 876 531
523 889 10
956 503 549
17 452 984
870 191 797
432 986 800
119 593 664
266 104 278
573 506 930
391 486 284
741 364 318
98 903 561
321 279 23
153 614 297
855 496 388
590 341 541
219 333 796
514 266 840
921 709 773
439 736 605
387 510 585
657 355 437
89 277 325
647 85 187
4 551 641
551 149 334
412 796 134
407 747 171
493 842 294
692 635 677
516 710 959
186 455 598
291 451 587
319 256 112
948 750 631
647 509 257
13 861 468
435 703 981
634 297 728
264 621 116
242 971 691
419 652 120
828 92 808
872 67 365
578 493 353
44 63 15
343 250 264
658 49 977
207 483 577
393 538 450
810 162 714
637 601 660
515 472 488
887 322 530
809 492 54
814 148 567
829 304 250
296 692 27
610 420 224
456 478 946
273 604 870
413 885 989
348 757 401
780 109 161
410 82 577
487 678 451
713 877 628
799 735 42
121 888 689
400 90 533
811 874 890
871 802 154
589 279 357
98 629 954
264 319 370
355 40 654
644 157 347
93 189 808
402 74 550
716 31 144
911 847 355
30 407 518
763 988 204
84 969 552
628 459 712
10 332 950
539 448 819
480 239 193
526 31 446
820 47 142
81 905 77
273 643 28
739 368 863
830 605 398
8 179 634
269 434 562
511 30 734
895 618 688
640 511 608
432 135 8
370 462 395
937 61 703
297 116 297
512 29 970
112 713 751
460 943 4
219 0 963
458 807 433
164 34 533
573 750 636
384 491 555
138 534 258
411 268 416
180 511 363
485 70 471
992 708 976
666 182 460
58 225 979
995 746 170
712 926 307
363 329 771
393 638 870
276 320 534
7 380 182
734 86 566
820 773 924
125 871 534
428 984 875
316 687 112
456 698 415
950 646 617
920 431 866
616 542 591
1 423 367
162 109 798
858 865 797
278 577 29
640 629 744
749 344 749
199 211 245
605 30 165
137 385 109
244 622 131
830 42 0
218 835 225
320 69 915
3 618 108
876 230 709
385 777 688
648 98 320
212 915 268
925 366 322
663 8 4
13 788 43
210 736 445
171 624 479
962 428 399
373 948 989
509 805 693
224 40 607
707 272 731
770 35 167
676 452 159
252 100 344
148 443 996
777 970 606
750 628 25
860 804 729
600 148 19
360 858 692
516 293 807
423 817 423
494 819 820
520 838 462
244 154 452
420 244 858
863 63 259
567 787 319
697 855 184
255 608 964
589 309 538
233 742 187
914 684 423
40 734 743
338 658 514
882 863 751
501 920 219
570 739 328
666 783 26
133 375 96
858 283 973
920 572 696
304 711 728
509 175 538
526 415 33
526 890 338
951 932 44
424 779 941
495 599 751
477 981 661
591 2 187
799 351 944
358 408 38
889 309 726
187 350 935
190 955 610
479 898 701
17 39 626
27 461 339
262 489 694
944 910 111
168 265 535
738 742 168
977 945 844
256 19 678
559 285 830
382 422 210
11 908 875
849 312 42
830 592 617
828 313 975
820 225 654
146 53 638
721 417 501
323 641 98
18 374 347
500 719 342
394 470 63
48 420 359
262 324 663
758 128 597
290 982 656
585 573 448
359 191 272
13 343 550
496 439 543
575 512 686
987 540 390
502 731 738
702 811 438
360 28 460
303 886 474
297 258 781
669 866 85
634 304 683
628 726 359
163 926 258
348 885 714
30 463 711
820 157 92
85 266 571
346 810 15
840 717 462
360 175 211
8 460 551
422 569 977
325 329 715
98 443 675
814 46 147
830 204 16
480 372 770
628 947 744
365 647 178
621 487 825
689 154 92
519 493 600
417 487 160
550 60 145
852 693 446
981 813 705
232 118 210
65 356 123
14 344 775
563 865 472
591 280 249
103 878 826
982 274 627
389 654 805
255 831 128
449 302 965
659 557 647
366 92 434
447 884 945
114 265 962
713 760 77
19 64 326
194 360 983
735 431 368
450 417 491
366 476 858
594 693 32
152 899 275
377 152 468
560 181 659
729 475 567
603 514 298
309 747 828
937 836 803
652 603 207
275 739 733
447 43 683
955 764 988
486 721 223
788 289 765
464 248 530
709 146 58
191 628 385
582 777 123
925 700 800
847 95 411
624 728 694
298 440 548
870 48 448
757 261 644
963 433 747
211 523 357
38 373 71
563 321 959
750 796 808
398 92 151
744 892 874
912 723 751
548 890 168
492 705 571
448 996 428
691 418 769
468 575 679
417 149 545
239 870 623
206 2 365
444 78 290
539 374 189
336 116 185
790 638 115
412 444 429
705 514 967
53 420 966
127 116 101
561 167 299
490 117 852
786 708 124
707 410 827
109 911 362
787 284 202
617 614 76
430 129 680
614 691 614
891 854 229
32 143 444
375 314 712
348 420 854
872 533 721
773 272 744
971 138 542
870 272 321
156 67 322
52 261 598
430 753 808
860 17 824
406 823 602
745 918 4
936 60 82
339 79 220
10 800 760
65 588 169
610 271 122
523 946 519
754 996 352
704 624 881
160 887 160
207 621 926
624 20 274
221 975 156
944 256 410
855 78 229
585 949 944
179 687 153
665 320 793
854 870 774
988 737 220
319 864 798
311 789 538
198 523 142
628 0 52
57 435 566
245 369 862
288 586 814
411 21 685
983 895 19
810 170 530
389 354 862
628 841 673
218 269 916
886 435 712
658 997 497
548 686 275
719 426 21
523 902 982
763 343 332
602 446 42
653 429 413
995 27 117
593 963 971
436 448 275
696 796 854
459 446 552
214 197 630
804 875 577
910 57 432
603 84 284
208 545 825
532 439 924
122 405 585
337 685 679
969 707 966
393 824 72
304 371 337
957 329 296
519 137 317
678 642 939
478 789 350
226 911 862
292 907 934
476 843 698
99 672 163
609 252 703
428 510 18
357 21 965
566 722 636
117 202 919
254 563 259
665 764 286
231 785 673
77 253 697
457 392 499
159 461 640
867 206 703
134 877 845
347 522 960
828 317 84
658 685 571
826 381 879
757 47 611
144 243 872
734 156 729
552 872 43
426 593 552
120 471 276
275 456 337
728 671 459
498 493 536
168 759 173
242 136 56
324 801 945
707 104 709
59 431 635
618 842 798
273 748 135
21 486 750
568 285 940
247 539 824
675 871 874
462 152 502
875 515 814
301 946 243
324 762 98
604 423 805
801 509 555
442 941 146
14 868 311
852 67 209
766 50 325
860 147 9
269 293 799
323 342 868
556 939 748
792 721 672
901 492 444
216 636 789
894 582 240
62 67 811
626 390 714
65 346 19
629 103 706
181 85 753
821 767 141
44 311 105
351 280 104
673 912 873
366 564 496
745 657 555
317 576 59
341 764 652
99 962 345
826 57 960
427 639 22
495 553 609
992 559 724
733 54 179
334 710 89
616 809 196
410 41 299
628 704 371
159 909 321
78 84 357
391 507 527
751 417 253
636 573 307
307 624 869
583 572 615
197 5 457
382 180 333
250 965 189
278 24 832
865 984 983
186 801 347
907 609 172
58 18 286
638 999 385
906 841 250
531 519 912
374 736 777
491 232 115
705 797 106
421 624 71
559 410 292
269 167 424
334 468 51
971 343 345
541 718 348
456 415 354
899 867 934
855 402 631
756 547 780
812 885 115
341 981 481
199 427 425
682 543 325
462 970 796
129 557 578
800 830 433
435 880 689
686 854 486
573 817 737
212 364 224
74 191 528
206 126 74
896 881 256
956 998 111
387 280 83
256 646 972
634 662 985
471 726 0
402 826 26
408 32 89
829 30 32
228 93 229
345 453 741
97 646 227
841 679 149
112 403 827
266 796 204
92 858 77
348 739 998
305 57 714
47 807 579
692 189 718
46 541 682
212 242 60
595 565 40
863 747 47
270 661 210
429 852 78
501 771 965
280 790 491
563 900 540
279 228 619
421 3 647
539 901 633
75 808 277
270 548 556
97 143 493
473 499 685
646 49 126
447 540 284
730 582 17
931 563 964
697 960 729
421 792 65
774 705 854
493 59 97
198 144 490
94 883 694
134 174 210
299 792 946
349 697 453
693 631 923
848 877 875
519 408 704
832 346 489
869 247 189
298 802 569
600 623 234
374 869 163
215 622 337
901 336 137
251 977 42
843 457 92
146 767 749
673 808 461
756 641 150
223 138 770
399 543 624
323 83 948
778 84 266
95 572 558
769 471 58
418 904 860
474 179 564
53 891 727
725 515 34
268 213 414
755 602 734
517 580 858
912 623 240
236 576 543
577 249 425
613 890 913
902 888 516
704 311 898
834 722 236
686 33 296
398 502 217
583 256 207
601 228 583
892 725 302
376 214 336
298 451 544
424 396 704
196 602 882
5 838 657
608 746 451
940 824 192
16 455 779
470 699 619
538 248 928
493 288 917
36 132 38
745 39 308
518 284 76
18 541 62
103 162 19
56 689 75
963 518 95
225 49 269
830 664 767
955 961 590
955 692 365
382 902 229
595 417 756
519 879 737
84 258 329
449 596 984
349 603 780
604 53 635
400 448 243
165 693 981
681 557 653
41 363 458
542 736 45
653 755 881
122 663 117
755 968 272
951 314 442
563 976 229
210 233 711
787 168 201
45 566 35
344 104 405
888 317 613
629 188 153
198 870 732
580 181 640
367 131 157
903 412 625
362 548 181
90 864 333
979 384 770
574 430 821
974 192 644
207 428 988
214 545 457
873 712 791
155 960 294
55 155 394
448 506 165
724 277 877
101 214 986
827 326 367
168 772 177
476 922 430
813 361 372
152 321 612
498 755 907
646 363 867
959 837 989
83 755 144
231 928 955
521 883 886
879 428 267
421 324 901
525 248 646
682 206 426
161 599 257
862 953 210
673 776 251
925 95 503
512 561 410
908 42 32
619 358 989
362 595 589
522 102 691
921 697 11
560 67 663
946 47 665
862 840 348
597 686 202
254 863 483
523 521 560
568 305 404
723 391 305
743 757 599
610 158 899
537 880 916
928 123 604
94 738 465
527 675 701
875 631 374
79 838 391
663 482 300
229 284 812
32 993 172
875 8 934
468 443 490
514 192 240
742 141 35
905 391 941
381 975 162
61 13 70
571 526 944
34 479 806
388 258 601
104 669 550
41 871 230
245 472 882
114 931 989
422 408 692
101 287 499
432 450 650
957 57 275
524 82 524
491 767 91
307 124 799
571 954 320
498 381 21
140 772 944
937 694 939
165 913 44
60 277 568
423 572 158
389 491 280
583 910 666
557 490 741
39 871 891
922 168 11
409 418 401
416 987 549
74 391 434
391 963 293
837 979 815
893 915 256
102 744 338
783 436 320
482 770 120
955 264 953
901 530 242
138 608 815
352 383 100
157 610 451
572 341 806
797 82 762
591 469 964
185 868 537
106 11 271
866 685 549
43 898 729
971 338 735
550 771 702
495 326 907
429 752 249
407 208 534
330 643 594
551 804 242
703 486 411
757 994 218
495 186 169
380 763 417
590 717 223
421 247 991
928 442 771
641 555 314
630 604 69
621 360 586
893 560 875
765 937 831
164 905 207
565 67 858
683 702 768
45 899 148
335 453 438
251 573 348
621 248 460
83 554 155
706 553 220
644 643 274
586 24 712
862 688 554
68 822 986
360 771 228
352 373 518
521 884 13
483 423 635
220 478 865
745 752 583
727 921 737
464 892 277
174 697 869
799 590 962
818 82 596
1 821 562
427 171 710
206 687 336
128 433 464
170 0 968
602 289 73
272 565 491
268 462 681
889 40 547
296 339 420
567 919 631
722 782 503
171 217 320
912 763 921
176 553 584
356 607 9
821 681 572
94 242 558
860 363 939
260 516 809
399 668 5
705 260 470
369 202 732
587 784 443
376 805 234
169 804 295
207 666 263
401 131 529
540 307 940
943 96 171
549 224 964
29 375 234
800 856 956
700 966 476
202 734 360
936 838 97
54 490 714
690 49 264
868 992 944
865 652 144
879 19 145
129 840 669
7 902 835
211 30 32
228 627 197
347 296 56
787 912 334
297 299 442
959 107 449
380 944 4
978 107 473
883 714 35
244 682 477
483 156 300
98 509 172
217 871 618
347 442 893
756 891 137
633 319 397
405 683 108
740 325 626
412 791 919
575 890 531
720 475 645
453 347 54
584 818 555
105 808 561
671 1 834
883 540 519
311 349 835
690 426 318
431 68 645
737 393 841
35 586 571
982 40 515
303 430 30
676 566 142
603 822 922
726 50 361
745 36 977
998 29 455
258 213 267
447 604 354
631 455 296
757 389 58
505 836 30
2 358 895
924 360 257
928 732 28
891 865 889
119 12 887
324 918 113
621 627 214
666 573 775
646 507 921
814 510 815
551 1 675
948 594 11
183 837 343
631 700 497
288 425 233
479 785 768
878 85 39
621 134 958
797 675 482
244 373 502
509 243 709
956 585 683
710 638 494
287 48 696
170 537 808
666 564 135
203 419 605
527 325 492
621 341 106
196 10 816
162 349 456
267 302 939
969 316 439
235 99 309
279 733 439
552 27 372
299 817 478
966 697 323
785 179 336
910 792 972
697 903 446
287 353 240
535 306 957
533 504 222
839 270 836
704 895 205
14 408 310
900 638 185
413 612 617
640 613 380
310 714 390
131 613 142
350 589 980
336 882 850
788 981 151
45 44 64
172 295 920
36 543 266
486 631 396
966 237 870
125 63 36
836 37 516
493 326 518
950 323 240
154 544 29
931 864 495
820 523 708
65 884 439
326 832 370
971 933 915
778 777 83
53 650 122
749 869 4
247 441 550
745 484 151
638 564 126
885 381 278
457 447 580
456 106 727
654 657 32
877 777 556
961 411 794
708 635 613
411 134 950
434 693 923
463 951 31
973 444 55
984 599 730
923 996 188
199 544 974
571 131 559
791 906 796
642 237 123
97 458 150
687 317 271
909 751 913
385 38 495
203 824 103
896 864 623
495 389 813
516 806 996
992 102 418
740 622 383
163 732 915
816 109 623
98 206 19
60 495 338
488 747 816
490 819 918
143 271 59
164 974 448
345 681 753
407 167 82
60 213 740
61 180 371
632 522 853
295 198 713
407 835 109
86 396 141
908 409 830
366 306 789
162 753 110
678 362 965
246 700 452
337 319 632
613 284 416
895 973 973
808 623 548
26 920 527
452 81 957
28 295 698
633 993 943
704 571 525
291 885 895
505 23 673
427 947 135
300 345 188
548 997 625
957 63 302
831 620 81
664 195 580
62 228 576
647 608 358
414 777 730
805 59 110
988 312 143
125 900 123
797 853 213
970 871 66
559 896 451
645 385 115
292 991 608
560 414 981
761 745 974
433 324 419
831 57 754
915 863 110
556 702 594
503 290 739
857 974 900
740 713 413
476 784 791
385 890 211
613 967 456
246 942 871
833 847 898
223 243 337
589 730 241
403 281 443
917 844 321
437 122 667
167 779 387
847 535 633
174 318 732
357 829 346
103 798 595
741 455 828
847 763 780
598 847 694
731 709 911
342 331 606
827 194 850
224 987 270
217 669 20
798 151 523
177 262 607
545 116 87
591 8 240
735 69 676
116 695 594
896 49 661
834 253 33
31 766 786
403 186 315
953 539 248
992 130 951
628 508 229
232 987 300
556 186 646
869 926 802
711 940 1
985 712 249
966 506 29
472 241 545
161 103 366
261 374 715
47 282 112
875 490 79
378 260 224
244 801 267
628 767 397
112 691 103
900 213 248
405 60 384
632 692 194
95 564 59
534 457 721
715 563 135
558 645 35
513 129 135
907 532 124
421 558 521
412 997 914
783 414 847
882 712 6
311 60 383
979 137 384
480 87 186
950 810 33
149 455 192
864 511 20
122 189 66
69 953 297
511 857 863
882 559 47
174 86 553
444 873 947
693 188 398
892 446 804
283 195 391
89 903 975
489 124 917
404 378 780
515 148 109
814 993 485
451 355 895
119 8 80
521 657 358
824 365 587
82 883 899
867 607 560
222 215 434
173 211 682
66 324 407
215 984 267
32 576 841
204 604 106
735 595 691
248 597 883
690 682 330
930 311 125
362 661 754
835 335 350
668 765 510
698 396 76
165 891 848
912 551 468
528 711 963
510 993 670
392 558 831
47 812 784
366 635 402
684 102 546
205 351 954
297 403 544
588 785 409
852 391 971
856 698 320
689 287 368
992 921 866
805 759 77
514 361 792
670 796 253
633 863 249
872 155 619
891 80 708
240 479 508
355 219 572
399 409 26
492 340 440
920 368 877
666 438 659
478 952 77
64 35 121
708 438 860
152 11 366
444 310 533
844 424 70
571 707 663
118 872 446
355 558 971
619 879 417
604 932 534
600 62 203
680 922 196
271 257 862
892 843 161
640 759 462
334 842 796
49 611 560
924 476 119
447 199 951
987 257 955
964 689 614
734 65 296
358 166 44
510 901 66
199 679 826
2 120 532
786 501 499
969 449 83
751 392 915
461 478 299
467 413 724
662 361 817
334 318 566
521 80 295
881 695 480
289 706 461
307 300 843
897 498 46
966 152 723
209 827 998
790 157 219
343 12 214
424 612 538
242 269 178
644 836 981
804 423 69
879 826 697
278 37 738
27 536 621
920 218 617
318 174 139
839 695 774
958 697 745
457 406 605
991 493 237
670 596 229
290 550 653
442 841 580
877 247 812
190 833 43
161 236 952
424 18 144
461 121 937
245 559 797
127 897 123
358 398 683
891 403 291
583 127 358
905 763 89
319 461 23
307 36 640
46 224 589
680 277 466
774 454 571
176 476 611
443 28 91
903 60 25
531 307 879
147 164 342
412 111 634
951 291 534
705 637 209
707 172 412
411 871 817
394 922 422
651 782 77
891 81 791
483 82 772
127 507 301
982 222 239
69 697 429
467 977 797
540 374 110
477 656 795
648 225 203
46 884 170
179 827 418
55 28 907
667 790 906
325 125 463
355 937 455
378 800 89
151 892 625
300 349 709
590 149 986
414 129 47
653 468 285
180 669 638
573 338 630
364 515 260
338 87 140
204 601 264
380 441 864
274 66 223
567 389 713
285 291 558
551 892 382
496 821 123
684 15 219
703 816 879
532 150 40
961 63 281
624 612 37
538 796 836
653 534 938
507 215 88
549 789 328
25 688 534
336 190 913
455 524 477
679 934 505
142 650 114
157 149 3
213 490 469
156 790 630
71 972 117
781 270 564
446 580 556
358 927 930
429 406 438
405 934 811
793 859 674
602 356 849
832 990 275
115 952 118
247 366 470
843 692 277
286 623 47
990 267 585
998 308 166
236 494 578
408 907 935
167 481 752
190 294 744
820 108 13
497 919 69
409 373 846
471 566 283
354 754 207
633 254 201
900 495 604
336 650 39
900 522 472
338 102 461
40 790 500
535 585 234
457 192 315
101 474 8
431 812 273
74 262 782
549 13 152
336 753 48
289 575 852
882 148 899
689 149 642
313 476 388
404 531 144
369 641 196
106 513 866
291 237 200
62 686 879
621 540 478
413 575 12
130 865 633
886 654 529
620 634 803
775 315 967
862 583 170
939 743 215
792 463 213
837 247 31
963 973 209
780 299 521
411 104 948
493 202 251
67 462 347
174 474 217
634 100 788
77 87 544
479 709 457
295 742 846
709 801 110
2 452 748
644 492 638
242 244 791
960 937 816
422 428 710
993 27 501
406 338 817
909 707 940
841 632 290
219 344 529
176 642 272
448 552 713
111 828 664
825 470 167
96 652 453
96 110 128
568 177 966
571 856 647
431 416 465
515 423 680
899 387 26
97 807 992
90 530 412
53 215 606
648 634 455
129 33 512
729 372 66
20 535 540
405 519 951
770 672 625
134 704 68
907 345 965
841 994 469
123 644 316
841 402 189
361 86 567
493 879 925
493 1 7
575 30 801
274 509 951
283 360 389
847 930 520
904 714 814
418 166 948
767 344 772
433 645 624
938 849 778
32 146 644
538 817 528
8 398 11
955 145 874
475 10 363
68 359 51
579 331 402
578 314 871
506 22 575
818 980 918
786 80 322
685 750 408
719 324 184
734 405 852
893 951 900
262 478 640
445 334 96
800 736 298
34 157 464
794 648 484
654 901 308
240 245 723
997 835 383
371 320 33
245 504 845
732 404 283
429 267 855
233 521 424
673 629 923
452 684 230
278 335 477
944 167 87
183 276 62
627 567 361
274 718 726
303 724 770
864 243 988
756 284 177
441 667 720
122 707 738
369 497 747
990 291 178
116 48 407
814 398 681
562 347 306
651 7 263
215 968 822
479 538 758
427 517 763
549 531 940
663 232 931
552 30 910
503 352 880
897 812 941
202 617 350
769 625 733
747 115 572
524 33 180
437 743 561
882 970 385
295 529 325
78 981 504
927 730 99
465 351 158
205 79 976
928 103 152
118 681 11
432 200 384
451 194 521
916 657 504
592 708 590
635 203 0
674 817 768
378 353 686
339 280 100
121 500 997
399 867 809
398 105 440
543 753 600
848 993 335
783 67 621
527 25 481
318 921 443
413 980 334
165 779 653
67 600 3
723 950 577
407 811 769
457 437 213
708 542 455
581 912 713
689 369 927
230 405 888
781 640 205
769 29 898
90 4 224
224 284 195
968 632 231
425 375 935
213 452 733
796 711 992
422 918 971
478 392 514
481 901 947
736 52 474
177 546 589
480 337 375
216 208 862
79 515 427
234 680 965
915 221 106
592 433 976
798 302 96
21 462 411
756 96 712
345 53 391
887 488 747
305 406 680
943 190 209
779 489 368
431 497 493
77 159 519
450 838 405
828 697 73
188 904 538
243 79 874
348 912 532
748 859 888
266 780 247
168 522 42
363 241 620
960 507 269
521 24 256
73 353 341
14 644 315
177 43 43
825 967 600
249 498 181
282 65 947
994 658 617
570 469 887
151 336 717
470 850 217
963 848 365
286 676 367
878 313 405
630 433 59
40 267 996
160 928 670
704 612 877
755 64 309
308 561 717
10 339 758
347 138 96
727 188 539
858 236 607
972 181 43
442 105 42
931 570 960
886 545 126
889 559 696
402 610 435
999 975 714
417 629 914
954 312 806
620 292 132
315 402 518
834 754 229
490 586 61
417 373 671
975 289 249
662 969 537
513 315 142
321 755 538
381 552 676
606 469 533
953 85 577
557 694 598
135 999 687
211 36 906
490 33 512
229 750 949
852 627 715
888 617 21
437 916 87
37 132 691
640 906 310
802 76 325
274 684 990
816 47 819
603 317 237
23 442 142
657 218 600
879 446 311
505 776 555
470 442 92
521 636 550
537 742 268
169 949 154
127 908 493
484 494 746
796 545 936
211 544 279
294 497 864
486 392 743
436 453 675
596 384 669
21 531 451
631 262 875
794 385 659
518 626 967
565 926 934
423 695 482
759 489 777
53 471 580
322 693 482
254 809 152
855 590 1
27 684 931
891 72 626
544 962 148
912 196 339
425 384 241
226 670 229
722 887 278
805 456 598
210 766 698
90 764 937
994 187 55
833 516 863
937 410 306
855 843 961
913 416 364
206 240 219
72 826 405
734 526 478
608 931 567
422 435 222
373 273 691
996 547 617
602 480 678
552 909 899
536 133 160
466 882 754
441 873 278
230 557 2
707 508 193
483 49 946
189 69 789
864 290 673
858 489 369
5 935 796
315 777 165
176 648 340
74 73 354
545 228 96
461 925 246
623 108 10
237 261 147
165 112 396
681 230 383
356 457 704
87 532 7
342 351 702
154 924 249
137 335 453
96 643 152
519 417 679
394 844 761
249 503 726
251 648 786
951 946 575
552 508 584
919 279 947
709 609 654
356 553 898
527 246 772
678 633 123
187 656 613
923 818 848
130 753 424
681 638 534
517 773 161
715 326 965
740 683 298
3 980 839
210 352 931
269 544 132
739 138 962
228 6 876
23 711 291
372 607 325
738 234 97
987 473 36
992 154 789
689 404 687
572 20 54
566 301 41
239 587 501
121 119 253
225 520 914
624 655 78
490 639 810
778 683 99
146 911 763
53 884 291
182 307 55
626 499 241
626 152 584
106 644 732
90 698 912
91 462 828
821 992 804
521 939 25
405 240 420
235 503 374
295 528 83
799 380 663
593 304 120
761 637 309
703 190 696
605 204 597
968 404 971
364 17 199
682 351 143
618 892 228
787 392 747
376 93 856
471 901 400
542 973 651
441 854 782
58 915 699
390 232 807
349 45 647
793 812 469
156 915 387
625 356 295
17 750 568
475 940 32
694 722 45
250 194 360
323 132 820
57 875 132
165 22 368
794 578 761
342 84 830
740 564 8
388 773 627
489 103 778
49 112 614
542 376 711
644 572 541
141 549 858
972 550 635
907 16 307
317 692 255
95 835 727
963 743 448
724 358 90
770 939 123
286 810 113
752 616 379
893 786 840
940 828 767
371 220 272
318 589 970
692 789 603
51 988 805
301 920 97
619 841 474
408 76 929
808 656 266
463 12 644
520 575 1
282 210 242
316 16 539
376 773 786
389 427 44
252 810 166
898 742 188
23 662 451
205 316 493
578 219 297
905 892 325
617 750 683
905 474 832
404 563 482
388 497 733
734 812 413
245 231 496
540 724 694
84 725 892
184 178 588
285 411 721
342 49 223
433 926 538
448 875 326
903 62 585
168 80 739
151 912 334
314 873 173
752 957 436
499 579 798
274 999 34
201 108 794
750 263 87
935 413 114
749 324 182
251 309 271
189 179 443
587 169 558
433 549 758
478 454 602
438 444 919
126 553 703
743 894 428
876 731 757
95 630 638
533 775 720
699 360 113
766 779 319
224 209 341
858 979 27
643 389 479
633 988 724
341 718 785
70 46 569
486 738 352
546 90 538
712 47 207
560 749 519
201 405 363
669 497 791
537 896 540
798 542 978
609 216 104
502 872 167
309 47 156
159 452 230
312 556 117
473 491 95
388 746 729
961 943 398
806 850 954
965 625 270
969 517 936
24 605 631
75 92 138
766 426 789
187 172 775
15 509 842
310 476 65
173 698 341
706 747 986
783 279 819
32 597 747
438 299 804
399 47 950
103 442 946
963 234 669
493 629 769
424 17 847
267 520 128
568 385 484
405 89 992
365 535 590
98 684 851
96 0 891
798 16 221
882 842 651
467 332 91
992 498 198
453 444 611
801 549 129
237 796 265
684 524 5
472 669 597
275 572 528
422 162 427
488 773 290
698 515 134
16 151 277
521 155 916
470 489 28
707 304 884
336 379 639
673 897 84
971 616 663
617 8 555
723 704 219
391 652 950
706 17 775
967 518 508
272 966 291
597 420 703
286 797 144
860 378 298
18 949 790
723 732 681
826 831 730
380 482 944
959 177 192
701 824 236
777 873 361
254 578 490
973 421 531
683 334 804
240 935 140
821 470 623
428 57 317
830 241 68
103 986 611
813 663 677
70 864 690
844 956 414
367 334 915
448 113 564
984 421 290
587 625 997
786 368 441
319 725 689
440 204 820
842 136 827
924 8 286
28 872 777
947 670 345
801 301 299
471 822 303
334 765 822
732 537 806
715 146 607
261 43 920
78 103 106
167 613 234
83 360 400
977 86 470
477 286 475
547 535 938
552 173 301
10 581 10
738 244 102
216 38 959
789 706 766
580 431 622
783 440 944
327 17 768
532 784 715
763 537 980
451 919 219
71 932 245
819 752 724
232 597 754
309 960 365
28 485 708
85 465 759
279 952 864
505 271 989
171 558 580
565 130 1
214 92 839
289 389 727
665 83 307
667 174 359
115 59 585
524 139 968
8 631 78
783 301 374
591 839 155
581 185 792
682 590 877
109 496 106
552 27 449
54 822 542
801 780 980
871 27 399
944 671 925
594 466 713
952 975 730
686 559 904
612 388 778
360 917 466
809 517 261
141 947 405
729 373 851
126 437 698
257 14 235
472 62 208
565 274 683
414 903 220
531 316 724
676 272 197
653 360 55
532 117 217
359 332 942
943 870 388
593 551 150
688 764 763
868 885 648
729 775 49
65 974 900
329 296 335
666 214 390
380 679 543
261 697 446
504 89 941
816 294 782
672 571 180
312 666 607
62 290 159
807 450 81
266 343 428
382 94 325
567 130 464
464 296 252
728 932 530
85 122 908
962 288 144
634 602 322
33 815 223
877 45 628
610 428 968
314 480 719
395 828 760
27 543 204
591 258 628
211 249 135
16 602 367
639 850 397
261 30 18
559 145 254
162 5 94
143 320 677
19 506 510
498 185 371
235 229 572
869 733 14
256 409 962
543 244 163
753 880 569
95 213 504
90 512 723
38 739 559
467 52 443
246 24 158
381 371 341
654 477 740
619 837 136
234 530 650
827 112 228
196 12 860
3 605 436
645 186 774
272 0 695
155 769 220
591 444 86
221 220 901
391 621 720
500 234 340
887 113 843
273 227 724
62 483 979
423 424 76
25 253 292
531 951 274
424 29 178
966 137 582
104 447 980
887 374 126
291 776 761
901 85 632
614 571 34
530 86 54
578 498 473
823 225 182
104 594 729
625 2 101
126 351 307
438 245 825
803 697 565
996 337 74
927 830 767
442 897 542
586 929 936
34 316 13
823 256 646
784 929 945
162 668 725
468 896 253
248 596 138
397 961 612
79 392 414
577 596 324
317 40 635
778 972 795
353 4 455
172 911 105
546 621 409
322 648 658
851 734 967
338 826 216
980 605 959
675 720 278
642 259 916
720 67 34
215 326 52
685 416 351
848 75 997
277 69 955
957 430 130
273 504 236
816 182 265
193 155 179
662 458 224
63 711 374
72 757 938
314 730 122
122 394 558
512 129 17
838 692 657
187 886 258
600 762 129
119 567 357
754 910 338
654 143 271
902 291 271
73 74 516
261 134 73
671 237 486
501 20 83
130 378 585
167 991 386
812 801 918
515 256 721
56 983 356
781 228 644
79 233 788
747 715 208
572 813 631
656 320 355
180 823 819
363 424 588
688 673 857
199 134 256
72 809 528
153 669 39
728 385 382
587 565 497
529 272 529
600 892 906
103 110 583
137 695 484
440 596 58
673 854 381
368 879 654
726 311 786
297 173 647
811 115 404
174 524 893
501 487 953
425 739 390
161 80 494
197 597 827
608 851 996
534 718 632
598 924 648
16 728 108
729 750 810
874 444 818
80 284 581
633 891 772
4 368 250
957 309 873
739 886 540
618 884 896
785 627 967
211 722 777
21 795 365
66 171 61
407 783 189
826 463 512
994 280 793
840 765 500
244 783 887
255 462 939
774 625 145
593 216 302
768 751 974
534 400 774
715 661 230
132 997 722
323 102 231
385 390 742
350 376 139
972 30 250
305 416 961
946 309 707
492 31 490
549 650 610
782 486 582
298 202 867
678 358 492
279 75 652
30 367 276
203 56 481
751 90 108
143 51 814
955 752 273
179 508 525
917 19 785
498 791 614
345 996 17
171 175 527
856 449 692
992 535 567
255 872 828
499 106 192
57 739 549
83 460 104
499 426 964
161 936 232
578 241 912
191 523 493
864 358 694
245 864 475
246 984 397
574 53 311
806 465 518
999 650 781
361 937 49
722 182 537
849 611 21
207 0 615
624 33 663
141 116 151
837 254 555
326 969 132
607 670 900
49 816 983
316 812 682
489 61 382
395 76 817
687 241 767
956 491 29
99 42 216
133 86 208
150 245 528
449 554 664
656 240 147
285 449 105
784 413 809
425 509 630
230 74 913
538 414 324
731 298 329
295 236 670
199 305 130
624 591 308
971 142 947
764 658 319
511 283 254
3 741 193
190 103 756
352 319 248
260 179 87
358 254 648
617 726 550
386 635 487
710 532 436
127 632 522
887 128 292
769 727 972
207 271 505
875 905 895
307 441 48
190 23 686
843 411 149
553 717 480
102 659 289
976 715 414
270 42 643
884 407 322
445 894 637
300 515 654
47 663 388
690 685 438
828 693 717
969 460 360
536 407 287
760 725 392
351 528 736
108 883 532
553 733 689
881 202 607
858 232 270
467 164 155
230 278 2
867 293 566
61 774 800
756 98 884
959 158 700
342 878 585
23 612 457
444 620 340
943 689 906
499 151 293
19 452 760
376 888 30
62 192 452
460 385 163
948 523 787
594 463 744
489 448 388
976 843 193
603 896 888
209 414 267
764 753 928
219 976 769
345 550 310
530 204 772
982 961 410
263 524 97
940 439 523
242 10 453
363 743 905
922 811 406
472 763 300
933 643 883
217 473 214
468 79 980
585 619 466
83 285 10
250 505 60
326 989 541
996 876 243
674 336 362
854 765 157
966 618 519
417 876 371
25 791 785
762 224 196
57 458 363
224 523 137
739 931 616
18 309 889
86 647 431
109 0 969
750 637 773
954 756 540
100 733 50
712 358 409
865 164 570
548 716 158
244 552 64
195 394 57
267 120 687
435 545 548
553 522 185
642 199 562
471 561 861
659 10 373
152 898 463
168 472 928
829 727 371
909 735 996
715 606 967
529 731 505
181 346 960
739 217 919
686 524 563
17 743 441
418 127 932
961 245 29
707 17 649
810 793 871
935 629 721
159 526 447
555 950 77
784 16 272
894 935 891
994 991 850
552 474 628
766 17 359
245 984 836
65 947 744
515 167 455
222 176 596
574 990 690
107 109 456
73 42 117
954 688 958
957 129 829
298 540 883
510 413 211
668 31 644
908 26 557
675 109 366
79 466 458
744 535 914
310 54 190
858 798 142
476 122 733
928 720 864
358 519 772
898 144 51
941 529 501
671 291 628
245 986 811
159 883 69
347 79 302
637 155 990
17 644 137
997 208 232
136 199 133
115 180 418
427 131 330
199 536 598
738 93 151
400 62 756
480 83 741
544 868 734
50 722 681
469 689 480
850 817 282
49 68 226
424 797 692
738 279 590
238 519 817
167 813 255
856 680 737
621 788 497
762 700 242
513 814 122
987 381 146
358 68 575
35 555 694
891 84 518
654 17 452
713 224 143
130 24 123
497 966 393
715 767 559
612 444 857
459 239 504
98 20 633
397 344 876
310 166 307
979 383 876
516 17 664
884 20 972
207 435 132
655 169 807
827 925 837
590 453 169
529 572 597
374 632 43
96 35 234
272 982 864
16 13 404
491 116 948
132 118 888
733 57 297
32 129 179
412 359 631
610 791 22
957 95 912
666 129 804
536 93 177
109 459 194
478 10 730
733 930 706
171 342 157
244 337 694
722 285 120
379 698 651
639 851 407
529 358 73
85 311 516
812 245 586
318 7 116
521 937 941
510 127 105
787 500 472
898 354 895
727 383 920
704 705 536
280 845 338
946 998 197
716 889 582
399 958 869
907 397 531
316 434 285
668 685 639
551 765 790
615 689 706
693 10 47
313 907 10
84 995 735
856 261 914
612 132 363
795 893 234
581 276 483
595 757 83
257 210 169
160 237 99
192 325 2
537 594 977
529 363 550
228 823 760
676 867 461
803 591 583
788 581 916
902 458 81
7 654 668
537 228 856
347 773 975
966 222 361
611 756 805
380 472 337
893 670 376
176 160 653
496 262 662
970 263 197
312 418 817
175 697 714
447 100 492
49 44 593
876 442 291
235 637 126
472 671 640
892 675 497
667 702 856
201 636 79
73 990 804
537 278 682
760 778 958
607 39 478
230 113 640
429 807 902
156 361 770
23 359 510
337 928 98
987 413 865
358 417 437
615 511 583
579 733 548
811 362 724
681 25 249
401 750 763
697 969 779
533 518 970
643 978 965
56 968 787
578 300 680
448 660 714
985 657 302
688 939 327
212 522 189
160 996 925
485 231 286
924 975 559
968 569 137
498 607 698
530 489 108
396 43 577
478 593 949
36 839 489
794 993 891
861 596 387
103 862 259
608 76 594
267 920 820
18 802 738
386 9 628
303 242 625
327 620 385
441 357 644
86 342 290
445 714 446
878 69 565
530 431 460
795 843 601
521 9 850
175 337 612
905 922 754
602 865 489
753 82 969
303 806 354
67 764 759
887 107 251
76 25 756
221 399 129
447 523 869
129 264 657
206 599 321
68 480 492
925 626 116
514 470 787
616 94 822
302 558 840
123 286 780
535 342 499
588 372 102
528 371 972
177 659 573
658 911 669
125 464 109
291 206 642
170 202 517
563 849 604
713 767 723
877 532 19
719 783 420
305 603 623
945 781 794
820 94 947
440 682 989
894 566 272
197 595 896
966 313 692
289 815 235
311 257 259
188 662 998
623 212 250
137 419 891
644 695 570
678 709 198
629 568 314
334 151 406
340 78 671
654 377 500
268 708 599
179 580 106
590 185 697
299 328 383
651 905 315
893 564 665
852 745 362
224 297 430
237 40 679
401 503 657
685 705 863
338 277 934
886 917 424
956 167 568
577 61 13
5 281 613
884 798 17
308 639 304
467 314 336
454 897 159
242 57 723
645 468 547
938 692 4
823 955 28
277 664 855
724 845 380
126 96 317
342 406 973
395 310 32
325 850 591
179 996 656
340 910 446
90 424 912
843 380 883
554 631 633
270 25 783
345 753 675
738 949 260
142 135 912
812 337 947
319 453 267
959 721 896
132 131 740
164 277 226
247 359 106
58 535 343
730 835 294
860 344 877
277 528 837
922 494 367
811 41 991
438 994 730
907 797 142
873 82 602
588 10 837
625 695 966
79 325 789
376 280 676
936 441 655
28 625 341
167 300 820
881 639 251
678 622 153
300 156 329
19 547 661
854 95 437
695 991 763
585 127 645
139 538 395
693 238 513
848 484 397
585 642 530
680 613 284
588 972 609
223 784 927
674 66 773
972 789 904
665 648 527
691 848 793
953 548 738
302 976 835
735 201 667
934 982 235
932 583 929
568 304 619
49 915 607
965 595 84
647 371 601
729 444 104
951 782 603
460 943 275
519 394 848
498 992 371
680 302 272
285 552 858
436 980 345
144 148 479
976 879 328
470 573 332
246 994 133
438 104 308
628 541 527
293 206 547
151 970 364
519 223 863
575 33 259
752 332 191
450 249 118
228 528 64
638 645 284
88 267 872
842 984 89
386 162 666
297 642 951
776 346 13
250 889 889
690 914 280
366 898 191
85 736 499
126 782 557
349 104 581
295 919 975
753 336 874
398 633 129
740 851 432
656 239 104
679 186 610
440 621 703
922 864 975
603 325 579
525 198 711
602 263 355
484 455 749
272 521 362
313 308 462
323 53 491
552 668 82
863 49 541
451 611 844
347 991 486
529 328 128
331 491 377
24 720 376
424 714 263
271 615 911
275 770 501
804 742 556
532 335 979
984 976 687
526 37 530
603 212 116
965 668 527
541 301 455
352 768 902
359 46 385
301 906 351
995 155 23
245 157 38
581 303 561
70 649 286
421 894 908
61 523 743
74 109 375
175 709 917
790 589 520
101 483 49
323 40 272
213 46 331
804 720 67
594 586 225
553 829 240
605 38 689
292 562 493
655 498 110
297 663 687
201 49 412
109 858 906
875 448 840
758 811 556
233 942 593
552 115 239
231 864 845
303 612 394
183 652 730
198 872 836
241 0 369
174 395 640
700 431 389
650 416 652
598 110 865
927 929 332
748 993 492
547 630 511
605 494 818
272 527 874
315 358 726
41 705 785
35 760 342
497 641 461
207 668 432
598 75 716
91 275 600
694 86 759
2 610 737
534 500 648
274 264 159
863 936 191
982 838 939
837 794 226
821 505 691
992 369 62
157 642 702
118 357 324
919 5 553
212 365 958
309 967 621
249 359 100
200 156 543
920 215 977
868 130 790
121 583 791
473 507 234
780 50 413
289 263 860
741 115 41
470 977 639
534 673 522
263 658 880
322 471 28
670 432 978
624 261 641
885 512 832
810 27 170
543 917 995
497 858 231
190 720 963
42 375 263
250 166 377
623 849 397
672 36 719
500 917 109
923 446 902
305 861 819
377 349 976
650 196 526
496 98 62
777 880 745
319 518 527
376 398 376
909 97 205
404 57 270
789 582 867
225 184 721
54 357 18
609 562 348
261 899 816
97 662 592
336 3 326
122 497 296
129 111 49
271 875 204
896 743 921
826 203 75
405 298 382
691 558 829
304 642 333
441 264 231
95 834 461
419 263 637
990 638 235
705 43 118
362 830 742
300 556 475
237 197 827
684 344 254
682 555 662
352 975 309
424 503 352
39 33 307
93 995 689
551 892 915
547 703 623
301 909 646
834 806 911
37 622 509
665 825 168
817 406 421
42 339 347
304 357 429
247 533 652
938 500 33
917 922 932
271 208 419
660 560 461
96 579 912
704 901 278
123 644 494
852 879 582
775 882 805
859 686 669
424 557 893
186 579 863
521 348 192
212 318 299
12 864 797
576 219 451
51 230 464
958 574 514
317 369 351
662 931 351
540 457 916
956 933 504
787 785 916
926 563 811
755 195 872
332 114 996
339 249 763
335 627 821
927 961 651
250 403 34
663 287 880
279 371 44
945 766 718
765 773 525
896 108 120
458 902 381
236 15 284
309 130 669
752 556 97
360 231 913
518 700 574
363 496 28
89 150 499
607 743 949
99 34 481
206 892 782
160 870 236
491 488 426
468 632 2
400 911 702
73 979 649
716 666 437
370 983 630
164 891 683
589 62 568
403 563 892
289 690 199
481 954 677
725 487 643
668 234 730
605 174 444
491 731 826
575 746 480
470 276 910
762 507 736
824 706 572
525 511 14
385 365 706
980 185 492
931 62 489
198 959 320
870 673 371
835 144 984
245 27 483
410 762 627
879 706 601
676 734 758
724 181 521
997 338 189
89 496 376
685 872 388
315 455 395
995 499 566
266 241 406
454 550 978
474 136 936
235 245 144
850 838 363
22 877 186
107 576 244
514 572 710
867 163 306
31 877 473
527 144 166
41 212 37
96 887 982
259 863 540
448 963 474
592 862 49
276 953 438
339 565 362
634 249 270
98 453 886
613 824 845
336 543 128
381 379 647
422 423 567
663 517 570
312 493 270
427 336 191
104 427 269
875 268 141
320 688 259
395 303 326
783 89 771
60 943 990
219 723 810
43 247 794
681 530 315
338 727 679
61 158 123
288 351 506
791 804 389
106 712 321
24 665 740
536 971 838
953 497 782
502 269 528
732 410 921
119 410 806
133 790 18
101 773 278
91 548 355
678 990 133
400 607 216
970 502 332
590 720 271
305 805 84
436 637 339
966 856 758
192 88 869
496 902 771
574 80 324
965 840 227
867 323 250
447 197 307
251 747 400
26 401 418
938 393 1
999 924 341
55 198 285
557 764 5
354 232 608
665 815 196
16 300 212
302 316 410
874 337 820
320 8 907
754 15 231
912 925 73
525 214 71
448 964 303
489 670 278
357 130 170
216 441 707
960 616 772
269 894 784
175 226 41
233 312 501
702 396 97
808 967 109
651 793 183
621 74 621
518 746 420
782 599 283
457 645 111
825 531 26
611 378 394
677 999 974
37 979 738
940 97 675
111 141 871
94 417 87
559 414 485
660 954 880
15 285 911
842 767 519
912 941 579
719 804 247
76 544 713
115 965 105
10 98 525
374 789 998
886 737 602
637 574 477
222 135 263
349 384 214
489 575 504
957 552 193
793 641 958
516 761 782
160 514 296
628 370 402
731 145 564
926 364 97
78 585 718
95 727 611
24 378 954
116 465 883
153 508 736
838 576 948
48 142 622
669 939 890
698 245 317
153 900 144
673 419 888
653 603 59
966 954 589
755 682 21
907 165 897
742 964 545
109 358 787
545 662 657
960 676 811
957 383 34
754 172 628
607 373 543
784 148 195
671 612 267
714 726 90
186 747 534
350 467 283
218 792 257
866 983 919
80 211 184
462 936 672
477 272 350
138 969 628
674 357 631
383 931 410
211 52 239
53 504 48
928 855 440
930 543 526
438 842 819
876 217 744
875 559 187
71 57 910
658 821 638
150 772 953
461 722 885
388 721 152
28 632 878
869 672 353
987 311 49
120 920 835
796 260 895
723 39 32
592 876 878
124 711 665
356 772 93
161 588 275
254 479 931
742 160 646
664 220 827
622 158 283
580 606 156
304 739 205
827 980 864
895 710 468
919 547 355
821 390 67
600 796 151
624 94 230
417 497 420
677 280 694
382 330 558
537 940 411
667 142 7
465 837 559
254 869 823
53 624 295
806 930 336
694 424 198
732 793 413
420 252 518
655 598 270
723 655 471
230 105 992
525 783 168
621 161 590
603 562 447
923 270 342
870 386 938
814 286 942
832 395 445
581 574 912
796 452 909
940 538 480
668 470 216
992 573 631
40 125 555
322 749 248
869 848 251
35 231 644
753 488 558
443 523 677
425 824 848
684 788 875
812 733 149
870 565 295
34 766 434
524 141 774
237 87 763
562 332 983
471 669 696
195 647 518
770 180 868
638 681 61
286 676 362
882 236 127
470 311 373
474 365 155
157 231 102
760 509 967
986 953 428
213 721 587
422 796 835
216 720 965
152 863 744
654 648 509
662 995 4
35 432 794
274 317 181
527 657 105
744 97 815
328 677 560
89 487 432
778 441 330
670 257 896
652 726 464
353 744 656
780 154 523
794 608 894
6 338 6
130 557 778
289 645 896
882 491 113
936 700 866
744 25 293
105 39 206
318 685 491
284 327 757
509 201 767
813 259 912
551 272 362
290 90 178
30 916 293
478 645 878
669 698 890
995 713 658
759 946 699
662 410 797
574 718 779
606 48 287
100 224 72
738 568 694
584 175 899
596 66 95
680 972 473
310 511 548
729 585 603
35 507 466
771 239 124
749 155 287
55 273 757
955 97 704
838 443 3
636 37 268
643 279 852
14 333 282
947 378 127
430 23 284
256 20 127
776 916 137
196 290 387
497 341 478
736 928 486
133 24 784
420 691 768
161 622 630
979 900 276
837 933 43
20 341 796
169 47 565
141 909 206
320 438 579
882 32 806
355 261 18
22 412 388
727 806 570
66 651 727
959 607 85
385 631 895
896 166 755
0 460 290
387 770 654
549 308 182
450 516 696
976 294 486
447 119 189
18 950 884
497 4 937
21 426 869
735 92 125
84 318 633
36 117 988
644 632 188
716 911 685
222 352 857
565 107 373
483 211 779
16 200 538
663 869 545
439 97 841
722 576 75
359 308 22
129 44 567
390 325 84
925 136 116
308 926 48
474 121 47
942 845 334
539 662 39
184 543 653
551 39 495
710 480 817
583 886 331
13 237 985
531 485 264
139 4 13
817 213 597
269 376 934
303 58 134
570 945 5
231 607 453
559 682 194
669 713 768
901 978 794
114 835 233
334 357 222
748 693 100
842 39 941
666 675 413
147 162 135
923 514 605
131 705 425
572 296 847
715 749 775
494 167 568
867 690 170
595 436 353
837 543 383
531 431 793
502 566 915
662 9 583
20 147 190
344 135 673
150 621 226
240 19 117
981 78 376
488 489 432
430 810 958
345 295 385
631 850 6
165 833 942
557 149 796
381 869 40
522 671 565
154 63 585
182 359 264
888 999 825
529 811 425
626 681 748
354 184 716
298 525 705
943 179 867
122 202 288
210 198 347
811 367 986
541 16 215
321 191 522
721 119 676
79 374 960
149 10 720
948 626 559
177 534 921
503 411 461
331 423 784
941 257 201
504 599 72
569 417 184
679 162 495
102 576 735
184 769 470
482 922 36
434 324 343
565 831 418
167 609 120
785 329 960
99 390 260
636 454 314
720 851 760
28 388 87
620 665 666
291 676 613
322 237 333
438 357 789
873 252 108
956 724 822
585 208 282
810 416 414
0 705 102
233 498 506
948 478 28
861 388 868
400 942 923
796 993 413
186 936 262
698 881 315
627 574 27
92 965 617
817 905 785
687 621 567
344 683 787
867 403 254
237 597 675
504 238 524
118 107 217
131 936 921
696 928 844
99 927 342
536 616 350
893 10 461
418 880 993
351 249 632
737 444 424
671 582 506
660 982 669
696 840 364
461 771 517
735 397 557
177 803 113
744 810 935
921 950 588
200 812 739
338 384 846
268 436 776
232 562 538
891 245 400
718 32 334
352 786 246
155 364 484
936 908 849
302 71 489
584 241 23
638 674 225
651 155 515
860 82 74
470 560 7
21 798 445
523 986 794
710 978 672
526 736 860
859 877 660
644 373 322
590 350 391
189 375 616
618 953 207
108 390 93
520 269 123
770 915 913
23 214 383
566 644 990
575 123 120
145 709 236
414 644 93
466 554 392
237 609 711
980 400 994
275 257 426
769 989 689
482 29 926
380 590 621
991 483 981
188 690 606
34 259 918
259 565 512
146 276 467
506 184 641
837 354 358
232 165 876
587 922 767
201 520 684
582 723 321
621 156 997
922 607 929
666 127 876
655 15 146
114 511 548
12 186 197
678 673 238
9 645 98
574 264 783
517 64 73
725 980 820
103 399 55
264 768 625
480 237 668
322 345 787
676 255 528
181 54 271
737 159 835
474 635 636
93 274 791
363 908 414
606 824 24
682 993 453
941 769 664
312 636 448
69 733 484
461 348 512
200 779 189
932 298 731
59 882 259
257 336 530
316 475 485
999 928 155
908 890 235
885 220 232
914 550 692
726 133 246
667 840 950
280 939 825
303 838 963
881 229 603
919 421 560
361 372 922
235 894 70
308 803 750
731 540 387
907 670 115
526 415 922
795 622 20
568 422 615
30 969 29
744 302 220
901 139 655
794 104 651
284 976 582
954 867 280
402 32 325
837 387 290
149 409 911
93 522 357
443 271 610
305 384 964
120 349 256
482 382 820
791 323 755
901 839 389
371 551 629
936 379 489
207 565 302
870 965 646
772 826 88
937 354 496
854 888 824
373 246 400
449 409 506
910 237 169
964 641 690
826 808 511
377 505 430
325 411 718
18 852 134
858 130 612
754 980 938
833 385 537
225 616 945
982 968 782
217 999 964
699 159 921
266 790 650
449 32 933
805 726 151
3 609 851
353 192 860
432 238 173
303 571 90
336 216 776
975 874 650
800 523 172
531 810 125
249 369 979
475 637 921
961 272 759
815 250 425
456 118 370
559 343 146
839 891 100
728 472 693
606 969 442
465 895 464
560 804 132
898 549 811
95 800 371
681 473 933
338 455 66
450 592 967
377 378 178
499 170 653
840 907 91
862 814 472
557 307 75
797 320 648
644 546 79
186 887 449
910 115 514
662 862 461
318 735 72
979 785 946
29 524 84
183 22 262
39 192 147
830 635 317
207 549 301
515 419 48
204 950 442
82 198 792
383 903 770
66 178 856
834 681 453
761 868 213
5 642 21
329 721 71
917 187 312
265 104 554
486 420 615
190 7 276
901 337 348
851 455 498
856 267 585
284 961 639
288 894 106
919 994 34
6 210 300
437 269 920
198 221 217
703 839 739
635 950 70
830 468 128
962 646 873
137 926 209
73 128 576
707 846 501
698 648 387
336 476 555
131 863 616
250 865 347
938 863 906
995 788 705
947 161 826
176 347 100
520 18 454
355 258 132
560 557 268
46 814 703
997 780 378
803 63 26
371 749 167
857 582 177
570 920 355
484 748 609
347 434 259
604 528 7
137 774 873
822 308 650
221 75 76
827 777 211
942 546 900
235 500 448
197 959 475
283 627 652
636 784 589
947 870 381
401 341 406
57 379 293
312 951 269
844 679 762
700 627 827
925 239 963
531 163 42
142 993 145
236 825 710
894 16 197
680 791 522
343 432 306
145 54 965
600 900 626
831 968 909
528 114 578
191 501 822
538 215 768
604 123 706
839 870 550
54 602 306
48 114 131
237 188 418
156 240 102
749 692 53
108 88 222
362 610 366
276 809 698
124 371 288
387 378 523
693 638 737
912 170 851
372 4 618
616 478 677
912 852 643
75 643 991
979 890 841
172 555 63
13 918 735
180 472 167
136 554 45
637 747 493
990 571 15
516 67 493
584 464 449
941 959 806
419 679 468
584 591 11
183 915 555
516 653 360
255 24 840
104 849 445
898 746 613
760 543 827
405 866 758
976 539 629
762 25 420
303 628 635
743 889 512
360 456 143
345 18 257
42 283 757
348 320 496
771 467 69
250 324 578
867 404 756
107 616 659
242 129 351
141 892 476
535 885 906
231 632 885
819 608 18
176 944 79
679 911 109
548 811 676
926 705 19
567 96 580
701 983 12
740 593 993
661 579 635
820 836 24
729 61 600
596 21 348
821 826 711
731 955 697
522 740 449
606 942 49
156 416 639
58 29 407
569 267 64
705 656 645
447 154 505
609 510 219
813 658 520
468 562 937
831 584 173
542 687 483
489 31 607
217 354 1
7 709 146
661 947 32
163 435 922
538 605 303
934 378 568
276 97 33
423 77 734
355 563 550
719 811 331
282 60 307
182 164 223
935 983 334
331 49 26
639 285 855
902 278 923
528 37 180
120 760 73
642 337 476
697 481 108
786 591 101
579 850 706
723 822 582
164 802 229
317 236 419
344 273 550
213 6 786
157 580 709
603 74 995
909 337 479
887 14 38
653 120 349
61 715 332
922 610 727
493 704 99
610 459 379
541 520 273
944 720 427
607 248 669
803 974 448
167 198 727
522 216 321
470 709 177
621 642 474
57 399 838
144 768 771
927 253 103
980 495 227
494 208 301
856 753 338
962 311 729
945 218 600
688 166 331
241 830 255
193 465 959
345 392 793
794 696 928
843 803 324
955 524 519
265 518 17
464 882 508
756 746 478
797 207 656
937 871 363
35 422 579
104 545 89
719 768 241
394 329 624
826 595 598
395 416 508
303 881 356
168 782 788
357 266 485
903 92 906
525 446 260
296 611 856
594 31 295
475 413 775
577 90 61
418 783 452
729 685 682
294 925 749
460 878 94
410 949 928
992 920 925
875 160 61
311 590 180
422 315 50
423 510 206
833 45 141
124 932 355
291 499 916
634 16 499
439 248 663
367 164 602
92 27 954
796 125 787
694 562 415
810 927 356
579 179 390
718 23 295
408 952 928
107 276 579
585 61 529
259 141 888
990 85 226
605 740 20
166 301 773
325 744 119
261 761 122
57 707 23
352 494 675
670 77 121
490 447 879
592 247 362
517 369 776
265 578 994
675 973 645
867 577 527
953 444 403
966 729 20
72 945 335
221 210 56
490 102 104
806 161 807
406 907 700
260 521 951
736 351 321
979 295 754
810 545 4
727 819 187
337 660 302
478 860 48
315 834 103
857 172 49
328 842 851
614 152 51
153 590 99
786 494 142
268 987 994
552 170 202
795 509 916
401 943 639
889 133 260
143 787 984
623 540 654
539 595 644
110 437 898
153 622 20
332 314 75
512 63 62
493 489 587
322 456 843
425 581 891
244 135 65
635 925 476
92 831 222
843 963 371
922 685 185
376 675 984
329 726 193
39 235 625
767 173 412
27 73 316
208 188 956
728 862 117
539 15 866
732 866 828
718 119 171
649 866 245
823 514 830
583 467 546
920 362 372
849 309 163
828 795 330
7 226 51
750 520 13
713 414 968
341 875 961
49 659 14
940 843 129
869 472 909
213 926 783
299 326 837
440 530 390
399 159 309
72 780 843
59 268 701
910 690 314
194 759 877
309 387 953
801 3 996
622 195 462
338 832 410
736 385 325
859 81 630
369 448 503
631 909 604
646 486 114
992 303 974
411 369 247
342 815 515
748 979 892
788 530 411
848 775 930
873 215 466
840 874 763
186 827 750
295 618 362
577 795 762
64 640 406
385 185 136
931 634 418
507 192 814
135 316 466
9 329 888
782 86 272
647 335 14
258 926 174
702 521 174
189 205 315
377 587 135
44 80 732
444 791 767
793 704 758
698 461 115
761 757 55
366 657 77
11 24 806
415 397 273
544 96 253
330 81 982
59 702 875
722 717 193
749 30 74
218 562 577
800 673 217
131 476 576
961 989 567
997 640 987
449 501 200
932 879 238
548 481 571
350 864 935
988 136 437
942 469 187
982 663 849
102 286 234
164 266 354
121 52 236
864 694 867
551 45 582
988 423 772
627 322 868
349 607 71
448 851 44
978 533 155
896 168 140
725 538 181
148 236 414
104 771 163
780 785 171
85 463 143
2 805 854
188 571 229
76 716 811
148 335 865
449 206 125
889 652 797
193 965 96
446 288 930
764 207 377
739 391 933
427 251 931
994 108 139
86 586 93
248 201 998
413 678 894
749 766 41
520 91 485
774 413 530
693 390 651
526 214 244
171 357 537
233 497 208
829 206 25
156 911 673
681 783 466
777 279 910
687 221 359
420 498 141
381 483 648
954 169 673
426 615 850
301 593 405
415 460 739
843 884 555
78 730 436
753 249 1
866 261 852
441 434 590
295 708 546
697 389 489
656 71 530
309 622 398
434 304 951
155 975 991
642 995 521
195 203 962
230 251 825
522 96 855
343 830 18
989 420 606
557 599 358
358 982 167
691 474 153
311 400 191
277 305 43
974 439 217
665 614 10
51 27 283
635 393 808
669 75 27
5 301 927
554 97 490
85 287 408
693 591 432
111 832 735
192 661 263
499 949 280
232 715 837
463 566 223
164 292 505
648 10 170
258 147 694
966 780 269
78 279 341
253 803 978
540 812 154
880 661 931
917 918 858
580 112 46
685 628 129
464 639 255
550 934 767
223 235 61
504 479 694
0 764 369
569 199 547
348 580 762
459 409 548
543 129 948
599 667 657
778 220 367
530 645 586
652 785 632
540 67 49
400 373 973
113 132 819
662 924 572
781 935 722
237 660 333
225 442 128
78 805 73
418 337 101
859 828 870
37 861 506
39 27 915
481 195 559
164 390 456
239 586 951
20 657 258
451 660 836
638 700 635
974 247 860
946 483 295
120 871 422
568 824 124
48 528 338
5 592 992
101 261 666
782 168 80
493 662 951
609 58 479
244 740 990
583 287 184
662 785 969
572 80 211
96 411 549
316 574 868
240 142 71
354 218 367
335 245 413
992 708 741
438 293 318
75 132 654
735 686 3
41 173 422
22 295 488
839 364 383
301 404 878
222 344 368
532 436 954
168 733 686
756 949 1
567 544 109
222 110 558
999 88 258
314 114 250
693 619 197
24 282 136
123 921 974
946 569 977
940 677 247
571 409 448
684 406 299
428 877 538
460 462 461
498 818 472
19 168 273
788 726 648
325 170 929
203 488 48
37 637 916
73 359 657
256 136 847
86 278 418
635 261 398
195 843 855
854 891 925
212 343 507
716 131 385
142 115 350
336 766 92
837 835 276
48 464 300
85 214 13
247 41 499
359 998 8
742 582 358
485 950 589
53 71 998
333 721 893
314 323 23
143 539 42
20 626 769
650 459 687
95 766 387
973 724 679
180 631 919
987 504 330
612 91 110
69 330 601
19 603 774
895 644 336
790 268 893
576 764 26
343 89 544
630 604 136
616 423 894
896 776 470
261 179 480
363 626 160
680 303 262
430 458 583
702 9 767
355 15 786
883 685 392
370 597 863
182 832 645
358 102 195
212 888 744
594 530 362
5 643 269
398 10 158
701 861 296
15 121 567
970 116 665
713 91 913
882 995 836
375 786 696
479 517 746
933 529 286
112 943 209
194 70 916
848 422 475
232 54 763
531 913 378
534 5 222
36 732 439
701 83 950
516 383 477
967 244 107
38 645 465
307 792 67
509 53 388
302 681 777
272 143 562
476 278 567
747 416 194
868 478 282
711 655 981
347 801 684
331 254 254
568 854 205
574 457 7
580 461 196
714 987 23
497 157 517
819 913 805
51 443 814
651 221 392
748 728 406
393 863 166
432 459 452
953 49 415
452 774 554
504 408 454
307 423 826
343 440 995
93 263 79
523 862 82
190 100 824
199 221 602
696 326 417
986 692 545
820 424 706
711 79 287
760 515 347
574 187 546
325 988 188
412 202 301
175 431 697
733 949 70
426 837 130
720 195 688
162 448 627
892 1 697
586 638 894
321 741 15
553 707 926
175 846 379
94 936 20
93 709 107
24 325 37
801 656 52
997 693 215
643 38 161
993 724 550
944 842 135
250 708 334
287 312 321
357 991 391
256 315 214
704 210 803
683 180 19
116 654 318
964 471 730
517 129 655
342 52 569
677 90 36
139 561 823
143 464 370
69 813 48
291 416 708
530 647 3
661 88 917
712 715 588
769 287 573
472 347 153
84 949 709
321 539 663
974 839 76
369 956 291
115 199 827
384 969 753
813 10 636
76 473 977
377 815 177
223 781 522
869 95 189
686 343 675
628 21 122
454 414 206
712 292 648
514 821 798
117 154 677
812 97 478
859 893 188
359 590 894
353 721 590
778 115 779
320 331 398
667 713 821
329 167 383
467 616 241
731 382 832
89 826 522
43 642 634
284 882 167
700 363 931
412 777 178
996 988 711
993 535 246
601 682 770
217 409 458
761 597 377
739 902 584
654 350 777
102 134 938
273 126 102
698 965 790
496 448 532
622 980 866
256 458 518
690 718 211
407 917 177
309 262 135
144 168 910
307 503 915
323 385 661
405 229 830
479 837 784
10 417 757
2 582 884
7 876 665
850 473 297
620 649 327
969 403 612
25 198 169
73 552 140
122 136 566
745 276 597
190 521 381
634 938 97
656 202 460
275 907 224
500 269 226
783 956 902
260 296 162
11 234 168
626 478 955
983 260 534
920 115 286
125 36 544
75 130 451
913 466 481
143 758 916
539 11 901
431 700 871
588 89 128
973 369 531
809 220 833
890 55 452
146 238 497
370 985 249
370 782 106
866 954 296
719 904 942
673 865 126
820 88 489
761 911 16
338 387 618
744 153 623
914 103 900
832 605 366
480 195 570
631 847 754
156 859 999
756 141 564
393 554 406
577 350 996
245 989 14
863 192 69
686 928 304
303 211 526
428 9 25
329 741 70
887 881 156
966 404 298
402 211 911
512 359 23
60 427 172
570 340 507
853 161 716
187 558 359
123 32 1
855 538 703
323 956 986
3 582 983
998 50 671
840 306 32
667 148 28
561 92 899
718 122 248
138 930 788
712 396 240
758 834 24
593 809 147
240 636 278
427 912 963
454 201 171
181 523 728
607 315 975
76 276 54
667 772 205
254 316 360
688 603 636
678 988 669
0 99 371
326 663 348
561 642 714
584 803 876
471 705 707
114 173 609
469 384 877
788 346 820
414 851 44
127 557 386
796 619 663
758 88 861
529 47 337
821 680 751
648 985 853
660 326 393
12 363 870
878 450 641
769 567 534
489 222 200
717 451 314
832 911 420
771 211 43
202 639 536
523 699 869
838 510 505
441 38 926
661 494 377
924 414 313
108 297 139
834 194 718
952 435 599
309 605 315
183 259 987
679 796 9
197 437 800
373 438 713
485 774 60
311 738 669
337 655 82
856 583 474
894 610 344
947 407 334
727 549 907
601 549 84
401 981 109
831 512 51
461 183 910
995 269 221
847 107 139
937 218 319
804 702 69
766 592 195
498 338 728
384 881 372
138 466 486
280 822 455
198 976 749
163 313 236
930 31 414
21 676 108
377 971 619
529 731 407
858 407 140
792 217 837
925 535 859
183 561 673
929 748 71
83 583 815
5 326 857
123 97 467
1 858 644
293 504 932
904 389 916
822 422 569
483 425 780
358 698 488
938 635 757
153 602 140
608 74 19
348 189 86
670 803 24
164 138 550
886 470 90
406 966 903
681 610 131
24 4 294
455 468 127
664 46 56
424 866 909
148 862 277
568 994 570
232 231 982
13 272 55
346 77 477
458 948 27
169 40 324
838 179 493
531 643 483
562 342 421
275 165 434
315 330 798
428 274 889
19 954 774
74 723 661
305 815 2
644 90 654
750 502 491
883 186 794
36 529 649
709 860 81
36 842 311
707 357 316
657 638 71
398 509 602
792 222 37
228 720 771
432 643 157
535 366 478
981 433 616
891 661 380
601 598 512
760 253 247
449 544 224
587 400 570
797 628 729
70 742 936
160 539 228
443 634 121
98 977 402
942 117 762
805 96 132
594 214 602
400 683 639
200 100 586
610 934 628
336 368 653
774 492 348
531 470 208
923 299 51
743 259 700
116 35 49
794 61 914
522 150 461
325 903 723
703 121 675
251 724 262
490 839 44
746 808 72
54 41 982
14 455 293
461 838 504
935 249 775
881 494 384
389 461 362
326 126 148
358 154 811
224 651 400
86 851 194
824 499 860
758 80 217
285 561 797
829 905 681
459 847 33
662 235 741
404 640 76
694 327 677
840 83 737
923 144 308
27 269 968
363 795 791
973 793 876
368 679 315
556 270 713
450 194 30
589 890 783
142 721 746
944 183 29
971 722 17
63 784 529
917 931 822
409 205 369
326 527 232
170 393 171
772 353 212
634 6 712
424 345 618
423 317 954
714 839 153
569 739 63
983 731 339
814 358 641
933 386 987
599 211 498
341 761 580
759 823 275
473 629 713
871 756 550
521 909 143
604 333 437
154 348 303
956 230 399
911 415 57
602 862 773
391 422 283
753 815 330
971 236 422
701 915 63
560 920 792
31 561 139
702 922 251
377 422 116
881 980 819
963 331 331
46 585 955
263 26 261
435 926 669
493 592 428
576 580 15
75 671 876
358 596 514
801 774 687
528 368 552
912 278 177
690 608 851
309 865 693
961 688 943
296 100 35
416 273 715
80 775 756
117 20 689
809 536 948
160 227 110
375 302 961
374 444 937
152 296 69
794 211 920
748 561 808
765 224 175
38 70 756
187 90 290
270 838 659
303 448 178
235 824 953
221 564 248
413 19 880
868 7 968
521 408 731
288 897 336
925 246 798
330 259 913
1 888 218
789 14 483
388 224 651
30 361 421
103 34 264
914 619 887
29 575 582
944 614 864
407 161 140
138 3 863
466 836 592
675 146 578
861 430 359
676 579 94
41 865 183
306 250 446
944 384 216
470 370 101
734 593 253
702 518 940
125 727 544
684 522 253
943 652 907
596 826 596
789 824 489
745 752 974
795 649 421
183 473 272
495 365 229
960 256 592
66 610 695
118 772 237
687 748 303
231 851 446
501 230 15
298 969 253
305 905 507
898 58 64
619 520 199
766 768 246
360 929 292
141 965 480
837 386 31
390 201 215
767 180 612
359 291 134
345 324 621
409 829 831
954 85 295
729 456 771
560 902 94
857 315 478
382 364 445
48 879 808
531 669 809
34 176 711
168 549 642
465 846 183
292 422 942
974 633 759
297 637 74
472 651 990
551 413 917
204 189 521
704 999 943
430 148 899
473 422 727
97 560 529
967 485 959
630 567 433
562 948 188
937 372 148
891 61 368
507 48 908
610 556 833
721 407 162
646 629 241
709 112 850
780 963 341
101 983 882
197 406 539
56 854 750
13 484 407
816 600 586
313 383 963
468 980 759
747 109 107
61 9 583
682 398 719
804 968 799
77 115 293
325 190 215
176 577 81
307 739 507
603 167 759
542 790 814
585 446 779
697 227 727
829 905 801
560 178 144
415 447 753
622 976 942
629 153 58
636 15 299
988 384 593
928 284 399
550 108 287
91 489 704
895 430 93
77 761 992
556 817 475
782 599 795
985 781 141
754 230 287
447 346 446
613 271 580
564 111 685
480 319 211
292 420 643
330 370 126
559 177 284
735 0 230
698 168 104
990 243 260
766 740 129
480 347 624
459 437 358
437 775 531
915 903 769
851 679 289
859 251 815
660 266 441
874 852 780
306 482 53
68 646 524
22 219 751
187 726 439
964 472 721
918 746 971
886 173 669
525 77 676
504 137 534
618 987 567
7 373 766
915 683 511
501 629 892
47 987 153
165 486 871
992 757 242
608 463 346
277 741 359
266 489 852
743 582 207
792 16 980
748 540 233
317 923 766
807 179 595
556 204 477
745 349 785
522 687 791
247 458 593
805 304 131
482 877 384
702 517 282
58 814 56
406 126 407
679 477 815
146 62 205
312 335 667
714 221 986
143 234 544
374 773 476
203 856 916
751 888 833
328 943 189
809 694 208
362 377 545
798 656 508
366 209 16
892 108 527
196 527 744
163 208 508
285 402 381
783 895 106
53 131 911
121 966 927
429 154 732
170 975 676
35 818 805
913 268 696
391 192 696
520 706 778
685 506 359
285 339 131
677 942 535
238 682 584
175 840 412
