250
51
122 67 101
85 188 915
161 51 609
75 219 247
170 49 732
27 169 576
199 222 877
110 101 57
182 101 848
127 108 840
176 146 16
11 9 789
124 16 969
70 103 216
158 83 668
28 57 582
98 154 968
49 62 939
172 94 570
194 123 952
147 85 18
41 60 686
235 231 250
133 195 470
176 8 888
168 7 674
75 57 761
98 65 186
219 0 330
95 214 276
192 159 635
110 29 217
129 148 487
157 148 417
68 75 182
175 111 581
243 42 880
2 199 473
135 186 651
186 80 972
185 130 883
144 217 704
27 187 900
88 215 328
79 62 328
92 5 116
116 102 812
59 125 569
7 122 680
44 101 146
108 229 635
