1000
6742
706 741 60
597 23 454
208 681 765
852 270 555
944 351 208
224 549 247
153 894 601
981 995 26
946 180 870
406 397 167
284 444 198
906 106 138
577 964 989
739 133 675
513 959 846
560 501 177
156 585 52
293 275 561
491 422 866
653 615 127
774 356 480
151 512 885
374 167 750
758 990 432
432 954 215
982 444 926
626 182 852
221 389 454
827 339 579
21 616 263
642 258 268
340 270 969
726 767 156
921 195 27
168 935 807
810 724 354
526 895 742
793 624 52
367 68 287
491 743 833
110 37 457
645 128 277
930 50 589
92 256 196
453 25 147
64 598 316
558 833 712
734 673 445
228 796 176
321 226 136
174 944 283
188 800 88
710 858 533
453 331 472
275 304 374
248 623 559
530 311 602
261 73 554
815 769 821
56 707 393
944 341 522
988 131 369
793 458 996
354 926 9
24 128 269
318 510 47
640 847 234
784 295 991
956 886 857
733 594 191
803 379 475
952 666 82
747 913 724
213 617 410
457 488 243
111 725 276
588 45 677
576 107 438
744 761 544
918 408 224
946 72 172
795 889 369
273 609 122
473 207 112
581 758 867
504 892 513
306 392 46
735 551 17
20 336 38
850 559 965
986 832 443
16 390 329
389 500 702
427 520 736
605 854 40
940 507 531
675 142 193
102 419 95
612 797 465
187 391 55
388 516 31
590 670 627
318 43 902
60 978 646
590 210 233
850 980 335
9 444 881
483 56 472
657 432 189
466 94 128
682 643 670
630 245 771
225 64 464
942 288 239
572 909 829
391 30 472
350 987 334
315 568 888
472 570 990
155 528 581
473 169 335
282 769 934
223 506 728
440 123 630
518 258 158
614 267 603
162 378 389
939 638 794
636 641 716
881 94 150
925 228 577
674 384 385
590 250 201
489 770 18
561 461 327
917 165 865
515 652 809
252 821 414
193 355 672
766 216 848
333 692 276
456 415 667
121 910 11
16 115 26
497 717 187
598 242 659
50 814 823
200 228 346
216 110 656
387 66 451
535 691 218
664 592 867
920 752 927
11 964 325
928 325 938
189 639 908
130 283 421
773 341 345
956 70 910
791 408 801
281 14 489
658 246 944
221 135 789
890 213 542
617 456 862
604 281 621
181 452 956
242 160 785
117 179 861
812 270 577
874 333 329
357 502 497
577 762 520
161 904 105
607 520 776
53 452 209
540 323 4
422 993 883
162 742 567
485 941 89
590 267 305
262 932 350
788 684 159
388 542 158
631 572 242
945 800 326
492 215 304
15 948 291
154 587 867
828 603 618
508 594 217
699 778 497
967 175 338
589 592 858
416 506 901
633 244 615
897 476 460
966 551 217
873 77 416
969 959 105
362 230 123
488 99 943
755 984 708
103 165 928
684 245 32
154 151 229
911 396 303
572 114 560
743 616 885
987 589 232
501 471 679
149 499 290
55 148 152
78 180 374
667 732 306
144 384 418
29 935 940
306 482 355
759 75 45
414 412 869
446 907 302
189 603 63
706 938 78
657 170 632
85 978 168
115 991 926
40 984 174
802 205 143
688 846 98
220 981 633
761 126 423
818 671 516
576 807 478
181 368 539
730 560 578
146 284 396
77 752 359
159 515 907
527 500 493
612 938 456
341 538 754
970 835 877
8 732 965
481 368 778
979 143 599
580 838 575
877 687 293
935 645 154
240 589 60
389 939 736
825 214 751
615 354 212
915 768 704
389 559 109
378 116 699
614 94 846
593 595 317
208 569 318
259 337 108
635 945 210
632 513 920
27 46 401
772 816 35
405 113 963
572 605 543
160 217 45
51 716 886
209 216 678
192 480 481
14 408 976
245 508 696
325 41 109
263 26 858
834 418 334
65 768 883
542 104 545
564 972 627
831 381 519
833 539 69
663 363 440
245 490 412
195 486 815
352 370 925
860 236 988
978 81 917
278 404 259
872 93 694
444 119 853
74 264 780
994 86 745
650 61 902
606 529 86
495 267 974
485 244 655
763 483 326
977 299 819
759 657 762
580 178 441
450 648 982
501 314 792
632 393 61
333 394 581
153 184 9
398 187 687
234 858 835
811 107 551
819 604 744
656 829 279
699 987 776
436 179 407
676 167 915
932 965 863
832 826 349
357 106 649
864 945 155
516 494 419
316 222 194
172 201 372
556 962 388
256 903 389
659 268 790
669 68 293
642 64 83
705 535 818
621 29 270
463 731 944
856 854 871
953 157 182
908 359 659
242 88 621
248 980 910
151 467 417
690 386 855
765 932 857
97 36 957
655 734 100
716 692 518
116 896 851
832 928 844
322 251 485
574 130 380
903 511 507
719 429 175
232 118 20
10 887 503
788 263 727
692 533 314
783 475 47
523 903 145
979 91 827
885 62 446
993 150 974
822 371 83
54 15 769
891 784 49
840 369 400
173 644 950
177 826 494
82 139 794
60 331 807
383 791 119
67 511 752
893 266 610
270 74 152
827 58 103
98 567 76
408 946 912
165 566 25
859 315 461
800 94 53
881 595 396
120 696 785
160 414 857
513 391 253
595 488 483
346 43 953
33 123 917
406 372 639
495 860 766
202 510 847
804 887 296
54 242 965
529 350 753
632 291 495
19 388 779
876 953 598
102 782 699
925 624 997
680 963 566
346 103 207
766 852 319
263 412 382
690 296 949
876 949 815
456 355 877
843 9 857
554 556 692
112 345 759
758 55 326
610 636 678
257 570 487
900 506 584
389 351 808
653 227 896
514 925 120
615 334 171
745 779 400
178 591 219
688 491 258
848 754 787
652 136 784
141 496 523
806 632 516
13 790 631
369 267 470
389 247 201
887 703 576
628 200 147
882 543 18
288 448 349
784 541 652
326 581 734
417 210 276
841 702 527
798 505 40
59 943 591
252 220 766
839 520 556
533 774 564
22 828 774
817 352 64
58 374 140
523 36 322
98 768 561
99 309 973
657 512 759
888 916 707
75 329 616
230 20 376
686 498 532
991 219 470
910 50 848
468 835 396
726 864 212
258 551 26
162 562 919
373 403 173
93 967 101
570 413 908
404 500 802
676 980 631
558 756 358
586 56 345
941 431 74
583 860 496
246 38 919
558 712 189
384 927 87
629 51 740
572 970 770
688 357 210
835 907 727
206 8 617
478 888 82
485 834 265
451 469 114
690 653 522
717 874 388
386 11 105
110 233 740
789 31 704
210 212 23
901 4 735
695 0 280
430 90 314
442 611 579
353 728 845
119 688 664
645 790 183
797 340 390
333 449 193
785 484 361
583 585 617
173 331 65
669 572 19
416 300 715
715 22 247
851 328 363
221 32 63
689 456 223
229 192 386
19 217 802
253 357 320
527 903 763
540 950 297
111 475 41
950 515 1
152 441 292
199 886 617
105 583 986
996 772 531
670 444 158
369 871 103
365 859 145
824 772 695
638 698 640
582 268 928
217 828 340
623 362 691
580 590 821
149 357 132
241 356 526
122 109 150
83 627 113
186 568 835
23 957 930
749 327 68
750 749 193
227 325 974
147 113 809
773 302 154
210 580 260
597 135 222
436 795 242
566 793 194
538 586 57
190 784 389
83 624 4
719 637 141
156 656 994
408 14 883
444 984 563
947 769 399
715 639 973
79 253 867
124 619 564
262 223 600
9 52 476
648 683 894
928 127 861
853 313 515
404 714 507
189 793 764
815 32 207
23 12 530
385 784 881
332 917 288
901 464 664
613 853 585
827 788 438
436 826 486
104 704 180
846 79 297
411 300 303
514 312 842
993 968 304
32 701 825
446 955 518
309 218 537
440 275 87
128 854 906
826 814 436
673 208 972
629 273 939
102 605 793
262 499 794
978 629 340
779 770 446
269 353 397
282 585 186
463 541 872
413 902 404
517 186 191
628 36 943
280 436 89
870 805 34
518 231 564
749 479 177
911 935 130
565 691 624
951 271 673
51 379 758
259 803 369
312 691 922
144 104 423
605 827 465
221 98 351
72 596 88
240 397 624
88 255 473
223 620 59
316 394 83
598 489 750
750 452 250
331 82 871
677 925 903
479 732 568
340 470 421
434 635 432
606 206 552
905 260 768
761 994 411
345 218 630
349 963 898
345 675 777
637 743 31
57 877 688
286 924 13
997 480 312
674 648 409
530 456 291
199 444 894
288 657 986
620 266 564
68 674 316
614 208 216
648 681 407
451 210 708
573 344 937
253 944 391
298 775 579
998 787 721
467 920 575
663 537 216
934 659 520
393 492 253
193 196 369
968 163 58
464 711 233
775 581 995
255 175 467
37 930 68
803 881 350
256 401 215
538 327 539
433 986 409
462 912 704
84 849 672
419 125 945
865 409 729
265 169 201
37 431 886
463 898 336
886 543 64
263 242 412
189 918 928
886 349 810
610 308 362
405 236 668
310 491 678
840 616 865
445 461 982
23 884 772
131 359 798
663 636 807
219 572 856
437 262 421
472 21 658
247 907 893
401 863 444
227 56 187
476 212 952
513 59 471
21 95 289
716 898 631
469 788 563
417 27 603
762 457 493
995 294 547
411 931 229
225 546 519
753 38 105
965 270 171
133 898 632
509 748 652
341 358 686
936 363 564
176 748 914
570 694 681
88 357 300
295 260 593
77 315 715
746 238 291
960 292 712
792 870 50
529 75 577
85 68 226
778 580 485
429 514 569
894 149 0
276 16 39
369 900 628
21 954 17
416 119 611
111 645 795
452 615 253
315 344 738
569 326 784
749 972 635
650 91 625
971 952 544
357 875 56
662 829 682
191 674 598
836 970 111
313 509 198
651 809 765
763 161 402
150 94 806
941 421 476
465 988 30
790 456 446
242 798 883
392 14 654
467 607 909
175 545 702
10 584 562
966 80 237
180 190 435
906 882 538
743 560 412
43 391 654
258 332 10
762 862 145
358 575 517
689 816 694
368 807 368
615 38 758
720 773 360
350 464 591
553 403 35
606 657 275
757 232 426
282 432 619
644 769 49
679 313 216
163 248 714
798 693 958
417 185 260
819 481 756
503 270 830
631 100 862
37 932 554
827 704 111
709 200 464
83 599 515
842 605 625
928 543 508
527 183 577
89 792 593
991 174 448
419 657 544
781 788 297
669 149 292
60 414 893
350 50 626
248 27 95
271 646 423
276 622 821
31 741 284
937 52 521
696 684 569
460 772 237
8 732 266
656 906 80
857 842 552
954 708 630
839 13 860
544 164 273
954 320 729
781 743 715
994 507 245
593 620 913
680 539 698
165 571 105
130 434 686
217 131 928
345 177 125
331 947 365
463 927 922
724 289 23
856 726 236
207 723 427
644 553 444
454 60 678
587 355 736
836 158 107
279 841 577
926 685 571
465 165 611
421 470 337
239 811 241
633 460 673
17 673 461
411 138 392
478 45 801
496 732 849
793 858 920
336 962 645
851 695 862
258 325 950
401 988 777
487 321 156
815 496 91
989 323 654
388 596 421
56 427 590
5 484 315
213 934 795
631 426 163
313 400 322
863 120 311
418 466 311
361 515 776
642 928 739
879 41 67
212 697 762
509 441 549
649 185 814
956 738 164
912 737 820
631 509 828
331 849 936
728 769 52
24 398 883
659 678 102
302 152 208
579 93 81
892 7 845
875 885 678
127 415 239
540 347 343
187 134 842
382 918 125
579 631 709
621 164 683
284 643 342
551 67 776
318 210 109
609 970 251
737 947 594
457 900 692
766 721 636
932 940 442
732 172 339
717 961 47
987 888 973
929 117 590
664 643 388
867 238 928
922 599 856
530 451 431
150 981 866
902 173 166
38 301 242
182 890 994
657 536 469
792 542 685
894 848 416
345 490 509
367 83 29
656 331 511
838 895 916
852 994 787
122 340 97
112 395 674
520 794 497
464 121 306
52 588 928
602 531 230
189 459 366
294 547 307
851 978 946
129 259 748
88 427 319
540 743 618
67 24 457
551 990 740
360 556 807
692 371 42
814 385 26
872 269 396
335 242 432
395 833 747
392 866 211
471 391 691
141 589 336
332 353 292
322 829 792
187 948 327
832 838 488
670 58 66
302 908 507
533 415 587
647 413 550
877 424 124
988 254 316
448 992 675
400 832 757
986 649 681
97 903 309
665 960 611
331 740 549
86 623 802
726 92 280
826 267 433
751 906 125
648 645 876
508 475 93
366 625 895
290 950 751
191 233 21
568 223 313
245 630 292
304 624 27
737 57 447
230 400 940
207 945 865
247 89 57
316 383 888
724 112 484
172 450 108
703 880 991
628 85 380
713 89 601
198 152 661
201 377 81
771 510 555
615 839 235
339 312 507
521 282 89
566 7 151
553 668 693
96 746 906
808 618 844
222 759 968
516 255 320
351 295 471
701 229 29
462 765 818
318 600 928
275 381 880
281 299 156
880 55 169
929 9 456
597 860 514
275 190 319
54 736 715
80 630 555
152 366 205
793 879 887
212 987 18
431 801 521
964 728 541
849 480 76
260 497 324
65 959 724
153 357 995
646 326 906
112 20 448
672 39 953
513 649 154
811 71 113
602 332 651
717 166 235
772 50 93
239 994 697
122 261 241
30 611 353
172 534 238
428 907 972
370 857 234
98 564 379
632 684 501
305 990 556
289 291 703
618 951 367
873 580 701
454 39 844
609 617 644
843 761 346
923 395 298
609 481 604
196 532 266
515 850 299
494 856 395
968 824 631
528 94 681
884 918 786
420 498 73
290 739 515
106 345 651
943 965 538
436 951 966
535 330 525
956 309 858
844 73 882
164 705 535
272 435 508
775 142 620
656 375 562
60 566 975
945 49 304
709 476 360
222 411 249
618 683 554
903 956 130
309 897 143
833 482 522
860 79 986
312 86 408
143 780 73
246 58 949
506 161 343
356 312 520
236 48 244
526 362 717
818 795 718
309 253 55
386 972 219
792 915 576
63 578 300
709 693 150
774 638 199
211 413 894
620 815 140
297 173 509
27 673 118
250 879 671
28 903 421
287 997 797
158 770 230
789 318 532
878 893 650
356 875 88
233 66 907
291 480 623
252 115 955
834 905 354
567 407 122
344 680 270
112 318 40
142 980 456
672 855 450
105 842 908
407 736 334
348 56 767
99 542 431
531 825 968
906 119 744
849 12 704
409 444 384
626 28 248
643 959 567
299 61 718
131 476 107
744 180 73
69 478 868
880 357 964
331 753 552
230 575 845
749 317 855
199 670 896
700 86 151
35 993 615
689 775 847
192 170 672
742 109 155
524 628 588
367 540 911
419 956 923
684 209 814
298 738 573
71 6 603
523 730 860
87 837 261
946 989 203
637 352 404
780 922 50
466 326 965
501 49 658
846 222 108
86 25 642
238 983 829
98 462 458
619 899 837
494 680 537
13 103 284
701 180 730
920 258 678
289 984 986
273 998 243
746 150 76
941 482 852
551 293 114
996 244 768
75 566 378
826 110 303
326 339 599
250 726 326
684 336 151
786 716 706
44 827 636
162 254 72
704 805 332
772 724 417
287 923 676
589 383 449
466 644 365
631 140 404
306 439 22
912 613 233
166 284 137
156 2 952
962 8 75
937 941 705
287 799 829
101 1 244
860 70 275
534 423 767
328 646 195
347 256 56
250 971 433
1 572 356
705 640 674
451 238 754
250 409 641
128 339 648
246 645 81
541 594 72
327 547 363
985 226 726
930 540 365
407 343 957
116 698 251
173 199 72
591 744 985
941 991 767
132 859 677
716 138 17
995 790 801
834 815 58
438 740 953
167 829 921
248 812 329
896 882 774
251 177 684
540 24 268
927 879 495
340 605 355
740 326 24
582 284 553
79 185 703
10 25 281
26 207 521
529 282 513
18 45 471
133 785 703
185 950 41
294 327 815
190 386 675
749 33 897
297 146 350
514 179 202
872 463 198
756 250 557
528 48 329
868 844 423
511 503 938
3 157 479
340 219 359
47 337 931
559 783 818
863 108 946
22 826 916
31 532 146
550 954 223
820 123 430
664 801 469
875 54 523
879 808 549
745 491 558
170 716 220
507 29 947
878 356 23
421 988 250
326 21 838
230 465 930
955 899 629
385 656 793
917 661 47
236 806 164
143 577 280
114 175 702
492 946 3
936 245 646
956 495 852
282 677 362
872 433 319
805 350 56
636 614 864
337 440 571
692 97 606
809 516 718
917 882 479
456 495 982
679 745 297
35 331 841
176 839 982
596 631 496
855 340 458
632 177 701
292 415 913
95 67 775
611 421 273
638 76 894
155 178 210
538 4 486
104 667 573
411 937 325
491 263 43
562 172 775
325 415 424
487 437 718
786 813 152
163 169 774
303 374 510
199 525 752
963 630 325
343 723 433
296 617 605
143 927 690
655 17 250
867 670 835
601 173 317
538 986 715
110 349 318
250 940 895
205 477 147
190 213 552
264 778 775
575 886 461
840 70 628
879 526 57
319 414 127
502 428 830
468 591 80
594 745 573
435 813 789
849 168 75
365 466 744
365 981 698
44 968 69
571 604 76
947 131 795
869 65 243
145 839 16
567 290 75
15 316 198
790 519 552
730 635 465
726 552 107
313 33 992
822 225 566
45 43 85
189 414 116
321 825 780
290 569 593
34 226 839
45 100 703
214 313 902
11 230 442
303 68 555
720 707 974
899 642 691
466 430 91
838 209 217
551 328 789
708 879 647
347 210 770
20 745 581
262 730 970
468 118 789
80 734 422
910 147 967
351 962 536
321 622 863
129 98 28
446 791 153
142 757 180
455 597 395
637 858 867
838 611 927
776 875 630
207 819 606
76 514 311
214 57 518
121 708 457
278 5 132
913 892 909
856 314 996
473 351 686
734 604 30
489 341 232
469 195 678
724 840 89
200 274 752
392 389 646
402 483 208
580 893 887
75 632 391
566 5 64
38 277 233
751 890 358
97 738 36
904 203 828
296 23 686
596 730 787
887 147 736
504 980 392
228 444 23
453 131 926
807 530 613
844 926 222
738 8 651
660 614 754
403 265 44
749 316 175
262 884 578
219 739 537
632 476 920
369 274 828
36 496 62
698 964 895
177 513 582
811 503 183
818 295 994
630 141 462
19 505 263
896 306 840
159 264 932
801 283 79
193 56 398
225 452 380
685 588 426
508 157 696
337 910 142
68 663 137
107 397 651
401 212 258
425 423 602
173 243 226
788 169 105
495 432 863
699 882 623
599 9 820
230 191 891
752 981 212
951 913 965
884 624 120
661 989 989
990 895 409
147 24 797
633 271 834
870 517 498
761 840 4
125 681 218
219 678 427
139 999 482
923 514 267
180 735 612
180 571 900
590 204 377
342 368 467
784 553 669
135 519 553
671 208 181
672 10 327
800 537 959
118 612 127
102 400 804
419 494 970
661 787 856
211 729 827
688 437 865
908 869 224
355 228 278
672 896 242
846 614 559
114 427 157
397 690 399
580 84 42
852 355 160
392 416 699
650 925 872
885 104 981
231 432 273
793 702 482
852 727 507
249 356 245
715 312 382
617 839 957
444 332 549
157 170 667
91 79 885
79 738 369
433 670 643
280 120 890
228 896 690
183 251 599
31 216 291
383 305 383
74 852 552
290 583 796
951 312 246
841 897 853
624 243 944
633 94 564
800 6 224
698 898 307
776 3 890
387 338 5
576 151 766
692 232 566
360 770 708
506 841 9
969 187 492
330 692 134
797 552 279
459 460 387
332 85 168
924 268 563
763 811 666
643 762 72
356 396 796
887 514 768
954 341 640
465 231 981
30 46 758
250 421 866
146 194 618
221 326 260
166 134 799
87 643 876
158 912 706
919 540 302
859 986 121
990 432 459
947 235 722
299 506 979
437 766 860
706 821 761
128 687 711
535 529 527
259 463 856
986 710 322
604 457 53
981 648 929
245 22 546
945 436 508
550 16 659
112 254 516
560 743 360
214 626 399
458 169 835
895 821 24
293 279 806
404 485 73
583 368 977
981 628 106
689 724 690
138 560 243
85 665 397
858 611 724
253 620 383
983 245 831
483 193 176
447 460 919
331 636 253
606 899 340
696 794 820
122 294 719
210 623 411
794 354 177
74 51 514
553 46 155
384 800 318
521 783 745
501 423 540
653 462 349
328 332 374
561 538 313
277 819 777
400 42 970
741 544 568
708 599 564
917 21 171
936 691 394
573 890 129
56 584 597
472 676 842
548 989 470
18 179 459
622 889 991
22 253 664
469 776 504
948 965 836
36 96 97
375 523 775
577 311 2
187 44 425
605 254 266
283 311 710
730 533 986
993 911 292
989 61 564
841 982 782
442 202 536
502 284 262
893 224 624
316 927 639
782 81 73
198 322 520
139 823 829
368 965 155
162 866 747
436 301 404
918 719 192
82 547 83
511 987 851
765 364 777
431 839 851
559 716 673
160 348 820
461 202 700
289 598 943
802 998 269
95 409 621
777 97 351
309 854 256
225 792 721
183 736 907
774 183 429
182 206 131
561 583 69
560 185 244
371 916 266
244 325 610
594 299 30
592 392 495
493 649 285
898 729 849
762 415 971
731 292 117
266 531 725
462 152 838
742 320 773
132 280 954
881 951 359
465 780 770
568 647 510
963 521 599
871 729 61
793 244 998
477 317 549
701 879 417
612 909 887
338 615 363
916 439 860
931 143 767
632 670 766
744 792 963
43 261 966
514 98 15
74 232 957
868 63 871
37 662 555
447 313 377
692 126 60
78 395 469
100 82 54
933 615 113
972 200 425
36 819 460
674 421 519
539 550 263
672 415 872
682 330 156
785 344 613
865 128 492
643 363 885
316 341 466
738 804 345
475 63 117
444 694 156
974 806 495
172 994 405
791 797 161
302 885 23
766 195 513
69 195 834
388 177 381
704 110 994
865 743 194
912 151 170
414 662 590
578 236 198
664 346 410
79 842 815
671 569 85
419 628 603
424 928 489
609 800 319
732 30 574
378 366 776
789 846 559
69 713 436
687 633 84
934 579 650
109 658 923
271 681 840
601 842 87
94 490 522
954 265 735
49 307 281
911 265 387
178 727 829
4 45 798
914 804 619
184 519 251
20 78 976
34 9 341
67 853 337
542 844 854
867 475 553
32 783 779
840 136 967
286 534 793
476 51 122
922 227 664
559 224 205
16 637 52
709 999 366
254 605 111
94 210 749
808 729 674
965 436 886
581 111 969
465 230 202
815 70 515
846 155 94
765 50 246
694 344 261
43 7 311
624 964 287
99 985 573
474 680 831
41 702 556
629 93 228
749 439 523
37 610 861
262 696 123
305 10 184
737 719 647
114 72 122
642 599 116
818 994 101
940 747 792
237 286 894
737 776 40
211 375 282
480 647 250
512 926 82
234 25 130
707 885 901
287 763 225
860 847 130
614 450 483
487 131 533
651 170 367
779 478 504
958 630 163
75 263 886
207 731 726
993 82 997
342 710 142
28 315 893
714 93 995
362 349 710
132 289 988
631 954 820
507 913 96
897 971 449
880 443 938
846 674 608
273 113 402
191 835 226
230 731 51
617 887 957
553 415 742
756 348 398
176 362 330
98 199 836
244 635 461
183 71 502
680 57 132
956 819 37
624 782 66
465 920 952
115 516 383
685 720 860
151 665 14
612 110 329
482 152 773
28 647 913
993 729 55
953 435 906
919 257 715
365 914 501
790 752 616
579 487 106
568 239 878
510 443 523
691 431 659
275 997 631
282 329 29
613 300 407
766 218 264
286 595 731
714 686 576
710 530 174
541 501 95
787 79 214
80 345 468
486 519 975
255 289 861
531 351 911
907 409 185
972 476 660
916 736 25
300 524 821
723 692 884
7 645 943
112 745 461
346 591 866
780 627 212
931 333 641
695 974 714
862 598 678
875 795 950
236 52 603
558 990 723
827 51 483
493 138 759
260 400 188
48 496 149
726 153 89
307 436 558
454 821 373
552 992 437
155 958 996
628 787 771
448 18 138
674 504 912
216 850 820
65 334 997
871 240 456
812 173 693
907 497 602
325 366 536
334 733 871
367 507 436
283 569 7
17 178 640
987 77 356
71 420 442
35 951 387
82 961 803
977 402 299
283 485 138
446 173 150
989 459 43
596 124 932
631 45 901
646 570 70
434 924 276
73 655 993
910 665 975
631 86 305
181 651 125
435 879 358
915 845 4
233 6 798
108 126 714
555 916 361
709 269 375
424 824 804
131 96 800
819 650 882
408 14 982
666 465 446
6 453 470
618 126 600
600 428 488
318 879 376
993 799 48
18 892 615
780 649 589
189 192 45
992 0 273
605 924 333
848 381 219
640 939 144
88 47 813
542 411 611
317 303 758
675 938 762
238 373 211
846 620 346
566 187 240
742 220 666
533 767 67
887 493 182
373 675 443
50 437 49
392 402 278
540 233 190
217 931 15
756 479 459
276 758 857
826 480 251
775 341 382
125 849 312
143 846 595
615 963 976
962 349 150
302 101 541
508 362 438
689 795 701
317 180 684
794 38 827
245 904 4
830 739 20
228 118 944
87 630 695
645 493 100
996 868 137
893 884 837
75 93 472
8 851 976
50 920 646
867 15 807
129 381 944
247 379 348
726 300 518
325 605 108
801 580 161
441 322 464
14 11 136
837 258 16
464 838 803
393 91 774
54 521 324
425 152 94
526 270 15
462 998 982
784 829 560
695 325 445
197 724 357
275 470 655
926 116 432
346 992 567
98 685 567
13 930 609
629 923 441
417 427 707
918 337 113
5 79 703
77 936 903
281 165 886
784 963 673
15 879 759
846 494 131
593 785 865
394 107 827
268 507 496
367 942 146
339 181 543
280 726 459
839 244 3
227 480 252
95 233 639
503 189 988
130 16 307
195 923 916
765 766 161
375 972 519
356 62 838
219 979 740
420 909 958
521 895 455
924 780 596
206 205 634
207 345 864
671 446 347
350 518 24
765 86 63
839 816 770
989 282 244
531 319 816
389 423 536
691 739 231
125 288 698
876 289 640
375 871 388
539 848 136
663 264 681
749 192 98
584 937 191
938 536 577
459 209 175
993 380 172
363 870 186
695 840 127
442 636 699
455 941 688
836 255 156
272 289 453
208 53 181
142 240 981
682 246 904
565 242 217
763 436 111
623 357 471
453 928 158
787 951 645
738 477 989
489 615 329
540 851 57
413 929 588
583 270 184
294 629 747
153 169 214
625 161 215
439 383 984
989 991 661
374 338 423
690 891 990
584 989 243
843 24 834
567 688 2
737 586 643
10 598 329
190 119 603
394 881 593
692 441 466
954 411 25
101 744 37
897 553 560
905 522 589
879 87 4
523 112 713
559 129 564
779 259 239
838 407 104
624 434 759
19 298 125
75 993 346
959 0 501
410 964 435
689 187 560
377 485 990
588 845 529
633 775 560
641 839 723
434 749 284
386 144 125
379 278 341
309 480 658
380 889 80
805 505 704
862 552 670
803 231 346
244 682 233
893 409 501
846 640 322
196 634 203
328 517 274
37 558 747
949 747 134
695 141 242
22 653 279
160 2 752
53 819 729
230 396 13
464 268 578
294 43 722
88 64 637
901 837 486
465 39 213
808 641 937
142 129 20
484 481 791
550 20 925
829 635 862
210 79 284
676 964 641
455 470 205
885 260 122
190 271 498
662 205 908
530 962 631
346 449 672
351 896 11
955 847 930
453 257 418
350 162 333
939 933 244
632 786 817
936 950 554
281 180 724
481 662 912
303 380 561
13 795 483
709 896 743
615 562 60
239 932 584
527 999 425
961 46 542
154 757 441
193 2 790
975 606 147
731 222 388
870 286 45
69 465 785
681 989 669
658 95 568
565 356 313
560 472 5
418 476 484
167 793 371
816 948 380
57 147 4
312 980 163
671 567 997
219 681 329
334 642 677
76 330 441
864 554 406
756 974 159
349 181 388
492 37 6
87 629 154
359 153 43
200 610 981
501 962 278
538 982 547
96 931 176
838 958 803
166 216 658
84 748 577
128 349 419
91 771 689
59 803 592
242 408 581
575 316 703
290 274 824
447 333 648
720 991 911
334 760 734
874 434 682
801 954 91
38 686 795
865 15 501
409 757 510
423 864 680
157 242 725
397 622 152
227 546 927
268 797 656
858 819 626
99 224 10
541 49 523
767 56 831
194 62 194
860 257 486
350 888 953
219 357 82
918 477 232
624 312 24
243 155 97
132 610 551
434 766 815
258 77 432
984 96 27
350 348 771
425 671 748
306 396 761
576 701 300
508 578 613
342 630 101
42 843 399
265 38 666
704 277 46
503 938 510
227 12 444
657 275 516
693 449 224
262 508 716
940 376 522
679 689 145
754 713 819
467 333 91
205 649 790
812 510 542
810 443 724
444 962 988
235 199 88
551 674 295
756 350 392
199 563 938
243 450 992
905 664 568
924 655 10
692 933 514
293 301 6
364 472 848
641 598 453
207 671 250
267 735 244
830 667 964
439 141 289
201 788 30
349 995 271
863 237 970
271 435 507
422 261 213
461 295 876
230 504 400
557 202 288
68 65 556
911 547 125
769 766 885
915 291 784
797 215 727
79 543 481
622 38 512
172 667 364
144 236 20
644 307 741
201 277 198
237 918 996
470 275 3
696 479 468
644 45 308
320 701 944
633 676 335
439 393 562
521 77 161
679 132 5
420 250 973
600 695 440
874 348 260
150 671 194
271 384 76
208 495 371
945 125 579
265 733 599
711 596 532
246 450 278
640 129 187
529 48 334
14 683 294
891 799 269
83 334 735
957 722 443
54 733 412
412 405 418
129 680 931
31 462 343
110 917 495
520 591 689
595 448 909
205 259 808
528 930 937
194 642 904
102 636 483
926 509 278
910 725 720
518 782 768
693 617 366
513 356 782
432 956 113
537 457 268
912 533 131
260 808 734
459 783 89
510 217 163
341 319 879
771 16 753
623 610 153
926 757 377
218 695 887
951 549 354
804 557 326
443 138 926
561 822 107
237 801 18
692 452 621
264 375 640
490 769 463
676 560 898
460 544 175
142 990 556
851 898 394
257 263 819
388 655 666
117 636 833
945 631 37
53 367 265
511 675 145
639 89 64
322 695 679
333 21 616
929 457 530
196 405 159
867 699 846
613 884 840
207 28 785
887 34 671
23 200 440
622 903 958
914 90 659
332 139 980
960 870 902
781 103 94
246 717 569
588 494 468
248 286 70
163 158 798
961 305 935
804 534 91
149 42 752
824 570 912
802 454 380
168 550 171
735 191 809
472 951 392
548 143 483
315 81 344
272 800 363
709 559 723
505 519 172
37 994 562
370 759 621
345 159 401
996 206 312
872 844 763
779 217 729
499 460 481
818 574 64
708 436 410
244 18 155
618 993 310
373 676 38
951 224 868
505 335 548
737 611 913
691 687 30
715 733 464
78 780 168
762 757 82
725 432 797
405 548 509
284 136 431
787 371 346
51 744 268
82 467 494
249 564 329
618 361 757
376 22 285
602 406 600
865 537 932
407 434 128
382 269 476
845 909 615
835 929 393
639 863 75
675 822 380
81 537 441
868 509 312
113 991 817
162 845 151
467 436 606
386 31 747
833 254 881
262 510 188
663 409 925
709 569 794
283 36 152
431 754 689
333 296 810
322 935 518
806 50 375
889 687 362
572 695 790
447 615 178
478 385 332
120 679 584
707 402 429
356 390 493
61 965 94
185 480 637
746 605 669
588 243 831
776 937 103
806 889 894
16 883 670
116 55 34
453 229 588
917 500 845
615 806 32
589 373 295
880 820 157
889 772 727
59 311 367
870 731 308
291 505 648
380 159 414
187 324 310
478 416 494
166 274 2
345 560 445
794 871 379
102 241 743
330 409 428
542 549 322
215 500 590
544 462 201
440 928 894
387 71 921
639 15 944
29 893 702
745 495 137
615 252 604
23 317 842
625 999 54
760 723 582
77 474 58
790 413 93
530 310 559
805 904 871
842 907 727
890 113 954
706 152 317
344 647 280
964 52 715
697 396 574
346 191 48
938 157 170
842 988 396
435 289 444
509 543 864
0 857 909
102 514 302
630 54 255
179 722 970
787 319 203
232 995 772
291 567 646
116 810 466
10 424 784
521 482 208
110 356 221
42 132 23
844 221 155
761 594 14
87 202 148
171 175 701
128 895 571
127 834 966
867 568 268
947 65 612
393 869 727
268 138 486
79 83 310
908 193 811
848 309 559
421 73 641
817 170 273
952 589 672
976 651 312
278 423 135
384 504 114
998 83 963
687 976 944
156 889 332
345 96 635
424 433 633
454 887 566
879 508 863
487 532 177
292 918 897
412 795 272
304 773 232
970 653 838
471 331 131
26 57 669
718 702 508
121 512 748
489 9 345
172 222 294
219 127 211
526 351 320
715 875 672
96 474 57
547 857 927
596 327 561
766 221 353
711 791 983
393 778 902
561 774 562
668 905 216
572 921 230
787 266 828
660 977 101
299 408 391
501 825 0
247 830 868
507 482 886
786 184 373
761 821 836
465 929 842
488 588 71
362 231 989
81 511 109
403 375 813
918 553 18
350 77 2
557 739 704
649 946 702
47 587 56
998 201 63
508 757 461
231 678 268
831 212 993
149 228 946
95 368 787
525 363 57
16 527 149
690 649 113
87 411 86
812 134 414
882 787 614
147 69 763
923 242 630
444 115 993
218 717 97
970 968 267
80 112 220
442 659 617
949 426 862
272 195 15
926 362 216
115 196 980
469 770 792
900 577 265
421 388 913
631 851 168
86 287 897
932 375 585
266 819 449
81 57 113
189 565 471
71 714 390
907 923 976
379 543 996
476 551 568
194 461 594
81 629 551
559 440 143
650 882 844
585 82 350
678 157 552
775 885 929
350 570 587
332 442 580
682 796 163
386 378 979
379 359 89
827 562 647
690 804 971
651 826 55
23 219 207
257 15 833
930 746 465
415 444 189
30 740 790
659 388 478
343 552 120
957 334 782
496 902 310
704 361 579
184 689 955
883 7 941
86 749 270
30 469 603
410 175 392
232 334 195
873 294 976
213 157 6
21 421 878
807 921 542
987 31 792
676 623 934
762 753 800
700 715 306
726 699 865
766 109 223
897 162 367
446 87 735
906 696 572
3 748 801
154 169 410
981 212 561
40 286 118
533 569 418
612 50 761
194 641 697
47 137 256
374 74 802
931 457 668
773 460 955
497 393 564
356 849 677
894 521 768
775 547 337
201 490 507
873 701 798
911 403 461
718 77 968
103 867 393
202 904 881
498 671 871
557 310 851
253 799 187
804 365 51
331 726 488
148 343 458
835 252 27
575 428 574
996 794 431
396 953 717
733 658 32
987 813 570
373 329 322
926 503 860
622 520 972
603 768 529
144 738 107
346 364 687
581 583 18
102 506 300
665 706 851
893 769 313
58 765 252
230 474 403
677 611 354
597 657 430
678 794 742
818 810 616
76 780 84
42 392 135
661 721 853
27 620 135
676 324 334
241 751 360
884 742 136
904 300 399
798 454 465
242 471 166
11 961 712
545 937 958
494 994 727
443 7 930
924 633 592
411 943 491
921 253 592
773 472 605
10 274 244
68 51 361
839 476 664
53 876 775
661 230 140
60 672 515
952 933 175
383 176 28
646 615 235
725 619 551
401 352 4
160 662 801
70 166 790
451 148 140
563 335 371
913 563 185
377 297 254
322 881 332
566 329 765
380 944 495
851 940 9
372 9 830
983 76 582
628 159 923
513 487 98
863 54 175
934 505 373
897 803 515
426 203 783
448 483 81
464 907 884
941 772 988
1 734 349
471 12 933
928 531 732
74 557 892
158 323 104
267 986 263
163 769 492
584 515 825
60 611 868
732 796 411
436 361 445
783 187 382
168 311 542
97 939 547
730 34 316
82 495 608
861 135 221
808 253 166
237 549 317
984 168 777
227 692 263
375 269 152
261 436 572
838 396 828
520 223 260
291 986 814
507 748 534
217 353 827
494 888 103
776 511 865
546 20 749
652 678 457
651 417 755
468 396 877
796 720 877
484 948 753
571 581 51
176 185 717
784 855 342
349 556 750
24 686 469
993 214 865
927 410 628
146 604 323
262 861 74
139 451 256
953 971 147
605 620 416
779 264 330
684 452 61
273 481 610
519 487 554
520 515 715
637 216 89
827 211 135
867 337 714
346 367 464
402 623 169
259 299 160
919 579 753
408 876 261
750 58 634
85 247 302
82 505 423
477 834 768
824 423 848
618 37 24
38 690 826
815 268 370
363 471 917
792 510 273
404 975 759
646 392 936
623 82 653
952 899 436
684 643 153
554 583 281
61 875 200
822 678 900
207 206 383
328 149 500
263 259 146
251 646 913
609 512 308
797 63 991
48 110 957
525 890 262
434 945 740
25 727 333
33 654 717
639 52 909
689 922 837
63 554 602
106 388 558
54 335 774
561 204 235
35 763 700
743 166 569
320 734 890
940 56 16
66 425 698
236 55 158
53 336 166
872 339 740
526 483 273
117 450 856
882 503 986
744 947 766
828 419 921
206 685 289
5 999 969
996 745 856
642 560 737
286 456 533
634 705 126
643 862 180
908 251 454
868 21 350
308 535 725
698 604 317
270 828 306
520 436 301
601 919 338
114 304 504
694 623 135
904 662 878
885 906 30
715 109 996
231 339 932
130 917 826
557 303 475
453 422 92
198 338 989
965 481 882
382 702 993
142 824 567
272 953 403
804 24 707
389 996 142
150 904 704
156 611 211
417 492 311
290 407 349
933 7 976
783 831 73
37 635 812
141 724 419
104 61 468
736 780 100
812 913 914
474 405 149
61 597 414
621 738 156
180 731 155
212 31 934
501 472 555
231 792 463
134 724 596
296 588 211
388 171 383
188 382 492
323 539 564
4 735 640
194 689 47
320 698 354
308 511 603
655 448 546
389 566 154
150 877 746
592 609 253
366 190 661
155 423 400
545 161 597
911 609 344
692 152 46
607 440 897
699 633 249
921 503 573
843 676 928
829 980 159
273 312 521
250 354 53
755 760 836
384 241 922
767 699 114
815 841 939
930 846 519
735 217 143
764 742 610
349 542 389
402 858 892
788 74 286
842 595 785
258 693 508
80 323 906
224 981 749
933 655 601
660 392 477
431 282 784
247 448 746
221 169 705
807 748 72
644 490 678
578 226 972
957 686 866
77 588 464
740 627 359
696 420 149
739 972 853
670 597 435
239 465 106
968 526 589
721 200 506
908 553 852
372 768 433
692 202 230
257 290 536
370 716 117
83 584 730
331 18 894
698 965 933
834 393 433
823 531 494
419 998 253
738 242 975
37 30 533
516 604 329
756 837 420
14 330 340
45 860 356
333 620 762
611 427 353
2 337 898
116 87 5
779 206 377
143 447 224
251 986 70
24 423 737
417 805 875
449 290 506
574 531 560
142 702 735
4 484 168
462 709 102
204 351 78
696 822 23
499 848 700
962 644 620
450 226 110
198 368 343
718 359 152
490 285 604
272 406 936
543 864 316
71 65 83
251 373 682
613 21 623
862 995 425
669 330 891
499 407 971
620 705 112
879 815 191
7 679 654
734 941 772
82 277 788
297 181 313
172 979 125
362 287 560
662 649 383
561 597 230
155 928 328
769 373 495
988 983 139
208 82 22
390 289 989
183 97 562
531 812 729
815 345 844
847 503 958
545 8 632
652 269 716
33 458 384
560 520 100
874 983 342
411 673 247
777 167 812
854 111 99
146 975 230
179 971 702
618 133 907
472 740 633
76 299 217
663 77 462
178 640 702
324 774 974
430 38 745
673 57 914
146 904 174
981 200 142
59 53 156
683 748 586
83 469 181
316 147 339
239 32 217
747 130 874
583 901 957
850 246 808
771 339 123
835 356 424
359 97 988
669 385 352
601 866 282
38 654 305
342 892 802
562 581 798
324 729 681
722 584 240
443 103 470
825 656 441
939 990 308
212 227 511
237 406 953
232 423 707
539 89 964
666 782 779
146 301 570
903 20 976
50 190 529
449 752 397
575 515 657
392 688 560
298 901 781
155 129 932
573 188 883
99 802 471
646 6 463
932 821 576
445 519 175
943 768 424
210 374 934
944 278 722
24 594 402
194 565 63
659 221 508
546 202 125
688 669 209
29 803 95
847 750 318
865 98 261
924 885 816
586 76 864
790 692 750
384 819 380
694 242 259
735 245 931
946 158 739
576 246 424
594 197 230
125 396 588
284 762 715
278 706 126
312 525 280
639 937 513
157 271 290
550 148 195
834 53 114
794 137 616
20 520 124
151 928 619
245 505 122
90 763 849
885 209 846
548 756 415
929 887 405
845 814 442
360 806 105
110 496 38
969 425 378
663 317 166
45 291 860
483 801 490
335 857 861
7 797 455
754 794 31
52 950 323
492 168 706
989 286 490
384 213 523
842 329 459
647 342 11
135 982 201
149 732 954
840 786 118
88 315 470
127 410 471
287 136 340
784 263 165
299 780 227
287 929 428
392 875 491
766 273 125
685 706 184
432 214 952
761 67 458
680 965 361
816 366 115
525 990 972
216 826 696
373 111 371
174 150 703
485 74 756
448 439 296
611 153 721
264 703 287
652 789 236
603 675 345
525 343 366
879 81 365
51 502 979
923 882 77
777 8 771
773 154 980
889 749 991
980 617 755
592 185 242
439 550 704
419 241 780
168 650 372
755 873 254
304 724 675
972 145 859
976 744 35
596 141 637
635 692 559
41 44 364
655 402 887
851 903 672
587 874 722
218 897 54
955 468 412
847 172 167
317 969 84
895 40 738
590 440 395
703 305 575
231 13 690
813 261 934
907 415 522
160 537 710
409 251 473
872 346 773
106 415 793
402 4 12
739 571 239
792 677 67
473 892 91
509 784 545
878 53 235
474 982 635
391 342 383
147 487 829
910 696 456
546 897 304
976 539 316
255 319 505
855 64 735
36 723 90
375 611 354
926 330 426
954 183 997
816 581 827
339 398 226
400 498 943
637 210 2
581 770 429
49 808 78
113 906 634
186 492 161
491 189 923
637 127 380
363 432 96
471 690 240
361 457 96
748 654 798
939 643 130
60 495 193
462 285 180
18 110 495
901 802 508
635 542 999
264 370 670
484 524 174
80 709 227
878 792 800
894 239 7
213 818 415
705 226 608
371 393 607
64 766 825
142 767 915
133 46 581
494 242 322
792 970 702
467 499 818
699 117 530
325 410 376
709 16 970
550 935 223
937 68 126
678 273 204
941 539 466
316 809 575
315 204 347
685 333 650
914 868 290
179 818 402
449 395 698
909 629 342
627 705 872
253 183 905
567 956 261
350 710 398
454 737 242
917 143 793
495 673 950
53 359 460
846 102 92
951 694 2
392 551 785
9 871 64
899 296 433
425 434 322
201 654 378
124 917 205
858 696 802
889 957 700
622 23 690
264 911 203
921 727 270
788 600 880
428 62 961
65 995 461
94 301 862
345 231 889
455 364 3
283 185 461
454 708 272
861 694 880
495 135 420
189 48 530
492 745 764
460 520 594
480 11 359
76 971 620
195 338 90
601 135 507
617 618 777
658 143 306
172 610 270
567 759 108
48 159 327
961 259 911
321 833 467
851 627 283
729 426 354
897 282 906
6 37 432
92 65 527
663 82 613
892 482 768
227 937 49
172 543 747
445 231 947
525 745 76
198 594 507
208 27 788
148 374 158
391 378 936
952 141 908
911 460 897
532 655 36
366 522 303
654 138 539
897 896 605
804 450 320
857 68 192
994 249 431
913 220 444
311 299 379
132 124 590
910 328 233
615 500 656
379 697 484
314 9 30
46 765 587
217 38 598
143 648 850
873 435 634
392 79 984
30 911 536
841 397 469
242 417 896
675 702 40
838 753 863
800 910 805
483 61 727
897 19 807
738 725 217
728 622 884
682 946 520
504 62 226
177 318 104
696 409 383
604 809 902
276 57 141
722 289 428
722 978 108
373 973 297
763 30 115
697 884 64
550 131 508
819 18 288
518 602 830
926 52 49
52 726 230
398 410 990
504 67 136
511 574 448
67 159 513
216 642 198
82 948 619
260 60 792
193 647 501
824 94 798
947 407 814
417 40 778
683 889 167
809 166 596
272 347 873
897 515 63
645 345 476
392 445 419
685 593 541
932 344 798
373 410 722
548 187 530
258 516 738
825 91 86
141 857 43
346 29 93
870 524 770
854 564 548
210 184 714
846 110 785
302 553 190
966 79 39
235 424 248
227 895 250
216 749 734
769 299 638
116 717 520
426 767 673
615 412 395
171 886 936
449 887 630
489 160 529
478 531 791
836 2 876
790 735 689
698 213 272
507 560 487
217 475 534
791 405 748
359 266 563
119 277 964
404 276 987
824 657 399
307 841 237
300 443 920
655 72 638
484 467 107
978 672 716
687 107 440
540 285 119
554 408 255
344 630 95
237 469 756
937 687 235
936 338 503
804 889 200
767 735 422
772 927 263
855 769 34
967 651 949
630 299 71
649 1 889
561 327 937
543 846 907
332 676 807
195 691 301
674 161 914
712 646 820
835 790 978
994 224 858
757 882 367
250 379 641
899 655 653
499 301 818
809 347 116
555 235 366
828 829 946
119 815 527
133 210 187
986 492 207
241 165 107
450 820 759
624 81 64
272 227 295
305 354 296
868 978 266
254 236 929
588 102 703
861 251 713
120 768 695
594 427 936
716 837 757
381 803 500
936 712 545
517 864 705
325 857 340
197 478 786
466 724 356
540 140 999
958 54 250
501 748 196
300 619 199
129 475 120
479 420 34
325 542 921
608 548 548
412 681 865
872 262 716
371 856 944
736 427 271
181 136 545
729 222 789
952 219 999
828 570 707
844 569 953
79 10 447
101 297 359
522 406 643
743 133 946
749 121 479
543 312 7
621 65 535
651 2 867
305 400 433
545 334 720
638 727 196
262 981 626
755 783 630
55 332 894
658 146 236
801 982 456
563 524 240
838 598 6
218 393 764
681 763 69
434 959 258
314 895 882
742 746 570
450 357 185
618 224 441
679 342 178
187 801 228
545 587 163
91 401 225
163 406 822
443 715 326
123 381 291
316 497 428
498 456 770
774 820 2
476 821 240
146 956 406
569 930 753
867 682 54
484 345 692
493 533 55
179 198 464
535 332 542
920 499 46
975 436 712
52 560 787
378 406 116
786 363 779
796 706 160
740 374 280
215 257 508
460 370 328
290 432 160
61 465 373
920 968 13
764 314 486
773 563 80
806 105 612
270 402 303
97 880 729
629 813 285
400 529 61
711 963 377
733 255 436
604 442 882
389 800 263
720 409 56
40 483 446
411 343 450
836 503 968
896 278 223
405 761 812
652 511 567
430 746 61
283 810 234
546 819 265
267 100 732
80 148 830
556 181 734
472 14 571
5 883 206
222 749 393
867 131 1
483 973 755
242 443 407
229 193 405
480 511 622
532 6 177
444 11 915
443 841 738
335 69 821
281 455 352
219 395 824
521 315 37
779 124 262
531 374 899
260 683 992
695 784 794
86 710 674
254 833 911
6 966 596
366 171 584
395 602 170
464 651 235
34 822 49
56 572 566
357 500 241
306 810 415
983 439 802
762 231 953
731 427 952
224 27 194
413 473 706
724 325 818
760 988 270
633 203 247
927 295 896
898 755 808
331 295 922
298 926 902
383 829 794
183 976 78
904 824 653
57 847 511
294 12 882
489 815 629
181 33 683
380 400 372
265 892 362
421 405 561
707 126 489
787 632 687
623 53 866
659 759 516
740 144 135
883 327 234
319 386 631
838 737 505
389 446 665
416 83 177
802 328 773
417 423 988
914 602 154
327 656 178
396 289 850
254 164 548
289 482 970
547 11 679
343 175 938
518 966 142
746 353 878
27 990 541
330 547 823
257 952 873
362 77 865
310 235 76
519 724 878
756 739 970
231 545 412
926 472 577
644 204 995
781 600 919
972 415 2
645 140 711
43 940 585
249 985 296
109 217 401
563 787 804
392 155 266
93 669 171
333 64 495
15 91 890
409 461 110
696 180 616
511 901 298
194 105 576
758 312 972
395 477 57
970 182 652
206 594 312
642 75 177
616 878 53
797 974 973
443 313 727
464 304 544
444 536 68
223 761 475
477 870 509
354 493 589
578 347 702
646 441 568
986 46 316
433 424 134
790 587 723
772 536 206
325 779 816
735 185 602
950 242 544
967 93 593
359 671 530
366 588 268
54 590 467
4 725 690
803 0 360
104 637 601
924 642 283
885 609 562
678 672 694
554 914 168
654 743 15
663 788 693
537 604 441
354 351 120
662 519 164
331 355 221
150 249 987
860 761 933
338 175 266
720 843 867
445 636 88
430 595 591
746 659 818
89 254 102
348 698 651
801 600 891
297 932 396
50 930 19
660 9 786
443 867 434
716 607 192
914 104 773
120 62 487
658 314 954
119 703 25
630 477 448
936 483 42
357 509 661
845 651 299
945 539 186
106 544 325
428 896 156
402 793 247
407 817 458
311 393 496
709 607 38
781 675 171
894 114 999
195 712 239
209 494 85
757 318 737
588 212 721
786 932 213
908 621 552
320 539 229
758 584 644
285 324 74
184 93 261
934 629 176
316 930 130
290 455 146
785 409 374
912 614 258
501 819 169
481 73 207
514 743 535
419 325 187
615 323 19
844 555 782
421 357 44
514 555 880
490 603 293
962 436 226
87 644 378
53 293 66
283 731 102
725 868 144
732 161 307
785 917 880
293 851 145
439 369 295
365 539 929
538 672 291
4 698 990
1 274 350
677 491 175
798 123 834
49 514 384
594 80 813
404 669 624
299 633 799
659 930 929
536 478 825
211 483 371
218 873 285
225 409 146
662 395 630
609 202 86
198 532 148
495 645 194
521 741 34
736 921 654
81 48 629
535 687 297
595 282 560
31 677 317
219 324 172
147 598 823
848 255 45
229 427 641
998 295 632
297 505 533
308 520 206
209 768 636
638 690 699
486 782 12
124 473 252
938 75 159
283 800 323
455 337 968
395 435 595
449 399 240
998 730 433
918 216 898
706 894 207
523 956 664
756 883 296
828 139 431
936 977 993
761 191 832
172 183 758
638 142 622
130 674 349
570 628 309
144 186 985
618 624 545
15 516 391
344 271 915
974 817 729
791 726 89
530 910 130
545 425 88
732 233 771
495 533 306
673 386 659
510 243 649
988 412 637
125 195 689
66 494 274
564 240 450
662 296 561
17 94 325
965 821 987
576 313 377
957 17 642
224 806 876
158 609 408
319 537 345
245 193 502
719 895 403
496 771 71
172 414 169
679 288 420
224 286 426
687 187 278
412 737 117
982 493 358
764 410 111
571 573 453
819 400 552
137 455 578
42 615 349
486 45 651
92 204 928
974 22 287
176 556 29
575 568 531
695 439 701
445 29 86
923 71 621
745 234 791
314 967 183
533 688 543
452 892 30
231 394 674
617 943 520
655 599 255
278 320 13
344 208 17
226 48 963
958 695 763
946 59 912
258 725 613
977 668 995
42 468 594
767 433 846
708 216 326
0 553 374
902 723 482
116 446 558
924 94 477
612 108 735
669 575 774
367 76 251
388 461 450
703 290 147
112 115 496
486 22 173
653 229 798
493 575 489
882 790 463
24 248 106
149 455 125
590 667 53
364 822 98
655 568 610
727 925 465
104 192 488
900 346 652
557 877 3
653 815 9
559 861 86
810 569 45
226 752 990
290 244 586
3 828 348
550 972 440
584 769 536
743 687 886
677 42 325
59 618 555
605 312 508
858 33 911
616 308 611
795 487 863
830 404 981
995 453 987
752 158 750
365 933 273
59 659 950
270 193 294
692 294 710
71 647 253
300 314 276
408 400 381
578 692 666
789 116 970
603 481 4
672 890 33
367 180 597
490 571 151
875 773 241
827 230 233
9 356 214
685 778 2
724 601 388
571 968 784
221 916 768
923 180 573
564 718 992
122 696 538
456 169 912
215 421 607
785 718 822
886 342 378
218 940 502
482 677 182
457 378 48
991 166 118
533 588 974
130 71 444
357 114 476
386 870 32
244 535 682
343 917 658
488 264 687
261 784 513
262 832 444
987 843 566
380 815 82
576 292 760
574 10 738
792 103 497
985 692 897
29 880 271
792 54 612
357 852 337
394 271 503
831 509 872
622 824 278
200 221 343
677 49 336
756 110 489
426 604 671
955 1 522
20 667 161
572 443 401
189 680 138
167 609 195
346 968 263
493 383 50
459 73 489
948 855 215
316 435 487
235 292 986
675 775 853
104 159 155
894 797 412
259 388 636
685 246 680
299 491 897
400 315 639
51 208 322
697 448 578
927 901 689
814 634 205
92 380 433
103 976 821
109 514 806
729 801 420
64 681 385
174 276 837
463 836 11
996 219 673
526 330 480
460 110 493
811 622 459
169 951 648
50 198 16
638 167 391
300 332 296
251 748 621
934 128 348
649 752 269
435 813 572
291 140 747
887 452 85
863 534 600
352 741 141
494 950 351
661 491 336
83 53 300
931 235 772
579 46 531
234 808 381
214 895 279
947 626 722
849 612 978
724 888 347
332 149 871
159 97 665
209 532 897
842 910 438
742 772 934
585 522 638
817 89 541
452 227 473
701 160 498
531 286 306
943 990 725
443 63 97
353 156 365
551 266 441
205 967 278
599 878 765
72 684 604
323 152 924
918 762 492
299 146 798
684 237 452
102 264 608
832 933 699
529 274 265
882 570 865
131 54 429
699 270 865
804 341 868
84 1 772
355 452 313
809 845 44
180 281 286
655 982 300
120 4 980
789 826 36
505 622 556
348 119 321
624 97 316
570 650 310
432 604 173
109 188 181
353 101 703
295 20 288
832 759 139
162 308 205
135 938 847
21 676 747
306 972 622
156 539 648
513 157 131
994 593 441
618 449 838
959 504 383
762 294 121
120 679 895
26 65 208
918 938 62
294 173 757
938 451 261
718 291 812
224 861 707
323 648 392
400 205 588
461 619 60
77 778 572
960 637 40
673 524 414
791 112 217
581 810 951
182 482 651
927 361 474
351 727 146
72 335 741
859 870 683
3 723 619
100 374 107
571 382 633
270 191 750
61 55 504
802 456 313
845 497 957
474 43 158
409 313 823
799 493 279
952 86 864
713 865 475
628 28 78
936 690 75
417 762 814
100 366 342
378 823 59
274 416 148
832 99 749
878 749 53
327 315 478
202 696 658
84 499 878
145 987 993
12 112 123
35 556 258
723 468 736
934 283 276
96 25 292
428 274 902
125 653 285
465 294 961
220 723 734
368 610 839
583 175 480
406 157 710
313 617 394
948 295 616
602 195 271
200 614 826
948 761 75
853 35 946
50 318 62
140 431 237
19 835 112
457 777 112
771 434 913
410 667 54
693 746 452
98 171 330
852 404 2
421 54 217
326 585 493
241 478 312
77 387 788
829 642 760
273 831 320
10 472 253
184 538 645
712 404 472
132 880 765
798 99 732
368 335 478
703 812 245
330 571 189
956 853 504
641 77 568
626 714 280
565 503 714
484 917 687
869 256 940
566 353 115
131 733 131
869 425 984
732 950 51
199 898 548
934 992 429
712 743 976
627 521 609
968 647 344
550 567 247
691 437 439
635 288 646
323 546 27
103 196 733
527 114 180
568 472 334
827 837 34
461 249 267
566 214 77
512 483 726
692 442 667
415 874 892
49 11 112
431 817 387
79 272 723
396 900 504
127 179 147
806 547 294
623 198 789
123 709 177
5 523 167
127 416 807
310 168 672
545 265 254
125 949 564
647 55 347
426 0 722
225 924 691
828 418 345
717 308 933
617 177 301
574 552 192
767 825 121
471 685 934
718 813 789
149 406 424
145 783 658
435 860 54
330 879 496
198 829 807
476 631 422
841 623 156
388 124 761
362 518 726
29 551 140
812 177 780
97 993 366
491 294 861
390 227 49
843 475 164
939 477 622
656 390 134
245 142 428
357 745 62
936 364 290
320 933 893
851 155 691
627 18 844
504 36 220
462 27 792
660 868 346
227 730 723
416 846 786
684 985 871
45 447 480
253 839 951
278 657 568
668 649 209
113 337 788
177 539 774
280 522 198
812 309 385
23 516 967
768 473 400
515 759 980
821 423 693
540 735 182
659 24 693
127 587 14
471 443 99
491 226 975
548 735 898
212 218 639
868 606 550
826 364 204
767 30 975
188 979 321
855 928 676
638 218 209
992 451 919
902 630 357
24 51 253
271 393 308
883 886 827
398 111 624
828 65 740
633 1 288
791 25 898
212 373 330
63 960 609
619 915 775
893 846 913
954 944 500
374 489 657
610 286 853
339 940 895
277 995 151
697 65 151
138 715 75
604 281 505
575 462 151
784 723 314
558 956 878
962 629 23
702 317 734
574 318 902
353 240 150
472 57 858
830 172 248
638 675 814
77 130 849
166 714 21
175 790 337
14 810 620
605 137 11
266 378 482
889 753 376
868 439 863
627 980 334
465 97 529
537 245 658
357 689 753
774 609 4
676 527 870
242 103 504
807 637 382
749 276 385
458 517 755
126 39 666
374 107 321
96 913 758
315 419 803
397 106 309
328 966 345
639 461 393
669 645 682
291 776 460
478 994 402
121 601 432
232 987 258
736 801 325
124 790 776
258 797 573
706 781 25
426 164 190
56 99 141
324 322 541
568 325 612
959 203 940
123 762 828
697 530 418
972 344 369
95 267 196
749 461 344
911 250 704
732 164 15
845 55 470
35 261 308
178 126 46
755 534 501
357 135 643
110 53 736
196 2 149
571 50 772
941 219 505
127 503 240
784 813 166
226 209 527
130 20 111
815 135 477
745 821 566
390 93 809
314 252 212
759 710 730
773 961 103
630 990 647
100 596 212
319 447 814
272 988 916
537 671 1
164 363 604
861 571 924
999 954 730
633 80 262
107 290 640
629 995 796
48 453 686
975 60 873
194 156 863
468 720 738
475 773 431
639 222 436
427 938 852
313 720 126
457 415 932
32 401 686
873 230 282
627 945 471
558 743 832
99 779 469
493 604 803
698 243 176
271 95 245
585 255 641
751 494 912
845 256 280
520 722 813
441 716 436
859 835 778
456 385 210
516 614 51
83 3 593
103 966 526
112 681 458
150 619 814
938 785 62
53 109 211
129 271 26
28 973 248
15 367 51
67 883 401
543 189 991
226 237 133
237 34 763
839 42 361
763 326 502
98 377 523
496 397 746
27 333 432
753 846 661
237 827 482
19 16 604
168 368 231
177 586 122
57 7 650
288 142 53
432 692 481
237 150 780
612 313 872
750 98 341
452 380 647
789 327 884
900 909 987
996 305 570
269 59 43
527 232 717
687 416 651
294 284 196
422 423 485
975 207 854
843 284 506
685 570 683
854 70 782
500 720 361
987 959 708
252 438 65
840 223 185
150 466 22
174 187 399
594 859 230
276 692 213
547 992 19
687 877 663
834 895 449
965 673 492
5 263 757
153 71 187
470 379 354
868 522 401
722 611 918
838 885 664
492 991 870
176 554 593
309 37 167
80 269 463
621 145 358
369 301 71
564 149 2
690 956 808
18 692 399
49 864 842
696 99 199
460 532 240
499 632 569
956 173 250
756 825 85
135 99 204
846 636 637
340 170 988
96 845 411
746 75 934
317 497 9
254 421 215
92 629 319
94 150 529
284 502 88
607 268 406
360 218 569
400 425 762
490 788 89
783 287 396
177 688 281
948 677 108
255 125 425
390 364 495
884 575 674
334 928 805
101 374 435
569 382 834
264 309 450
384 850 68
668 878 256
368 777 872
911 183 225
435 191 574
704 946 35
972 745 633
473 27 591
404 418 149
302 436 611
273 403 274
560 90 210
836 39 431
645 170 372
399 918 196
858 528 654
424 684 794
468 685 102
604 256 323
154 325 114
398 407 710
100 647 638
188 52 937
852 681 425
54 570 323
618 749 235
438 568 401
123 563 979
920 451 289
496 957 860
436 191 143
487 923 717
919 813 117
576 838 811
619 444 907
136 944 118
901 902 816
712 201 892
378 178 2
157 401 781
435 654 482
192 8 878
604 688 894
54 409 397
547 409 631
805 831 737
872 982 813
191 590 597
171 606 293
523 838 980
480 199 820
342 636 319
564 755 831
444 332 759
262 875 15
568 207 364
566 547 801
978 570 833
975 54 604
394 259 862
715 915 242
801 627 904
536 357 375
966 629 859
348 600 665
460 897 901
205 652 374
725 57 388
552 12 107
408 244 211
798 152 558
768 41 35
353 564 417
913 491 400
714 402 184
793 701 282
491 311 993
699 590 911
663 172 352
601 577 171
88 321 264
967 913 13
628 422 583
127 702 744
175 642 539
954 457 791
460 464 991
560 900 957
975 367 274
555 605 744
191 374 260
990 874 437
143 310 739
762 415 732
591 137 746
554 926 191
49 155 777
239 924 388
8 194 841
415 372 450
853 244 940
164 75 609
388 451 417
135 273 158
173 645 11
398 948 808
881 965 588
389 714 274
498 145 587
714 988 947
442 995 490
271 755 817
643 665 199
831 813 945
470 41 893
885 849 768
247 406 692
471 814 288
866 925 556
880 377 208
842 823 631
720 99 281
192 334 911
361 541 305
460 314 510
183 87 908
118 15 167
903 969 733
602 459 587
640 507 188
937 948 916
892 573 829
762 730 660
507 995 821
908 615 290
491 474 698
496 16 526
581 222 595
438 278 346
236 557 344
399 431 745
159 760 677
728 751 137
291 608 857
665 158 986
285 307 415
97 559 716
26 831 305
217 611 182
927 874 136
223 952 637
502 161 242
192 875 505
925 742 386
547 226 412
672 541 504
784 681 907
190 960 490
950 145 247
37 323 74
156 390 430
566 496 971
920 65 22
326 228 937
775 995 451
817 566 73
201 459 30
305 605 379
151 41 405
275 644 68
94 51 467
144 480 257
385 816 31
280 371 558
664 970 731
7 672 852
323 9 238
780 966 532
720 723 4
374 340 984
405 128 938
810 683 962
64 779 821
379 897 935
853 274 463
948 361 653
776 231 857
394 370 206
580 283 10
111 441 560
345 89 597
411 351 743
967 338 19
569 266 727
808 383 902
627 943 713
219 872 10
269 486 888
816 488 758
264 783 513
801 267 318
811 240 477
541 549 297
394 469 8
131 579 158
595 963 843
857 557 244
748 85 550
277 935 170
135 599 550
83 777 903
620 250 50
752 116 492
930 239 742
860 170 758
730 920 295
834 987 359
118 657 236
119 199 510
81 399 178
763 848 901
391 3 129
677 775 732
897 147 762
425 713 125
671 93 276
148 564 27
476 613 967
238 512 443
336 775 441
236 965 102
564 726 278
168 815 283
288 203 723
229 281 88
394 889 72
770 591 24
181 15 740
254 464 983
51 424 357
593 320 748
306 560 78
62 957 207
385 203 599
665 949 959
140 912 280
825 741 281
833 573 846
617 495 896
163 362 243
951 396 535
327 968 198
872 972 449
481 774 108
304 255 689
642 602 217
722 815 330
427 78 796
843 304 792
834 326 421
794 554 462
323 35 350
205 738 33
761 546 284
884 107 883
268 724 415
214 221 115
436 952 398
835 753 897
720 931 871
778 877 731
376 320 699
121 891 375
856 444 945
782 8 659
66 793 318
919 353 547
152 245 943
812 809 274
869 139 68
615 322 547
834 345 470
57 330 763
696 242 980
167 677 766
2 185 953
448 353 47
976 532 387
73 201 584
246 275 648
829 93 90
681 856 573
142 718 10
986 411 928
255 705 370
136 95 945
345 15 741
597 816 274
853 116 553
489 132 827
753 293 607
806 797 23
186 364 335
726 196 415
35 441 738
657 650 12
561 494 464
224 50 805
251 164 704
448 185 694
891 777 203
396 639 870
108 413 534
452 186 717
616 514 590
757 192 867
645 336 162
718 326 840
323 33 10
640 332 373
749 79 566
790 140 380
332 36 728
963 393 540
923 809 451
624 531 525
464 710 813
473 41 928
838 287 619
931 285 58
395 349 697
63 984 995
402 892 424
71 732 801
804 809 540
66 226 653
285 405 731
441 702 168
338 751 744
464 955 60
117 649 53
681 899 83
751 792 678
672 93 428
388 212 64
722 765 455
244 83 593
580 634 88
156 1 307
99 897 499
852 895 365
445 39 862
328 466 757
435 286 368
825 588 305
451 958 582
535 43 793
0 450 162
787 637 624
58 284 965
92 448 366
655 20 282
639 213 688
545 281 358
110 91 705
568 87 163
903 28 140
500 375 474
563 71 218
639 22 723
990 67 404
360 606 670
450 860 429
906 569 477
476 133 60
610 304 980
128 758 326
318 200 512
512 874 14
603 378 102
763 864 357
767 490 584
727 553 421
431 784 160
208 866 336
435 845 352
155 299 179
512 803 675
632 49 992
416 594 368
315 150 576
392 918 964
437 115 522
628 544 622
818 201 112
152 146 661
502 866 490
872 572 370
76 599 700
251 816 94
249 94 786
641 513 830
787 442 996
978 507 740
707 183 780
390 372 649
281 871 56
917 288 297
196 276 968
749 446 855
404 952 825
450 47 598
647 578 431
422 470 509
444 285 262
899 892 134
114 376 509
106 826 511
845 230 251
296 432 6
881 985 24
972 541 381
720 978 929
679 435 291
689 894 194
675 877 761
714 439 454
292 871 528
252 347 759
86 54 973
137 517 335
784 437 932
90 369 808
488 393 192
711 79 767
809 348 426
872 562 792
429 223 629
421 520 912
376 437 31
545 996 237
460 52 286
289 480 947
905 38 996
920 111 637
640 446 299
682 557 206
637 395 385
236 91 971
548 752 405
660 163 881
391 703 20
446 330 533
779 258 574
433 524 399
964 184 784
9 806 696
232 385 63
922 449 44
23 623 81
80 949 844
859 967 682
899 528 889
995 322 623
207 886 879
360 394 981
363 839 44
755 321 392
536 420 201
178 300 668
612 121 536
312 316 0
57 380 992
658 980 616
149 13 304
209 560 271
423 701 808
651 206 894
620 921 538
735 847 879
598 978 683
224 424 848
322 257 240
728 320 855
410 76 611
329 770 598
863 5 796
177 56 82
211 542 775
149 284 185
197 310 427
726 582 737
126 902 929
120 237 902
118 391 926
427 222 301
157 455 292
506 872 723
997 621 529
838 812 589
532 338 432
6 271 336
535 795 752
39 886 708
823 661 268
94 958 599
367 584 104
808 327 323
134 681 505
631 230 271
875 420 143
485 665 285
204 458 249
158 505 803
132 31 616
165 622 668
269 804 646
81 617 815
11 104 907
727 189 611
110 679 786
464 599 712
122 611 680
410 626 654
668 300 596
829 378 951
883 566 566
96 194 49
664 692 510
414 525 843
198 432 315
404 305 959
914 316 268
857 483 621
150 173 514
725 299 788
137 356 955
498 131 9
286 233 126
141 419 515
814 268 418
682 971 792
560 224 777
697 4 640
383 486 908
338 343 766
607 693 515
463 62 685
848 885 992
850 403 962
595 472 131
873 849 876
535 146 130
612 292 522
813 228 379
91 59 669
343 767 200
375 985 356
397 264 650
526 483 351
112 836 43
513 899 170
607 533 139
694 962 197
649 605 657
559 836 465
67 317 677
524 793 750
462 218 900
736 356 870
131 421 376
906 649 883
956 595 459
422 927 169
846 195 360
486 483 604
849 502 556
661 853 904
85 994 814
634 261 404
4 288 212
593 116 745
80 298 861
632 400 402
576 168 913
135 658 85
267 406 265
694 542 774
54 294 251
481 888 813
609 647 91
939 874 905
672 991 95
46 482 306
846 864 129
100 938 231
525 65 327
850 83 970
529 767 341
346 214 353
49 372 56
394 830 914
91 541 635
857 379 761
473 632 201
237 662 291
146 933 385
858 617 26
705 664 143
217 687 474
242 788 778
509 980 405
244 424 691
207 312 857
689 639 168
1 256 193
234 219 885
990 585 141
777 955 719
541 53 155
403 24 270
29 917 998
410 467 165
791 44 719
111 286 699
174 250 355
169 507 980
799 760 986
936 177 752
213 952 607
344 526 152
974 70 201
123 176 80
653 844 324
229 576 419
313 186 207
504 345 959
667 424 981
466 542 301
265 165 717
172 116 283
266 453 841
920 141 950
61 677 632
442 364 323
658 84 162
39 46 900
347 909 935
891 539 859
390 239 0
807 928 700
656 525 402
605 969 582
693 671 755
64 874 149
32 367 406
804 190 20
602 300 268
775 790 132
586 642 656
352 778 806
345 396 413
462 716 759
188 914 141
831 593 110
516 973 854
774 856 813
346 799 173
809 769 655
632 670 724
667 511 365
775 751 761
183 989 62
465 453 860
825 446 275
998 937 945
996 527 650
23 53 682
369 635 828
138 941 733
309 680 9
954 993 359
600 79 438
217 136 459
267 81 844
218 823 585
730 76 845
637 204 217
111 66 330
590 78 709
689 730 929
189 556 164
185 381 580
759 860 403
766 249 462
283 930 415
228 219 873
536 978 171
258 236 290
558 904 41
936 126 916
170 700 188
789 762 188
87 522 670
729 44 249
763 5 730
133 574 754
846 92 163
183 535 804
498 401 464
446 221 283
705 310 334
154 186 319
426 354 919
925 859 9
575 593 888
557 149 421
155 541 631
499 426 777
582 265 806
331 783 875
799 0 822
487 597 501
451 740 199
341 608 101
961 3 50
169 877 537
958 492 177
279 204 127
598 528 811
408 16 99
671 742 533
223 761 958
847 899 694
952 615 807
75 93 348
301 545 161
676 999 228
199 288 542
364 402 783
666 913 965
471 193 852
357 550 953
196 299 524
849 435 143
295 294 657
233 239 100
67 770 216
141 88 867
981 821 922
569 404 532
475 63 189
915 839 394
257 521 309
85 970 217
783 685 861
831 493 214
485 704 303
159 695 36
848 888 963
80 976 608
253 716 131
207 479 735
944 776 939
818 496 129
294 953 848
127 857 429
172 494 847
596 457 63
365 826 281
590 120 382
341 816 539
552 82 352
755 107 15
709 6 497
324 359 7
656 322 39
76 83 41
148 75 31
704 368 137
172 575 844
350 321 95
779 104 574
39 883 12
0 824 448
813 317 672
945 569 817
528 328 379
755 930 727
248 681 489
81 662 320
900 590 987
540 20 594
837 252 518
208 619 352
5 695 368
223 981 162
687 191 56
804 190 263
816 373 903
380 108 576
929 345 797
529 9 795
931 953 670
345 677 78
838 530 203
754 87 709
246 305 830
493 853 908
363 7 409
703 40 746
392 650 594
504 773 272
451 658 9
16 979 838
928 108 343
925 585 715
671 878 276
952 463 578
223 835 327
245 220 645
116 790 662
126 928 345
680 74 125
179 619 792
736 709 589
807 997 562
330 221 48
486 856 981
889 936 77
610 48 717
83 121 37
167 916 138
56 763 266
132 235 41
231 279 761
400 95 270
15 393 580
701 450 4
189 910 370
919 568 770
979 237 836
560 657 691
372 777 997
389 666 128
765 332 683
634 851 854
386 427 745
404 672 950
414 604 628
430 418 648
115 116 689
528 167 790
617 509 738
858 703 307
221 235 920
122 268 545
11 584 743
431 878 740
433 150 319
141 216 544
12 768 328
905 761 310
968 6 286
116 285 70
838 19 724
532 747 837
788 385 155
268 514 989
958 631 282
474 48 424
217 232 589
410 135 987
313 216 401
401 6 619
792 502 657
556 714 851
442 83 379
684 864 827
863 488 394
447 125 711
795 79 458
39 563 505
608 992 885
104 976 259
257 315 478
385 269 459
519 42 36
87 725 770
217 303 961
422 406 491
85 656 167
90 700 811
163 620 290
10 952 315
714 432 293
525 809 18
806 798 951
264 612 493
20 220 864
253 985 285
828 144 977
746 963 235
837 87 76
234 556 176
929 99 745
194 677 404
325 260 924
807 744 242
618 245 665
997 182 124
735 478 173
524 174 229
470 153 622
355 632 158
33 993 573
947 224 126
732 376 113
344 992 753
895 554 630
130 325 135
338 585 803
890 282 883
349 848 411
346 100 750
882 518 311
538 907 889
938 723 634
265 517 931
422 387 177
809 372 298
278 820 375
2 891 908
380 700 578
79 561 275
608 965 98
480 389 696
537 780 75
878 155 886
205 515 817
798 308 1
336 174 49
457 478 80
565 739 611
817 466 643
499 685 556
995 69 785
279 492 685
719 924 829
530 499 358
489 820 337
879 172 550
311 364 952
551 624 792
787 690 547
563 248 615
892 597 167
30 254 325
509 189 584
560 154 303
359 910 355
911 310 788
624 161 285
266 884 608
107 993 620
336 22 5
817 278 606
990 352 3
810 879 751
560 710 900
927 511 327
296 978 690
128 397 568
322 744 672
271 848 784
50 782 854
664 290 192
251 749 294
501 538 414
800 480 700
533 317 956
483 90 278
675 219 443
6 39 834
210 903 313
925 278 78
803 532 546
192 600 576
441 529 872
189 951 657
827 634 474
874 354 5
381 902 420
486 445 953
558 742 211
774 5 338
272 640 583
423 918 63
705 160 629
351 904 577
468 810 665
836 858 164
841 554 258
36 490 475
889 550 675
890 276 824
915 416 809
997 721 581
663 463 868
407 105 607
98 764 614
699 568 646
760 436 427
250 148 665
868 248 792
491 108 859
490 795 868
541 93 223
760 42 3
6 618 732
882 531 751
412 176 782
187 263 143
693 517 705
899 576 800
403 778 659
978 601 720
876 432 436
534 550 345
389 742 707
39 735 389
176 723 895
838 308 240
251 35 945
398 123 237
768 535 586
216 840 50
447 668 258
623 673 289
19 486 427
906 118 355
461 499 388
25 725 654
876 19 37
171 723 240
36 846 176
943 630 499
954 543 48
611 281 93
541 661 377
408 491 350
26 492 529
494 388 72
881 116 869
421 563 425
960 206 76
944 933 170
733 154 268
390 663 943
208 911 315
740 568 852
902 40 893
839 263 42
256 100 109
336 863 370
560 658 545
847 116 869
79 149 961
868 774 902
250 426 792
321 216 791
116 452 241
751 992 435
798 728 85
686 737 817
944 115 449
835 648 539
409 520 962
152 548 892
87 231 73
102 356 215
924 272 681
912 53 667
409 574 128
246 641 525
795 87 107
963 366 552
431 887 2
230 413 434
476 964 957
984 807 530
691 359 85
976 252 35
589 543 640
340 17 456
558 177 486
103 432 859
763 352 721
723 7 132
593 598 355
559 738 349
622 998 547
534 721 250
419 312 531
289 233 852
71 116 917
210 251 393
598 844 443
114 279 49
373 133 833
488 806 227
937 951 49
557 325 600
610 900 840
121 446 333
100 274 880
943 653 254
40 608 431
23 492 315
430 826 346
934 109 993
553 891 750
222 59 285
323 377 377
994 456 72
974 374 571
698 644 901
867 925 395
547 816 154
994 622 547
577 996 937
497 958 982
75 819 719
232 437 807
124 788 750
29 674 599
134 713 231
188 215 273
261 725 298
116 846 346
739 305 577
155 87 892
365 807 855
49 95 147
655 287 272
759 902 471
938 875 813
822 190 587
551 448 655
37 264 591
23 117 185
969 387 864
175 971 70
98 330 405
874 360 349
984 118 148
798 305 423
928 593 385
778 999 733
456 90 508
482 175 26
987 994 589
101 154 665
597 102 84
788 957 972
805 338 380
370 0 342
685 515 503
412 120 822
403 998 63
596 259 385
291 20 428
534 596 860
743 435 716
434 224 282
942 264 308
519 180 671
984 46 876
684 144 707
64 334 913
258 332 907
575 404 343
472 945 472
546 79 580
596 45 157
486 22 968
948 452 556
532 939 854
19 668 929
227 730 774
507 127 983
701 380 5
670 996 94
560 559 165
62 242 333
257 19 18
689 413 701
829 910 961
336 537 522
15 422 92
413 427 235
414 181 497
508 38 807
86 105 393
941 307 979
441 99 522
96 384 328
581 686 922
871 125 239
176 24 133
489 292 883
269 481 126
428 121 344
335 242 620
10 3 868
997 571 669
143 97 376
864 181 585
597 168 677
371 244 290
928 334 847
554 597 884
371 945 624
470 178 270
55 50 527
446 85 416
899 95 859
653 519 918
15 963 302
862 741 148
159 166 53
477 42 345
904 731 372
610 852 231
976 327 345
594 850 827
564 295 821
540 177 501
388 482 931
535 357 75
623 553 273
948 451 460
531 994 280
336 322 382
793 814 519
711 509 550
399 680 950
562 105 835
273 662 2
407 744 999
193 535 17
111 954 521
216 762 244
209 977 165
498 36 934
746 626 998
172 923 553
180 131 855
441 526 236
141 563 508
327 362 583
13 907 33
36 261 15
284 253 798
0 985 440
260 656 385
984 185 549
386 252 534
158 615 559
605 320 205
144 227 272
577 895 402
901 598 683
191 925 299
427 604 449
452 233 866
848 410 563
537 496 366
631 636 199
606 560 331
720 821 77
392 268 765
925 562 44
591 425 127
707 156 587
637 267 668
745 904 561
683 954 446
26 219 546
201 329 496
466 41 859
92 395 745
722 362 980
232 389 670
532 434 500
840 659 692
614 504 781
931 270 154
556 335 820
768 397 231
941 17 55
289 487 610
216 335 771
577 19 414
636 516 871
536 186 898
36 563 869
331 628 86
833 417 285
534 600 479
409 399 512
664 31 273
820 281 752
848 672 114
656 305 234
348 433 884
49 533 973
211 355 835
890 261 792
367 599 815
626 277 469
62 209 898
829 718 197
396 802 720
135 978 804
795 789 193
435 273 66
378 407 924
280 724 675
791 998 77
355 804 392
939 110 883
624 371 945
948 585 68
882 442 794
210 9 458
172 299 961
799 990 242
675 440 591
837 596 197
728 242 1
563 830 215
120 325 664
78 535 470
880 300 588
918 923 226
822 398 616
565 118 638
147 129 36
588 457 106
912 811 990
604 251 157
83 58 521
954 629 581
260 870 705
380 531 929
275 188 717
206 317 407
584 386 265
8 151 930
309 495 522
931 747 309
508 964 71
576 371 993
22 506 381
458 15 442
775 63 719
489 941 379
157 987 488
933 596 627
8 446 985
437 451 372
432 951 828
431 655 23
0 212 954
827 665 602
12 289 343
468 340 598
407 562 187
807 269 936
754 593 327
844 358 634
83 283 46
132 951 322
122 147 810
655 941 115
945 155 734
211 995 542
863 978 743
961 351 778
910 36 449
542 809 683
103 598 645
645 298 188
609 588 535
166 999 864
967 611 200
819 398 885
398 283 146
456 196 732
239 320 222
920 53 233
12 188 961
612 305 301
232 846 43
484 773 331
970 468 398
275 782 380
890 459 97
172 299 28
421 497 421
869 580 337
760 490 290
180 464 406
46 955 427
131 695 85
774 506 14
700 804 713
936 106 360
157 671 573
171 577 811
188 577 340
170 786 828
498 631 760
144 2 4
948 9 440
38 535 635
225 968 964
533 370 799
482 612 73
33 284 46
306 257 6
565 528 755
877 865 682
416 898 602
375 978 470
284 429 418
69 311 175
161 638 895
658 315 524
398 512 379
287 342 864
957 458 121
397 84 331
382 843 917
340 237 697
711 764 997
19 174 784
362 204 745
158 749 729
116 577 252
518 771 221
385 543 520
278 193 225
792 782 756
43 998 887
315 125 51
738 38 234
805 14 453
549 709 744
990 854 57
234 70 679
355 92 793
677 110 22
452 147 269
846 422 600
236 90 102
752 680 296
514 899 60
625 22 318
304 677 697
553 861 110
138 604 886
382 123 240
189 337 53
884 726 261
37 636 312
886 281 863
242 880 439
591 576 281
471 941 214
186 904 11
258 355 858
31 93 970
169 651 414
640 214 378
834 275 365
495 983 30
106 300 453
729 602 818
641 822 143
860 607 145
948 760 3
499 683 946
535 304 242
89 514 902
501 945 189
447 759 226
792 60 56
504 162 385
903 411 636
557 104 562
455 438 888
334 470 15
640 647 700
812 429 232
764 197 305
81 395 893
675 333 594
784 109 568
708 966 456
184 485 796
406 43 791
601 819 710
144 563 714
281 877 141
134 436 766
8 920 64
161 913 300
577 501 709
989 395 288
310 956 230
424 985 928
711 276 540
831 8 681
879 60 825
385 714 834
975 805 468
954 793 536
973 49 87
460 620 31
159 649 931
853 762 297
817 350 840
452 68 810
932 768 988
749 493 204
690 633 910
817 754 289
770 480 637
310 265 383
396 156 784
430 579 30
736 280 441
148 579 39
980 95 723
439 798 74
589 880 990
921 71 444
818 502 912
173 125 541
40 279 575
636 454 221
142 813 636
185 767 910
851 734 536
702 503 865
338 484 124
672 590 20
104 235 695
169 134 23
144 277 205
423 862 20
298 304 833
792 530 669
623 285 435
656 841 518
531 832 527
689 615 542
650 170 315
2 340 647
438 902 612
476 199 192
372 837 966
104 886 109
6 949 978
529 938 687
745 691 337
625 272 163
293 323 76
176 814 398
805 555 330
222 712 177
56 227 39
332 483 187
205 90 580
178 312 890
276 690 104
337 40 191
53 525 703
900 222 904
648 57 267
714 157 957
150 372 979
429 47 173
588 501 907
172 328 151
787 179 521
837 145 298
1 676 727
13 538 301
495 39 571
909 212 656
230 984 969
524 683 179
952 193 175
17 374 879
363 747 206
254 918 753
689 850 482
133 571 404
476 310 722
451 856 482
603 64 91
104 876 504
905 236 590
790 468 168
166 43 269
371 210 867
697 565 592
291 389 208
333 475 305
114 98 956
547 668 472
332 646 491
94 325 175
576 634 658
157 607 947
752 260 790
146 204 951
269 341 435
329 529 23
3 38 18
152 669 557
825 970 590
989 438 231
302 472 713
891 558 71
300 175 649
713 112 585
813 869 638
867 988 533
699 722 27
55 751 686
157 207 147
119 822 363
4 159 1
593 120 885
494 44 269
934 985 472
889 891 571
799 156 561
743 217 661
730 900 326
591 723 728
734 924 53
737 293 378
426 255 236
174 295 564
675 800 974
21 449 206
890 706 577
659 722 685
633 455 201
660 25 678
448 492 791
334 897 275
971 210 605
525 852 818
733 319 777
476 308 275
878 265 437
738 217 256
400 663 730
606 691 861
361 611 920
471 812 294
691 191 949
240 522 131
523 143 365
481 155 323
932 383 582
132 627 260
125 221 851
938 885 46
23 267 538
905 495 668
689 827 363
637 256 16
756 584 263
760 582 932
152 922 542
902 674 309
351 729 680
116 843 407
52 90 589
838 22 90
431 590 878
188 163 748
38 952 25
485 888 850
62 940 323
765 107 897
415 620 472
101 423 141
256 839 218
520 411 139
782 164 444
264 290 173
943 484 978
44 236 440
581 445 696
29 552 603
453 741 665
703 228 35
542 675 462
600 978 550
682 561 517
367 80 511
636 702 393
30 523 377
161 761 490
923 497 715
276 235 815
830 313 268
294 333 222
283 922 751
886 366 136
70 622 282
448 0 463
418 772 427
289 363 213
724 599 542
303 288 224
276 781 111
96 483 807
621 143 174
60 340 967
94 611 182
819 614 862
128 871 312
210 811 759
520 202 857
13 936 980
980 168 429
339 582 369
211 22 854
40 759 799
868 118 301
313 790 8
615 557 194
686 0 186
351 309 954
761 703 330
63 316 342
420 690 819
106 605 366
43 320 128
733 829 994
241 754 266
229 759 139
307 128 629
935 807 361
85 12 931
566 730 662
53 408 74
675 531 683
578 740 434
224 15 792
322 280 241
201 681 390
408 650 460
604 616 48
6 909 153
235 870 844
296 373 750
63 799 909
359 383 359
306 589 783
635 588 541
585 795 679
790 168 51
427 355 541
439 137 227
829 46 238
204 848 276
806 541 863
609 594 771
882 581 485
315 128 409
442 845 596
660 552 86
498 705 581
378 7 747
514 39 30
686 985 32
695 65 163
739 755 693
230 83 710
564 555 927
419 490 59
818 719 757
617 105 786
328 171 907
695 752 122
40 126 945
846 795 829
551 366 467
326 570 231
159 776 342
158 573 921
84 514 219
262 907 823
277 903 561
689 662 732
714 509 607
926 400 229
639 347 753
607 831 768
717 467 96
215 349 793
256 55 403
473 34 55
885 474 372
482 23 866
513 586 244
577 525 576
290 866 1
986 164 664
597 763 523
748 849 626
831 463 792
992 808 806
224 274 245
160 584 134
147 280 571
617 653 433
640 700 630
271 284 238
875 634 358
643 236 507
66 707 981
702 823 838
473 863 895
425 470 152
503 85 627
133 846 340
526 551 696
941 230 103
179 283 620
688 178 849
766 711 46
120 414 272
443 143 970
530 116 412
696 87 525
272 928 181
183 862 129
828 341 243
457 274 432
68 344 349
478 696 725
237 796 71
285 717 57
549 684 402
755 838 336
5 375 940
350 176 801
725 5 986
296 109 841
207 262 720
877 44 429
698 87 865
461 523 597
348 674 778
2 952 974
324 67 821
666 369 955
49 721 388
28 792 826
484 686 496
256 212 937
80 597 339
57 954 365
620 522 520
971 759 702
86 866 156
768 912 634
188 220 473
988 376 303
247 854 249
819 673 94
649 673 971
896 399 510
252 790 601
175 887 965
538 564 243
777 993 24
356 717 775
222 392 889
221 288 216
696 600 610
988 758 63
49 118 50
589 616 243
49 103 85
546 28 176
363 655 1
286 36 91
928 678 998
638 516 407
373 219 250
160 895 112
522 735 95
29 535 180
230 374 601
231 744 71
618 748 159
863 398 670
916 579 715
272 341 773
249 191 234
111 188 445
420 18 282
554 979 604
416 14 280
382 733 402
49 422 998
982 898 911
429 204 354
136 709 83
623 225 537
8 395 877
2 236 740
639 178 652
274 129 450
782 840 447
334 424 293
477 933 275
429 947 882
20 244 306
898 52 703
445 216 179
624 503 987
680 193 642
978 358 634
773 122 391
900 327 802
543 277 383
312 718 181
361 937 810
671 463 829
69 141 244
675 857 863
842 990 682
171 656 386
903 657 447
645 349 63
755 114 839
497 823 853
517 220 127
972 197 559
761 868 820
618 985 441
506 173 990
262 436 84
485 939 487
620 105 746
52 18 35
194 326 572
470 19 826
906 471 904
214 480 674
429 274 623
591 764 521
219 892 312
417 79 554
542 804 90
561 371 946
734 331 537
54 632 881
42 354 973
474 323 206
340 358 576
391 577 708
66 352 30
190 3 376
363 153 406
981 235 606
150 173 393
580 36 968
400 101 419
414 425 583
941 273 982
848 933 900
365 722 721
627 751 819
41 459 417
148 103 630
225 2 224
215 735 600
208 648 179
301 240 527
33 602 179
292 199 696
310 45 480
63 757 602
449 463 882
32 473 825
169 201 653
183 54 466
326 784 873
933 405 979
131 372 813
446 392 599
644 413 344
638 289 636
127 345 973
709 595 69
366 145 451
154 515 150
400 576 749
914 160 846
959 794 447
562 990 339
713 154 133
696 832 241
609 123 830
634 722 369
679 330 958
486 326 958
373 410 157
200 805 603
591 350 990
282 159 307
270 6 990
137 947 677
152 611 739
967 644 356
190 725 704
634 445 24
533 784 835
664 938 186
50 217 530
524 412 780
11 560 463
498 313 858
56 952 119
345 361 854
891 439 711
918 642 521
443 696 462
2 953 633
222 247 409
162 395 636
18 784 13
769 911 910
524 289 799
669 236 292
270 133 437
639 108 601
119 247 353
133 656 26
297 446 657
805 355 362
238 652 507
721 882 355
635 660 364
737 53 708
274 528 723
231 666 305
319 27 588
745 625 457
720 182 984
137 965 535
973 68 406
217 429 121
770 813 116
998 150 738
578 127 676
801 336 488
513 167 319
477 553 607
259 43 511
291 941 128
983 711 418
298 93 891
435 733 2
582 348 697
155 186 227
822 302 284
32 884 841
2 468 127
965 954 555
480 783 583
31 136 196
711 542 172
631 357 201
382 485 966
1 658 900
118 881 962
905 677 8
39 538 775
457 594 761
226 76 204
623 575 720
754 997 31
843 8 758
57 328 488
766 801 628
740 693 650
220 293 198
711 727 620
384 478 832
208 494 405
389 301 272
510 998 66
275 59 529
34 292 212
296 717 685
248 720 444
465 343 577
9 482 301
229 442 965
198 39 455
992 843 271
308 896 771
174 238 381
249 175 473
730 744 936
24 46 318
352 304 200
357 161 912
476 364 887
623 188 144
580 310 201
14 919 887
441 33 744
614 722 443
970 80 347
475 412 652
151 723 2
413 386 809
992 980 695
955 226 609
203 893 281
63 937 339
863 935 423
554 619 750
99 469 175
825 452 617
343 998 167
909 224 157
170 818 611
359 590 104
22 462 679
318 824 909
822 724 493
299 475 301
208 110 862
696 957 956
312 998 683
827 883 344
286 567 507
491 586 127
417 320 123
321 805 357
398 554 848
146 946 582
121 873 595
170 111 388
290 541 65
375 424 520
869 412 790
142 587 191
120 858 645
267 621 763
862 612 390
55 722 781
411 291 582
358 178 902
875 196 38
668 40 133
710 797 985
260 340 583
538 659 160
27 210 576
418 295 313
523 11 272
235 891 192
725 285 414
153 319 408
968 196 94
219 150 548
920 592 543
733 804 40
86 599 157
58 529 35
306 397 984
102 871 308
917 25 129
840 300 598
547 614 847
693 684 431
866 566 202
807 838 506
575 191 690
665 481 461
255 642 163
579 90 565
852 838 117
599 81 582
739 696 452
591 358 884
569 214 644
743 944 519
629 891 225
871 765 698
755 996 355
705 854 958
990 726 383
964 127 250
498 910 690
868 943 701
584 108 65
595 273 568
214 356 802
137 691 576
330 157 284
526 516 878
452 775 611
195 962 144
552 14 997
172 176 264
845 513 20
927 988 931
863 552 599
305 883 569
106 444 151
503 756 230
249 999 381
798 407 66
646 246 297
135 693 557
1 107 177
40 363 860
927 638 28
164 319 932
29 606 709
274 314 971
242 963 852
903 914 232
490 876 709
858 669 544
627 387 365
957 705 148
262 818 651
152 555 645
886 528 345
149 407 96
643 716 988
552 678 889
699 159 50
463 133 856
65 422 839
161 242 767
195 774 560
318 719 915
265 214 829
173 894 656
502 448 448
811 493 158
518 309 524
306 222 259
639 716 47
728 234 594
563 420 69
127 246 892
6 112 10
573 203 319
780 569 23
907 697 829
867 215 134
479 745 295
19 487 900
392 950 267
723 574 81
738 74 995
323 464 955
211 138 174
100 504 791
748 73 223
197 746 120
441 751 455
0 87 287
126 452 719
732 134 352
438 89 760
536 899 926
274 102 863
334 116 574
521 777 564
778 684 483
478 31 74
189 246 121
89 797 954
893 578 335
936 903 451
579 346 991
799 217 192
31 357 281
43 159 159
710 598 906
288 776 632
863 427 26
359 496 955
519 589 857
629 621 47
88 478 733
241 221 944
451 85 878
340 739 501
912 238 498
232 899 174
928 916 64
576 628 838
968 616 694
827 916 550
137 192 980
138 945 424
463 477 852
741 767 368
990 645 822
903 928 37
947 636 215
687 550 534
947 843 836
831 319 170
522 15 207
18 71 724
681 524 91
311 0 373
569 653 980
513 845 255
60 663 905
124 763 502
734 666 19
829 140 111
687 367 429
