250
49
4 173 322
57 108 149
235 43 728
41 163 511
163 76 397
22 103 241
108 249 114
87 97 331
64 160 356
24 152 465
195 172 18
22 98 848
116 156 906
209 213 487
162 219 800
226 202 612
52 140 918
170 52 270
127 170 321
18 90 990
155 68 495
111 59 214
24 237 21
102 180 240
122 73 106
126 180 46
93 47 441
247 152 701
139 52 390
29 66 836
104 223 895
178 151 286
8 145 624
242 15 244
82 1 395
193 83 526
193 220 421
0 151 351
143 185 756
203 222 872
83 153 986
3 149 141
232 28 948
17 214 104
78 77 117
98 164 136
115 30 197
170 54 612
89 19 426
