1000
6957
191 47 550
566 421 482
590 43 311
588 684 823
547 474 524
959 501 924
144 882 482
874 476 400
268 788 662
676 157 426
405 20 510
233 218 22
136 813 756
882 770 417
824 993 559
90 939 523
660 601 648
341 363 151
547 259 680
425 164 453
115 383 525
203 133 778
317 904 835
632 855 675
684 454 472
665 891 68
984 63 890
959 932 550
647 331 453
997 8 627
379 107 907
516 293 461
445 159 870
775 282 731
910 72 851
453 322 241
887 632 24
159 760 750
292 790 618
274 365 816
975 865 586
492 839 776
596 170 620
59 123 595
835 265 807
417 354 129
163 227 135
275 315 495
957 391 713
462 576 60
550 999 627
924 198 189
852 452 938
837 489 251
660 954 643
6 989 940
942 736 828
306 198 725
561 336 815
279 917 197
748 870 981
660 242 341
669 562 156
507 324 149
698 234 820
516 178 359
963 160 673
146 425 737
141 580 862
906 533 531
164 926 83
212 261 394
304 698 299
141 978 749
146 619 945
851 961 721
429 231 365
243 229 689
702 180 350
629 27 663
639 16 188
553 234 653
380 23 872
533 283 904
637 371 380
30 262 668
46 183 948
453 704 776
875 972 397
6 473 460
254 244 208
901 936 908
720 396 861
921 485 327
611 791 829
581 707 56
686 769 730
17 693 159
167 211 935
696 879 369
106 391 103
960 125 523
986 953 480
613 892 392
142 318 917
207 853 650
267 408 572
413 596 695
382 518 394
429 587 898
355 768 264
362 506 464
483 655 884
776 609 846
640 730 210
102 641 587
372 581 806
762 302 318
307 482 785
834 488 219
734 99 119
8 545 38
140 250 679
85 722 130
876 945 663
124 211 622
589 942 512
590 157 536
207 342 104
741 528 472
252 932 779
407 777 321
934 533 445
107 413 748
916 179 649
338 830 715
660 851 119
62 964 467
437 736 886
538 360 472
857 178 157
635 449 360
597 862 2
251 47 711
440 890 730
509 416 829
914 768 845
676 652 452
208 836 506
386 141 664
857 979 400
127 784 188
785 961 926
799 397 972
569 736 542
541 953 492
826 203 434
563 952 152
910 321 86
237 896 15
73 923 942
329 242 707
963 710 752
150 42 640
183 416 58
457 432 988
138 383 977
672 941 3
821 11 83
504 981 557
553 697 352
788 737 61
818 440 180
547 600 22
210 16 734
732 848 522
821 773 42
545 129 407
612 68 527
833 626 183
200 689 82
532 24 784
429 928 444
187 455 474
690 166 215
880 56 203
261 678 700
374 845 334
335 809 4
307 397 186
64 930 954
714 171 895
223 184 546
710 544 722
263 845 976
425 461 290
619 303 625
246 953 143
403 306 584
621 54 135
438 487 944
875 335 247
373 290 726
673 700 750
717 673 560
725 604 361
540 570 667
614 627 32
617 576 240
671 34 768
711 965 402
238 405 766
98 40 916
84 476 604
58 282 665
448 488 980
901 875 797
456 772 529
501 8 333
989 818 421
122 888 992
138 383 266
538 766 72
581 684 594
293 937 921
310 46 435
545 712 715
775 50 134
820 593 308
788 764 961
158 177 178
494 774 967
228 692 217
869 995 632
505 153 993
785 953 920
677 978 682
297 671 781
601 638 624
768 19 23
983 856 80
62 156 711
692 611 802
716 732 510
864 734 113
766 714 971
851 408 993
870 14 473
468 495 742
106 844 682
999 872 804
257 846 531
488 354 202
237 925 201
71 143 809
442 127 820
729 422 574
376 584 508
979 801 723
540 865 1
494 141 235
525 616 816
666 861 49
991 460 520
988 78 489
459 202 685
76 839 789
24 12 885
377 670 460
874 192 546
993 129 861
197 39 458
601 142 161
635 841 255
836 578 933
825 231 116
50 358 309
426 516 118
542 911 893
650 917 931
954 312 698
716 922 410
610 516 71
339 593 412
282 861 786
597 256 924
982 552 97
128 978 998
701 685 722
771 313 541
48 380 970
152 450 125
371 809 669
803 46 217
99 931 274
347 976 559
359 95 80
262 428 303
101 847 468
424 720 975
449 15 206
784 157 274
61 287 222
565 315 261
915 657 222
459 385 991
206 568 793
454 351 245
865 340 994
910 492 35
790 458 155
429 886 863
7 676 118
536 562 7
710 425 181
883 509 798
833 950 395
84 626 390
430 748 82
347 251 630
523 518 292
576 277 943
61 873 222
17 784 284
66 58 614
68 971 328
276 747 709
229 557 585
927 577 838
372 233 868
911 453 671
91 730 211
917 544 616
586 646 67
601 865 112
432 474 835
642 421 510
853 671 604
580 22 329
58 649 456
263 959 231
608 294 72
571 369 568
710 937 696
851 805 236
959 114 200
290 195 389
292 938 195
896 243 101
307 985 577
635 347 579
909 135 668
872 64 118
440 941 406
509 46 243
204 860 612
233 164 941
311 709 956
975 501 6
249 342 918
505 382 304
962 375 870
17 227 245
378 534 288
403 805 807
647 488 997
158 217 960
447 920 872
966 183 711
868 20 235
558 753 705
869 440 132
246 14 973
747 57 161
99 94 133
395 376 331
656 310 637
769 817 308
179 633 382
487 302 56
829 287 4
144 861 175
57 716 176
276 935 736
765 111 239
127 49 780
748 162 309
170 122 562
814 627 426
148 257 854
578 48 334
321 175 860
149 464 935
778 139 890
310 316 984
331 810 998
699 253 223
73 125 965
579 212 70
263 901 441
281 973 19
147 870 236
201 59 274
744 672 169
359 752 538
106 337 147
356 310 967
869 227 912
303 111 132
619 153 914
665 607 308
511 762 85
579 716 194
138 504 2
559 661 430
566 144 221
109 960 893
519 117 816
392 853 650
847 897 58
590 305 575
376 162 376
357 12 161
841 145 197
592 961 739
375 698 50
286 270 485
853 689 729
840 213 366
351 174 463
349 571 448
644 774 918
614 328 774
575 207 307
186 778 493
690 319 786
258 609 125
533 602 376
38 697 726
472 134 893
539 321 420
700 511 809
320 868 683
843 17 423
906 0 131
43 148 228
811 242 636
809 310 796
511 585 440
181 684 259
383 321 122
393 694 303
359 621 944
23 396 835
143 504 335
67 513 848
493 627 349
584 899 495
527 766 866
514 777 776
648 373 83
769 651 532
537 822 542
53 654 582
719 655 632
175 991 282
502 269 226
62 495 670
304 498 52
223 0 581
360 792 942
358 885 867
902 779 301
957 185 43
823 488 323
964 323 607
213 545 198
791 654 746
341 693 232
415 47 250
336 883 15
135 84 491
187 354 463
312 275 711
949 842 912
873 659 437
67 515 264
904 706 832
151 488 604
218 772 617
290 315 623
419 95 740
233 228 184
318 661 690
935 270 119
640 214 461
671 838 166
176 902 574
546 251 838
444 803 420
982 34 979
903 16 188
203 227 297
459 375 368
838 298 810
697 174 611
859 946 406
504 983 439
963 815 519
194 248 933
578 83 633
973 399 77
699 398 649
727 494 333
485 192 978
797 522 805
570 819 292
109 847 315
422 4 576
795 629 565
11 678 978
419 182 837
876 339 6
490 287 109
992 611 438
251 85 542
296 800 103
72 168 892
240 117 896
379 544 683
592 311 205
359 557 363
574 159 262
690 706 207
390 323 499
43 777 756
111 374 425
610 946 861
747 369 643
937 837 948
142 418 328
71 900 957
117 429 116
578 591 148
589 217 319
620 484 607
220 993 771
363 562 795
311 903 134
560 226 98
365 571 921
442 2 774
237 785 101
271 868 339
452 198 811
710 130 423
502 238 999
559 119 321
480 769 414
989 320 226
317 147 497
510 394 159
812 669 361
628 750 882
398 211 403
801 933 367
477 229 766
398 852 286
684 307 387
247 619 269
979 269 490
772 498 119
252 656 678
932 680 320
267 346 383
522 568 962
184 398 281
728 802 73
445 25 734
836 809 525
404 584 546
931 991 577
94 211 679
450 886 90
967 981 316
514 209 957
365 928 818
598 795 374
301 946 522
178 334 868
56 45 735
78 315 969
317 657 570
418 880 717
568 126 748
506 451 860
381 863 348
977 881 981
481 366 430
306 736 86
511 79 510
717 261 376
905 952 850
787 720 884
135 556 464
311 362 208
774 23 58
791 779 841
387 259 827
376 935 289
396 200 261
256 652 140
755 17 642
567 949 24
236 111 363
141 667 401
755 903 639
566 745 521
466 305 635
882 403 52
49 782 824
82 776 53
348 176 586
461 752 853
448 322 928
526 55 546
562 470 858
920 97 475
163 348 627
286 930 857
868 793 994
172 791 976
944 898 596
153 701 402
433 154 943
72 932 795
775 972 742
730 261 991
910 653 818
380 921 348
69 338 951
165 934 302
407 319 197
286 401 540
512 65 262
460 275 895
552 62 512
461 496 311
419 451 102
762 209 162
337 217 948
325 66 815
252 326 915
68 154 549
731 550 403
159 808 574
713 134 302
91 676 511
920 184 656
884 847 23
173 383 395
239 598 944
101 700 312
812 839 400
192 330 201
320 582 910
217 162 351
103 299 641
587 654 549
116 120 907
696 195 465
995 139 507
203 695 942
698 328 323
7 957 612
411 879 724
399 28 324
251 885 726
206 592 351
218 22 159
560 641 33
831 205 762
766 840 602
235 34 450
548 14 473
575 889 351
866 265 591
56 664 805
300 201 714
564 320 345
484 2 157
81 302 550
257 984 781
527 169 954
232 741 204
37 81 394
516 660 887
364 255 26
572 859 269
625 58 806
451 848 231
73 790 854
279 201 612
997 604 118
475 672 734
49 750 64
8 975 578
498 884 449
709 740 628
152 641 573
147 450 405
850 975 903
129 0 783
841 681 381
797 665 356
840 231 740
718 775 680
721 381 810
869 637 649
467 462 263
630 916 903
904 687 521
884 367 17
473 137 584
943 597 988
610 186 567
244 378 785
328 922 259
20 83 749
163 319 479
122 467 533
938 233 710
817 487 598
838 376 900
953 956 286
6 190 979
362 837 137
584 954 448
568 228 397
868 176 254
127 15 761
303 378 797
287 6 470
174 770 859
452 878 106
48 548 998
754 479 358
137 566 866
384 332 674
530 82 807
104 931 24
453 660 223
939 183 337
96 893 878
960 486 280
819 931 553
156 330 28
262 947 970
387 861 923
15 791 448
674 472 374
328 994 977
165 606 647
332 511 714
474 945 387
952 423 944
413 299 247
708 684 595
199 418 789
290 504 335
123 243 907
824 186 180
363 272 98
584 396 144
533 551 692
717 788 248
290 26 694
719 947 831
668 660 243
616 622 489
706 30 194
853 54 50
103 385 751
993 511 982
402 394 164
962 559 649
562 221 840
778 221 334
32 622 768
887 658 766
904 881 959
310 733 695
463 773 428
219 774 836
756 682 162
103 153 206
904 275 705
228 501 549
3 76 373
667 105 20
127 111 333
616 447 640
845 405 100
64 156 291
534 619 79
160 743 614
163 344 385
82 322 845
537 568 394
561 242 923
688 870 378
357 140 851
286 687 931
13 616 108
771 54 475
360 885 438
292 846 916
183 667 549
577 742 382
147 688 383
588 800 378
221 399 845
20 254 780
558 917 173
912 439 481
10 912 164
537 989 962
542 277 965
700 267 852
988 717 138
883 835 282
414 494 878
79 893 883
622 321 93
876 847 620
780 354 792
38 663 807
4 549 401
467 759 557
510 921 498
679 482 530
427 75 483
611 190 748
220 361 997
0 575 356
146 148 165
634 924 734
87 14 468
167 576 986
379 625 144
174 786 399
796 83 706
587 481 131
436 715 387
268 760 114
126 590 570
65 592 321
810 929 482
83 9 471
381 723 664
182 474 4
792 83 239
618 90 225
910 540 620
518 919 399
187 833 366
651 907 841
7 47 304
144 181 919
420 447 941
911 872 714
73 8 174
25 654 318
383 127 951
616 93 966
525 643 759
98 717 247
496 32 542
723 745 828
923 792 10
817 453 388
407 621 952
393 131 169
866 773 351
364 361 836
889 901 166
572 528 344
99 624 478
244 252 719
614 664 532
938 563 978
776 231 641
415 161 196
186 191 975
723 605 940
599 208 11
577 747 919
925 773 369
474 547 228
403 187 206
448 45 48
74 745 808
307 245 166
441 288 664
472 515 252
536 657 312
136 641 215
839 337 668
978 315 256
200 562 377
15 729 239
132 696 259
746 850 410
373 602 706
86 301 604
782 831 169
531 530 247
951 186 373
977 419 780
882 0 836
947 423 900
284 619 118
490 988 185
744 957 766
98 847 124
210 950 110
179 66 579
71 276 685
0 738 466
961 643 426
425 261 467
300 843 524
163 988 533
422 700 269
236 395 222
88 158 902
348 39 170
953 324 266
67 957 479
842 858 25
582 124 825
813 414 907
240 323 56
51 927 892
920 246 225
452 794 202
761 550 512
402 651 165
226 753 570
741 341 184
354 583 136
946 748 385
111 873 455
116 615 261
158 390 689
232 773 103
854 371 353
458 717 204
607 202 403
342 85 156
792 434 184
569 426 634
803 909 188
421 803 594
104 748 46
759 26 43
874 575 286
800 333 924
918 546 792
876 877 871
815 686 373
58 933 408
342 279 256
11 97 177
280 555 460
449 516 710
320 958 446
983 97 551
350 368 5
207 709 992
541 194 679
650 200 766
609 58 116
624 419 550
154 432 52
600 824 518
170 68 811
540 856 733
961 26 983
773 451 446
738 664 338
362 488 242
554 604 566
355 182 864
37 253 733
412 52 456
837 761 614
681 127 318
374 695 604
810 642 340
241 937 534
959 77 955
104 264 957
966 120 515
252 104 175
826 947 687
745 936 699
553 265 452
711 846 891
459 441 194
781 22 845
363 247 699
975 723 782
472 898 907
686 30 431
276 473 420
277 327 470
230 330 594
544 854 760
751 662 476
695 812 525
434 360 476
151 738 337
830 283 744
960 824 222
262 300 53
768 764 978
93 240 938
767 354 261
4 124 486
97 258 351
839 569 213
125 219 902
196 499 500
727 290 189
607 518 416
933 293 128
983 9 14
103 809 325
697 584 469
125 616 306
683 20 276
628 745 959
983 374 323
777 315 322
156 694 540
512 720 944
656 23 99
566 731 406
344 654 662
502 561 130
145 504 497
890 712 129
666 498 542
336 893 21
640 341 310
754 322 127
997 508 364
387 245 527
858 348 194
244 913 140
857 820 3
959 838 705
399 473 442
624 504 858
685 775 642
251 990 196
5 321 563
799 942 901
407 450 269
254 404 994
261 106 635
588 317 28
539 43 769
424 623 433
453 93 941
40 895 641
114 714 359
974 216 358
367 933 489
404 309 271
555 944 439
377 577 692
606 453 290
105 588 616
628 784 572
254 943 244
575 424 296
57 303 328
914 224 159
461 806 713
130 256 334
713 324 787
264 457 729
455 644 670
466 426 999
710 774 972
518 982 171
631 504 373
550 88 97
578 508 44
253 0 909
367 196 526
540 156 176
754 631 465
55 534 631
266 139 551
145 215 466
818 704 413
91 195 457
401 556 787
651 171 236
872 428 134
478 432 194
339 982 550
15 150 156
276 871 892
229 494 649
64 791 155
492 351 227
441 897 373
958 60 546
899 216 529
738 773 992
557 973 991
850 904 520
362 895 224
103 517 776
222 154 675
425 963 872
884 298 785
3 897 770
234 471 354
253 346 120
702 454 663
790 938 414
195 604 413
720 566 674
231 662 228
334 878 880
839 309 300
512 520 71
950 418 910
940 931 714
575 351 711
775 734 196
17 915 242
40 266 464
486 154 804
393 5 976
272 87 412
552 350 970
679 561 141
879 115 203
831 71 56
7 434 216
454 497 837
931 110 672
859 649 214
723 805 295
2 200 836
108 242 866
977 767 751
517 321 395
953 362 568
677 897 923
221 815 727
445 25 284
514 95 622
371 979 411
663 509 173
757 315 583
842 452 133
897 962 899
958 343 948
170 572 299
703 411 65
290 316 366
460 444 860
455 994 533
255 559 694
224 612 510
264 88 227
862 641 379
91 367 944
624 485 730
705 880 418
296 620 229
427 806 6
397 903 699
52 731 978
632 614 867
502 487 611
387 930 69
235 119 768
310 181 339
35 431 198
3 967 910
395 946 844
899 917 248
538 287 202
816 615 221
222 452 266
328 396 385
313 754 790
861 698 66
549 832 660
912 778 305
99 522 119
36 691 134
149 534 177
849 960 302
973 677 658
394 312 503
111 815 360
192 785 13
732 456 122
528 852 302
353 716 11
42 46 809
572 740 230
100 678 693
500 942 624
759 872 411
856 284 68
422 341 828
81 704 335
28 759 155
738 594 129
778 777 614
371 382 571
334 607 56
98 260 951
798 33 832
779 163 666
641 846 186
728 495 655
290 729 693
438 434 742
725 100 433
948 586 911
520 755 45
146 19 319
992 242 164
238 975 648
150 138 820
89 125 982
391 41 709
519 503 128
433 132 126
393 239 618
746 200 497
58 341 326
916 530 364
472 982 114
694 64 92
151 641 916
97 415 271
188 618 242
504 622 769
639 839 730
505 627 319
979 998 152
248 311 828
391 75 187
622 64 240
570 269 717
417 422 869
434 125 393
682 89 739
837 817 339
86 850 392
590 126 516
775 760 702
503 154 46
625 352 995
828 509 230
695 924 172
282 402 301
49 445 927
202 574 73
797 353 361
387 369 512
730 205 560
367 845 807
642 758 740
898 958 875
880 422 18
727 918 459
929 603 280
41 36 376
690 882 230
254 609 843
211 500 196
586 672 451
122 177 541
499 659 575
605 283 343
598 645 169
359 536 391
43 134 89
629 146 52
68 525 326
455 485 52
697 284 633
524 587 471
702 947 935
639 788 71
398 95 754
417 780 589
107 142 157
33 617 577
360 427 636
873 444 23
494 912 491
384 124 772
5 475 962
701 984 899
579 60 93
531 694 869
531 85 541
551 29 475
292 719 36
490 36 267
618 512 642
518 170 185
482 631 747
368 382 186
423 686 216
128 240 895
607 592 85
835 950 83
516 901 951
590 375 923
594 128 951
90 31 413
913 840 513
254 565 724
68 861 236
389 859 77
7 773 454
416 676 373
231 809 568
261 279 760
425 976 669
709 913 279
882 217 678
762 170 196
796 50 112
7 419 329
469 115 220
414 198 405
951 252 486
217 203 914
748 676 616
256 437 134
329 772 836
881 742 10
851 855 435
645 104 984
596 649 402
568 441 655
284 807 176
623 389 352
936 461 693
975 606 994
359 808 308
830 544 774
500 602 219
539 454 503
995 184 946
856 106 746
14 195 370
41 610 689
662 999 487
188 709 311
974 42 220
207 666 616
618 434 381
239 29 195
749 105 185
99 242 223
500 488 110
609 300 643
729 177 995
712 462 716
426 179 921
487 844 339
738 613 980
264 202 269
552 10 169
617 701 184
215 220 828
674 385 859
366 211 715
325 345 198
518 598 786
140 887 547
659 808 271
322 443 202
909 699 805
728 684 163
3 557 326
484 553 667
546 725 912
310 596 432
691 426 420
534 263 168
651 279 301
716 924 612
695 168 176
490 697 640
62 691 293
595 921 985
884 287 383
158 724 815
322 337 796
537 21 404
338 499 338
752 564 891
187 943 246
948 689 696
390 78 974
943 141 120
844 502 327
380 630 15
357 831 806
217 427 248
583 735 555
29 340 243
70 977 161
823 210 974
828 195 576
837 971 187
137 174 153
733 885 193
94 75 173
502 12 572
856 883 645
166 964 124
68 612 153
216 330 122
727 96 76
898 57 730
643 201 704
469 231 816
761 160 482
764 351 250
373 158 311
426 843 478
320 130 359
575 111 329
875 101 990
757 327 685
99 61 624
337 296 751
266 474 3
546 21 701
441 299 21
346 557 690
716 668 270
453 784 425
331 794 782
944 921 256
438 924 418
454 381 542
403 160 524
288 382 963
548 412 587
609 154 406
766 543 94
733 684 517
279 56 698
836 472 907
114 581 434
931 137 878
113 428 642
957 377 620
383 417 785
7 940 247
87 583 943
465 472 977
449 75 912
282 815 810
655 444 602
155 306 326
336 286 426
911 96 638
573 671 965
86 375 578
3 609 975
299 167 703
378 307 647
8 496 987
56 748 904
582 958 927
693 470 420
414 885 201
955 371 169
750 349 48
861 98 393
812 200 31
857 258 472
459 589 959
111 404 590
363 661 261
584 967 797
389 302 44
444 211 120
465 160 45
430 663 971
244 501 836
271 371 32
240 382 821
989 147 32
296 769 452
410 573 393
917 269 908
927 737 361
673 682 313
769 805 792
911 360 720
697 557 451
895 397 784
673 248 349
751 636 509
420 951 711
460 253 823
844 629 60
776 920 681
800 504 186
366 357 715
74 84 837
616 682 72
660 883 355
212 551 632
663 517 40
64 784 894
701 944 53
534 757 461
53 600 769
916 858 467
957 149 523
374 562 13
134 575 831
155 192 308
319 112 617
293 662 928
233 806 462
171 452 731
59 447 639
950 331 232
898 631 74
301 113 321
938 686 796
172 349 504
74 337 701
836 80 430
10 13 619
163 882 920
971 230 336
788 978 629
385 404 532
383 534 492
484 95 92
620 583 655
120 414 622
806 731 736
867 857 201
223 268 239
294 946 532
480 857 448
519 91 303
109 193 327
497 532 692
736 658 661
457 23 860
165 787 715
266 208 991
665 779 640
962 802 161
59 774 939
392 322 627
424 317 272
579 37 583
725 790 976
747 234 941
768 376 180
467 54 55
567 967 963
332 765 28
467 40 788
522 189 21
718 156 214
11 908 262
388 605 959
868 732 883
730 5 25
898 92 543
601 180 976
415 736 698
79 237 536
837 606 521
537 894 750
933 832 57
742 630 157
917 40 50
959 206 277
494 82 472
298 309 157
447 214 112
193 953 236
255 850 694
820 58 35
882 499 172
683 248 601
252 425 935
462 363 861
210 547 694
815 894 246
58 716 543
984 928 65
160 759 232
943 111 763
917 129 859
957 648 9
82 170 586
194 390 405
286 504 366
379 812 137
515 398 705
69 175 314
197 580 313
841 58 93
362 818 809
242 71 526
605 425 418
197 217 852
2 121 291
769 564 481
167 46 740
979 403 616
572 778 277
941 26 108
96 602 742
853 195 284
935 628 491
171 658 341
911 201 735
294 682 36
782 861 60
697 79 420
868 116 333
399 351 613
740 984 690
71 255 155
344 960 130
972 648 45
976 203 126
868 173 894
905 574 806
842 855 668
764 418 338
756 745 783
590 539 281
905 79 958
329 91 483
994 741 70
995 6 464
843 753 763
380 540 277
14 647 916
91 496 229
98 206 70
614 520 322
359 235 826
464 713 191
260 857 979
552 985 384
285 681 678
844 69 377
221 303 651
230 827 84
251 312 902
597 529 436
586 68 163
774 207 729
86 154 196
589 285 761
478 198 950
315 690 596
27 507 353
685 564 130
647 65 745
647 136 24
731 964 533
802 414 814
879 799 941
168 400 934
820 699 257
405 671 766
896 273 752
618 596 332
64 550 471
288 4 140
143 303 538
741 643 770
961 815 162
255 770 361
322 390 744
62 65 945
969 91 384
377 467 793
309 951 615
844 762 392
119 518 196
426 593 809
401 967 592
852 537 38
180 957 847
611 675 624
902 204 537
790 277 934
350 821 222
607 660 707
389 611 820
628 803 27
229 32 255
112 429 374
782 616 553
571 229 417
291 622 673
940 720 478
226 866 623
567 760 600
458 949 231
707 247 692
151 713 903
173 296 251
319 235 86
159 521 947
741 746 413
888 563 788
884 204 570
252 769 686
155 929 976
492 663 824
894 464 285
872 699 803
557 476 183
687 575 931
122 904 607
290 570 804
771 121 271
440 752 187
545 411 192
507 580 628
763 38 568
722 333 774
831 19 476
622 841 388
766 647 494
479 945 570
298 358 384
417 465 393
791 505 883
907 524 294
160 777 447
501 604 712
216 4 890
755 804 211
945 769 477
653 284 234
419 454 500
116 847 676
970 994 462
662 210 38
782 404 443
292 572 456
204 40 488
607 319 271
52 823 517
184 27 107
773 166 770
522 136 88
874 533 23
396 147 439
552 672 182
213 741 424
432 631 666
763 387 659
86 215 781
151 235 846
755 264 966
43 701 580
11 148 232
182 928 168
784 23 561
864 330 17
478 552 588
279 418 523
157 675 691
649 572 746
988 318 942
332 588 265
594 278 844
254 246 357
829 813 503
927 384 565
308 824 157
390 660 119
414 634 501
737 4 405
430 283 492
37 452 922
346 492 139
294 450 174
481 916 773
93 418 361
798 131 449
73 275 424
658 516 809
663 962 44
191 891 406
507 287 602
616 10 946
489 297 973
27 986 241
276 829 271
908 864 531
971 522 1
636 560 579
493 470 913
31 617 188
282 94 941
10 43 793
865 656 308
333 82 102
768 798 716
881 618 782
133 685 348
426 785 325
141 156 940
960 939 65
3 960 401
474 637 331
681 52 303
208 12 625
84 734 141
864 605 33
860 643 455
524 358 245
296 469 665
567 317 401
738 191 710
271 630 93
233 940 773
898 575 926
854 493 150
919 624 506
219 225 321
835 842 842
220 309 423
185 956 25
643 739 477
705 527 477
632 769 443
998 737 644
539 211 511
290 922 637
204 540 345
885 58 470
383 861 624
227 674 954
507 882 916
300 14 106
809 69 882
402 436 143
749 949 605
492 281 110
387 140 45
2 480 688
802 873 106
793 261 322
639 269 473
757 284 432
987 595 76
332 527 592
281 834 277
995 649 108
108 746 384
629 639 932
91 847 26
126 965 133
511 528 77
743 434 355
154 436 563
307 3 294
278 537 645
659 506 305
634 851 777
409 911 109
796 773 917
256 496 286
248 563 401
538 626 515
340 681 292
292 67 944
381 158 567
178 967 97
786 603 598
249 62 866
825 312 949
734 421 549
938 563 895
955 581 366
313 947 852
768 192 481
899 111 607
89 465 278
839 87 519
791 512 857
214 858 428
738 496 790
300 447 982
477 95 319
79 407 116
221 394 111
911 741 510
191 796 731
774 794 814
333 543 418
21 881 723
522 212 874
9 847 180
829 771 459
346 462 576
465 407 372
977 243 549
506 459 862
149 633 784
910 842 78
907 780 386
82 243 139
194 6 777
576 736 979
864 703 252
670 522 796
942 956 695
286 702 897
944 521 202
262 480 152
924 10 581
956 850 385
720 77 906
739 819 946
594 354 159
120 414 827
962 174 446
224 745 391
543 303 932
527 522 251
52 658 814
534 570 897
728 870 923
508 316 450
511 51 392
25 563 771
124 949 310
147 301 992
435 973 595
817 922 652
975 75 297
362 0 194
276 40 648
508 158 203
757 111 767
646 352 37
165 721 58
709 495 492
862 632 822
951 61 132
983 730 448
952 909 735
438 74 473
774 424 928
792 14 447
172 421 74
547 155 149
841 748 888
425 376 74
303 72 783
934 52 622
76 207 786
973 633 249
154 294 141
574 968 3
408 738 108
493 746 913
537 136 112
904 346 662
593 339 127
954 434 888
112 105 499
364 229 814
148 615 1
497 765 693
659 327 58
379 70 559
657 639 64
751 704 461
712 276 260
880 209 888
541 625 907
152 509 554
386 213 232
581 680 381
659 470 514
539 677 535
513 562 750
112 271 679
380 881 376
356 326 493
711 727 169
95 595 222
174 803 50
189 656 64
791 580 37
45 160 987
850 847 112
922 546 708
251 629 145
400 239 751
587 382 364
705 249 996
515 764 305
851 36 144
152 954 904
72 438 515
227 772 668
994 321 81
468 228 645
768 617 786
80 785 108
647 299 523
483 135 14
983 672 912
118 487 651
552 359 981
886 342 979
62 990 950
19 470 355
577 386 238
480 980 176
807 862 168
76 191 226
671 892 605
329 336 884
371 788 339
476 459 486
518 612 213
332 268 482
501 548 419
19 924 182
16 401 157
809 643 232
872 764 397
476 978 832
744 368 600
195 755 71
593 829 55
284 337 265
769 725 388
600 121 129
310 893 565
451 629 320
770 85 326
790 496 457
645 335 726
70 553 838
375 209 851
915 888 818
222 421 740
737 351 945
610 298 402
97 558 51
114 799 446
888 409 270
352 882 272
802 671 848
308 106 315
891 942 228
630 739 892
835 684 510
48 51 508
716 104 49
599 359 454
43 134 45
81 114 998
680 705 722
802 807 765
910 242 275
966 692 967
318 701 14
614 78 862
96 426 892
370 326 456
500 684 416
787 121 110
119 164 125
715 471 887
978 845 109
929 757 577
646 22 348
867 808 647
81 10 412
433 736 749
206 315 891
723 533 639
64 202 237
455 628 481
712 64 818
274 275 903
926 609 363
211 9 836
747 863 627
707 232 985
536 194 808
145 995 410
53 100 686
164 805 195
804 951 409
108 252 525
246 457 185
491 147 180
59 331 736
474 925 654
584 601 755
226 751 989
825 344 600
745 920 559
815 702 273
248 150 243
717 168 557
639 792 943
549 709 267
935 235 457
171 0 699
186 803 205
963 378 706
935 716 278
460 380 717
129 791 450
750 860 585
696 408 383
683 678 527
869 80 445
456 736 994
397 221 33
566 30 725
32 533 276
307 908 989
699 954 178
213 744 51
435 479 9
325 799 141
88 530 986
163 871 473
583 516 333
604 935 573
305 46 648
485 335 308
25 992 845
671 886 77
349 572 641
66 501 346
397 10 762
996 631 0
722 960 572
324 56 359
163 691 905
432 482 120
443 830 360
390 775 951
676 180 890
470 906 651
980 971 903
928 961 942
887 777 197
463 622 112
502 392 567
863 352 832
132 86 309
160 840 161
703 788 920
661 217 425
763 750 406
516 726 144
507 840 78
666 175 0
318 735 934
578 950 499
87 111 564
873 82 66
828 890 275
431 430 740
318 507 786
265 881 741
300 889 124
235 879 838
508 811 508
427 871 692
605 862 148
289 602 302
353 516 427
405 543 719
272 233 703
205 877 202
744 418 482
275 947 631
186 813 901
629 41 57
377 26 914
973 274 31
360 704 487
520 673 846
368 156 468
762 343 99
808 456 43
87 535 326
900 424 675
273 693 605
459 199 874
226 465 20
681 657 372
395 367 649
947 604 946
239 610 21
289 16 578
304 785 153
537 655 375
230 853 182
179 805 346
994 606 659
278 537 753
971 815 534
979 420 309
348 733 339
125 401 241
997 561 565
818 287 84
63 146 566
760 438 132
503 231 210
234 520 329
66 874 274
699 158 713
115 572 641
512 933 677
145 339 600
36 929 633
238 29 903
28 628 562
425 830 356
382 564 728
591 483 21
933 813 862
765 165 685
658 647 49
78 819 383
658 124 208
492 190 169
644 818 399
968 226 747
875 443 729
515 31 891
927 913 862
636 479 671
596 30 477
641 411 998
622 231 730
991 999 480
895 386 149
70 801 701
190 521 330
981 591 434
874 427 81
327 976 133
577 576 164
589 290 604
801 412 685
586 73 737
793 998 735
808 59 6
610 740 712
591 994 595
943 926 340
199 581 733
727 655 751
525 93 517
664 945 534
219 456 902
98 730 372
570 335 993
688 681 49
748 761 274
651 583 313
8 66 168
199 374 263
484 537 32
71 892 229
77 223 40
690 164 148
274 963 667
455 8 498
88 995 62
103 931 872
150 532 570
152 145 974
152 158 500
886 921 750
278 67 448
28 735 509
66 332 966
715 353 933
397 632 557
333 266 173
652 425 656
31 797 963
187 708 519
68 969 9
504 375 795
654 193 700
941 548 666
398 636 288
310 600 716
409 952 686
598 824 570
592 413 95
36 417 119
689 495 98
195 999 632
524 343 461
960 470 678
538 581 156
828 281 319
950 358 169
278 654 643
176 430 475
834 33 597
21 622 81
711 825 159
136 323 924
241 964 373
670 267 645
371 501 254
350 777 327
290 667 18
382 855 53
642 28 955
403 884 894
881 749 719
885 799 237
602 233 925
149 120 423
238 344 481
644 222 283
888 439 783
380 823 802
210 314 272
961 873 444
27 9 148
57 888 30
861 359 884
923 950 320
702 468 643
238 713 77
399 512 891
827 841 871
37 8 588
396 38 502
375 607 993
123 3 675
962 333 897
901 118 69
322 67 417
967 831 359
415 34 441
588 738 164
18 34 873
689 585 471
693 127 58
492 31 546
32 544 709
121 219 156
158 568 22
930 586 599
796 3 540
848 597 914
1 291 970
234 881 615
225 969 306
318 842 286
230 813 180
751 234 284
55 146 968
649 987 23
508 162 591
188 861 64
379 336 753
584 994 485
983 870 235
204 597 315
267 891 628
799 472 546
442 184 124
402 196 940
793 852 803
184 124 285
455 114 432
391 49 107
5 812 267
433 497 458
699 701 552
632 984 400
207 693 975
169 158 4
300 373 879
917 540 295
507 384 616
149 394 164
805 683 492
908 565 551
686 523 273
323 499 428
37 762 873
271 200 41
233 696 938
813 635 543
305 907 538
276 543 771
747 236 460
901 588 209
313 785 360
351 72 687
111 584 236
551 452 860
464 331 875
637 789 420
355 599 104
797 558 95
1 290 475
662 141 859
183 590 191
192 98 105
644 536 869
458 675 615
321 113 984
593 933 22
174 644 208
172 555 483
776 765 487
264 630 942
136 910 610
391 362 366
63 570 202
505 86 768
524 223 189
833 741 255
288 676 330
964 854 361
350 713 717
868 755 427
326 195 358
369 945 12
138 610 143
957 49 6
1 209 869
104 200 354
42 932 321
111 819 598
546 220 524
521 227 510
362 75 127
281 999 696
710 557 228
183 92 904
523 357 483
964 339 470
41 773 92
835 465 209
843 794 613
180 92 509
2 504 485
807 385 379
728 174 920
815 411 817
800 241 565
627 150 341
106 774 961
780 364 226
506 771 155
492 257 20
846 73 422
949 717 581
189 484 180
193 615 365
335 489 438
166 219 563
528 647 802
574 210 205
961 873 422
624 536 250
655 473 782
310 332 818
607 562 225
50 624 493
774 24 663
417 900 936
979 175 582
707 813 452
164 341 451
31 106 634
899 443 954
147 196 12
47 819 200
8 128 29
868 259 39
943 695 364
285 837 129
854 925 433
660 160 825
52 526 339
764 463 955
763 844 20
15 747 714
115 814 523
179 167 13
715 89 289
263 669 588
551 816 260
213 934 310
868 329 801
166 756 799
156 683 177
884 600 979
323 167 711
486 327 295
407 697 257
659 703 672
724 557 827
328 102 312
673 531 154
813 426 661
746 789 998
320 635 916
91 456 491
86 853 8
760 178 292
89 113 931
743 944 164
263 967 587
368 767 335
553 48 660
988 672 743
434 698 903
115 808 875
665 278 591
482 547 910
606 417 899
234 12 573
47 914 889
383 193 264
437 431 42
871 771 748
621 5 161
61 331 601
481 488 727
713 801 2
441 705 958
519 620 314
426 179 593
448 972 326
732 820 317
267 484 783
62 199 812
113 98 286
814 253 329
237 692 237
36 327 473
8 562 250
567 499 294
583 741 338
323 597 595
647 698 401
848 409 144
72 3 479
399 58 894
736 639 370
397 298 572
599 790 228
80 563 949
296 862 732
66 911 454
141 205 248
661 308 234
218 379 546
858 895 73
283 749 981
375 585 433
63 589 354
7 213 995
507 866 19
513 843 502
77 961 57
267 600 59
953 515 924
531 834 507
786 714 750
645 591 423
714 549 755
405 602 225
870 425 468
111 34 233
856 854 736
430 725 209
249 398 923
185 38 850
147 373 303
212 56 203
288 120 302
764 887 885
572 640 996
144 109 395
787 24 528
774 402 27
103 442 756
440 40 600
756 813 197
796 78 105
974 748 61
710 972 541
954 557 264
37 542 152
339 909 133
245 795 856
320 616 453
3 938 496
355 56 967
672 289 989
566 955 289
885 815 449
453 518 808
497 269 242
892 596 164
427 970 656
918 841 488
541 652 599
19 694 901
509 557 64
940 604 638
993 92 226
765 478 815
889 286 711
576 688 474
362 557 524
207 185 338
314 934 520
551 484 297
433 999 189
772 605 904
90 247 660
329 36 177
835 22 885
244 940 424
338 3 24
613 120 251
38 978 169
21 706 323
646 791 699
506 695 847
959 620 852
879 165 471
891 204 96
75 358 492
483 514 798
276 774 906
584 437 42
792 555 470
903 769 629
896 69 559
978 2 418
348 568 455
649 379 465
251 902 275
631 553 566
383 536 766
903 433 527
987 175 596
56 584 598
197 208 312
430 875 759
35 927 333
333 37 200
284 729 455
243 275 290
666 830 170
378 76 278
259 694 641
16 387 887
401 724 886
737 320 301
44 575 738
108 885 948
563 407 999
72 878 326
180 819 405
123 506 88
782 862 665
834 932 565
959 794 561
223 387 337
903 270 438
138 120 428
345 670 365
894 896 121
76 342 407
263 402 28
3 254 62
119 919 499
566 508 158
993 443 662
881 235 137
794 925 528
42 155 347
128 722 40
343 399 107
892 624 707
687 558 545
214 115 136
900 975 679
558 4 201
391 268 731
939 767 756
331 366 243
756 681 124
17 512 350
1 807 842
981 544 736
809 250 720
875 692 272
742 959 216
517 429 688
281 766 368
16 86 176
95 648 619
463 792 273
172 588 132
92 782 961
781 809 799
412 396 764
864 603 20
21 912 513
37 327 807
649 622 311
356 464 511
903 706 410
73 296 453
648 513 622
86 378 956
142 446 130
957 170 417
850 473 838
563 711 421
636 443 303
780 971 749
619 234 82
156 108 365
191 609 780
176 930 71
755 532 705
176 200 658
718 108 131
379 790 240
715 588 961
102 98 218
908 458 698
376 709 413
580 784 290
430 110 392
796 643 834
908 291 814
733 228 494
431 826 538
412 120 985
701 469 327
878 465 924
569 317 222
42 845 832
203 23 704
630 841 158
286 329 848
643 103 569
189 193 364
81 259 642
599 171 747
566 169 422
910 87 263
310 714 356
269 498 998
570 874 711
442 141 742
820 875 149
549 760 917
547 413 391
915 847 989
197 527 354
991 315 179
702 564 380
357 537 652
612 33 920
866 479 325
190 579 489
266 753 995
609 818 518
571 513 245
205 496 198
573 943 976
901 753 242
709 64 785
541 614 489
573 163 310
819 280 952
239 369 853
248 135 711
697 568 436
412 407 798
661 247 234
434 387 402
170 120 35
531 345 422
687 19 746
848 672 907
788 870 509
752 914 393
827 937 361
606 779 446
426 928 962
141 640 758
750 2 259
658 150 483
626 364 749
215 967 137
542 673 241
140 97 845
810 636 413
327 1 210
538 944 657
645 865 789
300 851 590
96 438 609
59 179 73
635 896 177
615 773 856
236 213 615
41 71 24
872 856 762
433 802 513
985 90 150
967 117 541
214 961 546
875 269 577
74 7 734
94 444 386
277 342 570
608 376 993
939 703 521
418 336 604
659 438 287
37 939 839
234 391 84
82 923 448
96 188 267
563 867 853
334 963 262
849 459 121
782 182 798
325 452 644
644 823 914
838 980 906
669 707 264
440 828 357
942 878 388
962 961 409
251 617 680
278 406 888
503 864 226
128 990 418
599 482 692
704 61 181
858 801 529
121 667 684
122 733 455
56 357 285
44 207 849
267 770 17
287 779 539
113 727 988
303 11 141
281 93 170
434 37 277
198 264 122
867 579 126
680 517 702
31 304 890
389 757 502
907 163 86
528 644 547
214 538 459
11 271 844
868 231 485
452 645 480
584 2 719
401 473 688
162 549 122
126 506 709
368 585 694
390 51 677
174 267 930
879 934 190
381 343 656
265 877 626
79 964 115
31 587 532
876 866 25
336 561 67
367 870 345
165 785 801
76 505 932
294 192 330
586 863 690
121 830 371
506 899 516
529 835 350
977 541 309
68 557 892
312 599 713
507 292 150
205 76 533
872 293 246
692 324 897
160 410 792
914 802 356
757 977 432
506 680 164
522 822 238
822 219 117
289 827 195
758 917 654
497 42 697
588 172 81
186 332 533
230 477 482
42 945 846
574 212 571
585 344 369
587 676 262
402 997 314
27 601 608
722 29 365
180 292 641
627 660 24
860 143 484
636 382 577
734 696 34
509 207 503
531 258 613
46 360 770
98 162 693
456 933 377
415 604 465
187 656 688
557 539 161
531 939 729
316 249 147
57 191 62
560 387 505
884 762 599
569 909 43
887 747 175
508 610 835
499 183 745
584 764 822
816 410 504
362 883 511
37 153 776
36 727 694
894 536 851
389 81 798
772 468 244
204 585 489
938 9 896
477 77 32
229 693 996
717 141 162
373 643 701
860 945 495
14 801 416
273 68 633
391 350 496
859 844 251
775 692 24
432 955 925
70 990 301
615 299 355
421 985 655
752 229 464
959 567 491
692 611 764
446 580 84
138 563 879
354 527 378
672 847 499
704 65 220
145 86 948
636 934 358
720 251 719
246 882 560
775 282 92
127 495 854
116 540 203
78 431 373
611 33 353
219 168 569
927 505 458
24 308 63
567 23 260
978 476 191
640 456 219
912 853 317
174 502 238
569 669 190
595 5 439
994 662 542
523 119 350
590 754 765
781 628 573
714 691 270
413 873 764
914 996 283
979 806 773
400 70 514
297 690 804
38 320 710
116 30 603
540 92 39
602 653 789
104 885 876
928 878 48
386 707 525
856 965 729
223 6 907
501 998 323
70 544 814
624 829 813
691 102 169
279 916 543
949 396 884
331 88 778
391 998 337
132 698 632
965 959 259
783 186 930
388 303 201
461 216 313
214 536 646
144 919 103
359 168 701
556 426 924
87 604 13
193 405 767
62 679 54
707 199 472
528 751 99
531 723 889
66 824 206
823 998 649
786 60 84
761 328 599
743 88 739
548 171 753
360 547 406
224 543 277
464 98 820
699 33 794
807 845 446
715 902 933
44 319 995
876 642 505
279 667 672
382 98 752
667 654 870
805 412 485
267 887 557
337 319 607
478 8 363
176 229 743
469 186 445
654 396 401
394 282 881
374 732 128
519 481 388
620 147 604
654 997 537
857 546 837
532 775 148
408 374 257
196 483 898
420 853 508
935 914 898
314 964 860
678 120 82
915 523 808
748 766 475
877 605 950
668 384 870
270 373 469
584 170 460
433 937 810
545 754 700
206 632 711
39 882 143
764 65 499
158 720 132
475 307 285
735 499 349
778 418 628
583 303 28
402 181 56
865 857 133
847 746 127
844 82 544
451 32 698
573 913 651
91 43 485
448 733 285
205 353 63
370 453 735
861 202 270
680 844 90
41 87 281
615 696 502
535 451 766
75 871 731
967 767 738
315 934 665
850 386 750
769 766 210
989 486 478
606 1 402
446 347 637
599 627 526
141 791 349
161 113 834
661 632 576
406 806 186
698 260 902
42 249 218
261 116 915
8 280 813
258 475 203
76 250 544
939 424 925
688 971 699
781 775 896
22 262 684
807 620 947
512 7 232
369 25 583
542 511 752
828 449 757
73 267 933
136 535 792
511 346 203
22 394 784
360 112 405
885 289 397
937 958 548
933 926 820
135 367 255
536 928 861
889 518 828
953 858 285
792 485 611
123 464 327
584 7 933
746 183 651
507 886 700
193 892 205
312 432 792
896 56 473
253 780 768
598 380 922
325 297 442
467 49 962
740 386 894
903 679 567
210 254 447
912 990 913
127 875 233
312 832 327
857 107 364
227 500 692
574 562 151
539 348 85
653 479 608
579 143 208
975 780 617
309 987 903
905 908 272
461 964 579
941 656 483
833 32 478
289 177 253
611 547 311
825 459 831
280 776 466
511 816 41
543 213 973
221 856 411
132 826 224
807 213 498
511 120 997
919 122 646
904 975 690
444 733 30
96 592 509
972 279 479
242 335 213
900 612 196
416 224 101
502 455 842
52 101 468
210 795 813
840 107 779
494 205 954
289 401 643
168 847 753
187 99 960
37 790 113
153 941 18
704 769 77
110 468 391
61 99 738
713 932 781
10 860 19
585 493 800
969 875 471
619 642 39
148 450 253
545 851 844
711 392 339
112 635 286
400 51 487
218 201 859
487 884 971
956 838 836
88 776 247
503 922 375
467 793 821
159 29 518
689 664 524
475 320 575
161 311 827
798 945 263
722 97 560
341 646 213
214 971 304
556 205 937
856 584 928
104 599 175
631 839 208
956 619 765
296 983 604
377 877 855
865 924 539
115 955 428
390 341 648
44 291 712
311 217 3
462 155 390
505 409 479
280 375 898
692 103 525
18 526 434
746 938 730
157 732 978
341 204 926
486 930 13
102 387 258
781 394 132
931 427 894
409 287 435
712 198 243
972 218 544
276 682 87
360 532 419
948 784 732
4 64 831
298 693 320
406 43 284
787 632 556
220 868 694
27 756 91
167 36 122
993 691 817
230 653 439
947 988 414
283 470 604
128 502 75
350 252 815
231 405 363
918 913 278
914 589 831
566 174 110
77 443 471
160 727 936
163 274 121
256 557 106
38 352 418
0 853 414
915 877 758
746 514 449
320 794 198
187 884 903
137 465 911
778 544 671
262 917 467
276 30 877
45 988 604
199 349 16
994 693 695
291 756 34
419 130 36
100 816 175
951 161 230
518 674 349
752 47 538
840 353 453
298 963 487
781 869 31
965 920 183
770 13 383
950 2 517
266 282 205
862 128 397
865 282 251
365 807 810
191 150 268
212 221 683
441 612 74
371 388 330
954 316 880
834 439 440
62 864 457
620 867 276
618 545 360
374 717 440
787 41 459
503 720 329
486 206 616
55 958 239
212 684 222
778 115 355
807 14 220
621 123 663
501 863 990
430 313 518
635 335 27
896 495 658
637 590 953
722 533 452
656 568 282
605 935 791
437 208 442
265 485 928
845 675 218
289 650 969
22 879 236
466 920 485
901 502 168
564 895 972
613 382 933
925 524 77
484 307 877
330 158 339
145 441 986
239 263 649
721 829 150
423 867 463
255 698 254
238 647 174
618 517 788
462 705 93
492 823 230
259 677 406
291 497 519
63 24 909
153 539 921
206 114 167
194 478 391
809 387 975
606 967 343
299 484 517
79 642 565
917 279 990
266 701 209
600 67 642
385 463 751
755 359 988
390 722 66
516 296 97
245 875 194
831 86 838
800 297 578
11 771 267
232 158 230
375 20 738
804 939 955
819 120 281
738 348 820
488 845 779
679 186 186
75 125 134
359 744 311
734 4 995
547 325 518
438 874 287
647 786 683
140 207 36
828 347 303
898 719 310
386 840 810
870 719 164
609 206 446
57 175 284
387 119 109
864 544 723
609 91 488
174 122 94
767 51 300
352 895 306
38 717 28
945 336 735
743 310 441
703 606 230
517 394 662
660 333 389
110 631 847
107 841 992
839 918 16
704 207 400
707 393 931
957 730 724
269 407 945
918 96 132
376 910 946
632 140 743
46 72 759
923 135 964
946 19 929
523 923 43
281 393 651
258 877 191
839 962 328
666 330 946
299 335 783
879 711 441
515 872 201
271 445 252
274 591 115
852 52 217
76 159 668
889 284 771
826 945 41
386 841 305
985 307 248
794 368 434
251 964 319
515 708 891
420 384 582
471 231 84
163 882 491
562 695 869
583 619 112
262 5 58
470 172 168
299 654 887
800 436 451
928 892 388
621 672 210
230 141 302
465 802 120
917 416 808
24 671 60
882 31 381
84 776 864
356 638 357
682 96 311
74 704 838
190 604 436
363 491 680
766 134 730
215 788 158
593 612 210
979 600 198
257 95 141
436 768 188
232 748 719
901 288 451
845 289 536
576 731 776
900 28 722
119 663 327
60 71 825
238 812 895
551 501 181
550 9 421
835 91 10
807 946 351
575 235 217
172 384 439
529 141 767
997 532 189
60 396 815
207 620 478
378 26 645
895 196 623
307 369 680
121 805 293
394 470 689
573 547 592
304 428 747
0 430 101
819 267 470
668 569 596
882 571 178
202 966 958
632 307 498
461 2 780
774 61 139
859 891 131
234 32 752
29 617 790
171 198 905
601 92 844
780 769 788
887 810 106
126 963 191
41 467 773
185 999 375
346 250 19
894 939 907
227 317 867
279 16 127
5 282 97
149 581 92
682 706 540
285 991 173
240 986 758
590 554 879
838 445 984
196 908 91
286 272 425
781 773 869
380 50 578
365 423 334
907 148 751
253 375 430
647 777 729
15 903 849
739 624 902
319 785 706
277 535 617
198 523 585
589 859 614
330 684 559
89 611 191
281 463 740
339 315 469
346 583 877
331 212 127
437 306 630
949 143 325
607 73 776
450 643 107
318 521 458
7 419 535
882 469 16
778 85 713
778 223 846
852 146 857
49 230 100
522 724 700
687 153 311
460 61 904
994 543 506
504 138 480
880 789 84
327 556 471
902 614 416
253 614 62
732 51 478
535 57 488
932 80 6
516 255 923
771 152 662
889 83 78
285 630 169
278 750 60
163 113 447
712 529 740
20 406 817
379 131 182
448 113 558
410 828 43
968 23 484
376 246 697
880 717 18
192 377 928
428 996 451
963 918 768
848 663 405
828 379 251
593 926 438
59 592 368
831 904 413
174 492 532
407 734 454
441 686 382
308 73 62
597 100 774
527 800 166
955 739 545
741 546 830
459 907 973
465 929 54
872 484 876
48 996 230
508 891 113
622 229 99
653 563 79
602 515 848
452 405 348
101 285 604
926 27 611
390 522 63
436 411 907
831 130 558
147 71 270
302 629 96
256 620 678
992 784 516
340 110 104
203 32 428
11 154 561
431 801 289
835 50 233
876 975 431
799 41 917
456 429 863
511 713 198
795 262 740
300 844 609
350 135 847
778 358 319
93 33 407
352 139 458
950 562 449
598 539 705
951 655 756
132 491 895
850 207 773
685 23 905
939 797 151
544 736 990
85 848 2
476 352 589
656 343 340
203 574 623
40 318 57
612 487 705
902 849 855
398 720 473
437 775 629
662 509 162
367 886 373
973 518 921
486 605 212
412 225 268
623 242 707
482 786 976
132 292 516
57 189 49
955 648 76
596 138 36
215 550 652
639 448 482
295 58 562
396 303 970
94 839 252
621 947 358
901 706 931
511 875 48
359 255 206
246 2 977
871 706 181
564 14 520
207 219 579
198 662 639
515 643 779
194 444 726
285 917 644
93 427 401
607 385 935
354 726 640
963 297 519
173 1 166
586 809 940
129 65 268
986 535 306
592 451 712
373 136 845
662 770 406
877 779 121
807 733 224
335 459 564
724 530 557
584 733 579
327 779 364
646 553 789
760 66 730
547 699 370
427 659 553
852 164 511
914 658 495
523 580 623
571 822 133
723 536 216
634 296 529
144 152 740
50 683 562
5 55 667
466 852 423
272 835 362
946 37 895
934 136 10
164 807 193
409 441 104
379 230 463
23 811 165
367 472 308
260 443 353
578 679 273
918 902 208
428 684 429
521 949 273
75 992 191
279 413 156
863 877 312
897 791 110
93 278 615
354 827 88
760 352 598
130 43 776
808 479 675
277 19 504
216 902 185
228 499 678
63 697 315
664 369 940
579 620 535
583 832 242
394 509 586
740 420 462
375 780 477
679 475 674
595 32 15
92 356 783
108 523 202
929 116 306
280 365 97
506 852 835
561 305 769
689 760 453
610 310 577
926 763 363
393 52 787
574 45 677
205 412 447
973 669 534
847 26 306
474 450 146
208 983 550
65 49 741
229 166 144
35 59 370
555 660 517
771 958 345
14 485 546
73 746 670
870 473 28
132 802 166
443 979 509
83 373 301
585 853 750
979 311 931
469 232 489
472 593 782
609 153 433
596 870 198
198 266 572
865 990 264
137 188 390
261 526 396
923 161 490
616 564 674
28 872 721
724 946 352
287 299 339
84 865 597
804 223 887
302 923 329
148 495 20
649 639 965
258 146 427
530 470 530
86 268 587
810 745 64
922 77 47
368 59 766
726 549 982
414 494 251
392 690 699
347 537 341
336 641 359
227 603 78
978 548 863
784 73 878
817 689 450
840 358 573
962 217 508
591 613 920
259 926 984
495 964 774
531 446 762
160 357 432
646 358 13
483 40 617
644 683 636
263 502 759
145 26 670
916 413 566
13 232 241
709 145 908
183 671 218
68 11 419
431 536 130
674 268 426
558 906 514
238 561 982
748 941 135
804 941 879
200 504 566
114 583 919
115 503 756
226 546 902
73 724 170
928 769 776
463 785 779
193 244 863
978 895 156
698 699 453
418 115 970
81 289 828
684 79 664
20 519 801
954 399 360
860 979 429
272 686 891
948 859 937
603 851 869
624 190 175
350 159 295
287 624 730
947 172 221
690 9 24
451 971 368
45 737 693
127 929 739
703 663 662
271 120 833
852 174 850
217 628 938
645 620 22
605 286 49
359 360 757
830 315 979
708 413 859
894 185 426
90 688 125
322 378 80
27 691 130
682 664 63
581 571 27
594 235 124
6 169 534
818 192 285
981 333 786
626 571 79
608 120 968
411 683 555
582 588 755
365 949 342
547 846 908
392 193 24
121 984 128
752 546 772
454 684 360
439 202 581
978 4 956
462 405 817
46 507 680
173 559 284
638 655 84
778 786 612
683 189 550
807 298 32
101 244 88
641 797 122
876 576 816
536 144 752
854 253 203
319 77 461
896 644 291
23 118 294
103 407 492
208 232 913
32 859 793
677 615 901
495 13 680
990 802 438
378 24 240
965 446 148
407 16 851
808 519 352
126 152 270
787 772 609
733 926 604
742 431 537
212 26 470
761 952 984
904 426 742
510 787 610
623 383 397
730 45 820
777 698 100
150 257 36
315 793 826
460 42 846
855 892 124
959 383 371
349 143 375
77 557 344
381 518 364
872 103 182
136 646 73
733 467 961
955 317 189
621 793 123
713 578 69
413 770 805
168 906 996
249 358 183
310 216 492
325 905 698
50 472 122
811 234 822
798 101 514
574 972 907
559 790 500
713 142 984
256 904 775
712 453 344
411 960 566
520 975 409
319 223 967
162 409 957
591 279 651
355 427 927
281 115 977
72 385 342
519 951 211
370 643 418
739 555 60
224 323 807
504 17 119
763 724 143
339 910 589
961 520 465
702 813 320
330 638 242
701 998 30
544 937 573
495 38 597
913 493 420
26 526 908
610 571 612
470 442 623
72 871 284
900 982 306
164 333 277
761 177 334
124 551 98
114 268 492
861 44 657
364 862 466
60 268 684
581 808 208
848 741 990
419 256 522
874 902 85
452 674 730
952 6 676
592 471 650
802 207 111
274 494 943
945 507 707
316 557 817
271 86 744
37 822 390
235 688 561
888 759 868
493 53 3
549 276 488
414 850 364
7 251 914
747 349 404
671 98 488
964 589 597
263 420 96
284 985 789
205 137 881
962 940 577
304 8 681
688 213 29
461 312 205
175 690 495
663 761 492
882 210 512
217 723 228
629 221 243
972 846 732
780 784 949
492 937 271
937 444 505
919 84 663
574 787 781
332 71 978
846 285 111
498 155 606
387 43 678
661 313 189
478 240 360
792 146 436
719 73 520
770 105 499
696 637 230
233 377 514
533 592 168
173 362 508
261 175 443
684 352 551
585 497 801
120 586 294
44 708 266
613 487 626
601 144 405
785 811 985
437 581 475
691 380 517
246 428 114
295 289 950
899 352 774
47 103 883
698 577 516
727 363 234
448 438 170
209 59 851
985 851 521
850 539 324
547 771 528
558 435 762
7 8 932
152 27 557
776 796 505
773 269 222
955 179 304
422 770 226
977 442 259
666 22 530
884 607 189
491 893 437
96 673 9
383 402 254
403 929 462
817 947 699
486 524 155
195 896 20
828 613 85
662 93 330
673 586 259
368 981 119
894 618 378
737 128 530
195 100 904
350 537 537
193 541 866
660 936 611
609 771 804
594 836 321
179 132 92
991 351 500
553 969 28
719 427 663
384 755 50
455 864 772
30 541 516
360 188 347
961 955 446
447 454 817
129 673 272
450 839 872
497 580 392
762 97 274
689 92 105
889 649 568
158 321 412
882 455 239
502 542 943
767 434 819
338 913 695
326 825 970
901 591 578
212 822 474
283 451 822
726 259 166
230 550 938
978 773 888
590 503 721
445 208 437
150 530 463
90 411 995
161 605 50
444 140 838
918 311 811
17 320 81
373 480 244
874 837 765
885 917 499
150 56 216
988 483 378
653 673 87
443 331 412
596 546 243
216 446 135
619 123 61
278 216 698
723 371 554
24 41 616
624 99 769
864 457 23
863 874 762
297 991 808
102 143 74
77 233 845
199 636 797
904 461 906
973 197 957
913 943 804
164 311 114
526 206 855
629 107 286
714 213 86
919 903 214
674 14 603
819 444 314
136 134 426
850 732 176
433 895 938
893 789 889
415 305 288
309 846 736
377 245 788
483 810 198
325 649 35
239 595 847
665 491 191
61 781 608
910 445 842
737 19 38
460 944 729
429 892 496
240 145 849
843 934 482
21 502 195
723 662 131
9 984 360
852 679 231
800 115 282
563 283 715
758 409 492
730 916 932
922 973 943
527 149 393
374 463 127
900 282 234
912 792 302
148 747 243
838 547 238
925 55 377
648 161 688
563 519 20
494 699 878
733 535 538
769 933 686
191 294 399
981 369 200
821 348 623
275 686 383
448 81 902
868 347 789
41 350 566
899 694 692
849 369 102
471 883 769
615 919 180
832 676 711
287 771 57
70 13 336
594 743 635
910 443 258
407 590 857
968 791 773
319 997 139
3 98 400
738 40 404
291 202 297
54 35 143
135 693 62
530 112 478
700 873 491
880 415 757
229 453 184
378 587 225
475 712 800
830 984 817
493 247 665
520 577 256
171 340 332
71 929 961
682 890 145
740 263 430
242 81 205
914 54 896
206 595 549
3 543 38
176 758 346
88 744 720
139 494 294
116 545 437
655 750 917
506 474 105
737 345 801
59 752 135
650 443 244
131 671 589
126 662 853
318 570 529
21 808 449
927 607 189
650 661 449
456 798 829
899 921 506
362 132 999
317 973 989
131 345 190
823 890 962
349 252 19
580 203 138
86 401 702
39 971 545
443 4 322
535 698 196
184 755 591
804 425 342
89 174 771
15 566 333
784 817 651
143 805 119
5 489 472
506 415 480
648 927 892
517 845 438
141 766 949
911 615 340
951 156 947
301 738 394
831 254 73
865 60 767
740 158 417
511 99 512
185 769 467
285 952 743
185 620 162
627 833 733
206 278 287
678 652 372
716 315 292
890 333 501
464 959 421
894 990 249
875 674 778
0 879 909
25 917 189
275 150 297
701 409 143
890 146 104
706 275 36
174 217 10
27 524 683
406 695 467
309 868 252
642 49 185
777 424 218
370 594 506
828 358 158
957 509 704
184 738 903
649 254 837
551 762 367
907 431 125
247 757 717
159 967 190
967 935 383
92 172 49
488 736 774
572 238 958
112 734 440
975 951 56
430 104 807
296 452 283
541 301 184
303 11 963
311 520 40
528 960 839
484 677 475
560 509 648
864 884 775
619 571 318
568 301 30
730 466 415
913 20 500
516 726 50
341 352 637
469 272 44
19 585 309
559 350 22
318 72 862
395 524 279
621 568 219
994 608 408
162 431 305
254 494 451
60 718 571
689 359 827
796 440 425
456 290 921
923 311 915
487 888 379
945 457 919
554 64 862
109 544 540
258 786 794
138 109 372
475 165 681
439 57 399
604 661 505
920 938 642
594 124 506
589 27 655
218 307 79
122 581 349
652 319 358
299 454 400
149 432 350
54 928 329
417 180 269
154 530 430
147 808 220
137 587 825
122 787 382
386 43 688
533 329 691
981 493 952
505 869 23
40 921 708
362 531 954
809 681 639
670 98 631
333 93 167
310 582 145
248 621 150
118 597 340
625 306 470
795 984 385
863 610 379
192 446 570
786 946 258
869 2 454
215 881 891
244 201 193
545 988 246
383 326 559
622 783 434
146 664 705
110 767 66
94 165 543
453 794 755
757 235 766
262 267 167
665 936 966
687 259 497
40 395 859
889 658 447
672 403 121
288 587 287
56 37 817
101 348 67
842 388 860
298 700 321
89 116 466
218 595 860
223 388 626
972 863 700
589 551 449
386 721 198
370 197 871
807 842 929
679 187 652
590 557 753
996 520 349
589 874 294
938 856 538
38 419 533
881 178 449
78 541 177
838 8 490
826 289 992
708 896 78
863 486 474
640 711 773
975 55 850
517 779 624
580 19 356
211 697 67
433 908 489
99 714 290
231 845 595
911 684 283
947 416 558
616 986 877
153 449 698
462 531 575
11 653 618
499 296 904
142 820 326
412 185 907
53 784 623
125 184 812
33 846 444
340 161 969
179 208 720
81 965 134
549 767 299
26 78 809
459 382 125
757 950 203
500 473 384
869 865 324
809 646 791
451 797 623
24 902 428
458 745 496
158 637 413
730 900 766
814 622 726
733 158 735
186 147 555
833 636 201
506 691 6
782 275 230
459 142 547
920 26 568
526 895 296
972 45 156
728 764 884
231 353 883
918 303 254
912 342 90
528 537 614
226 661 790
681 963 144
344 22 509
208 155 100
302 868 545
29 345 997
603 457 7
751 634 187
64 575 978
195 798 493
618 688 852
64 562 577
492 950 322
117 210 204
310 981 667
873 718 232
71 432 985
316 791 863
135 438 858
965 903 367
673 137 886
710 864 592
96 730 817
930 730 320
391 613 762
553 626 498
864 880 991
14 96 348
439 176 659
714 805 328
233 981 616
511 534 931
377 338 760
465 841 757
875 256 867
274 40 181
255 286 684
53 535 808
89 882 241
209 21 856
95 549 282
182 651 638
20 893 910
35 746 931
410 466 863
100 309 517
80 502 966
44 646 959
512 450 961
746 75 968
938 577 329
408 965 299
620 912 550
367 951 161
181 100 611
655 553 278
445 891 485
787 633 243
436 323 405
379 531 312
319 876 529
743 895 50
652 371 868
993 362 428
590 45 486
643 489 210
844 439 140
717 782 507
332 214 976
458 198 141
781 683 800
604 249 167
732 994 117
822 472 242
879 285 575
238 753 35
965 90 22
871 867 105
339 157 254
811 622 611
661 617 305
327 288 546
204 705 492
992 864 161
638 397 441
318 596 239
15 623 625
209 940 877
2 293 619
212 139 328
898 244 458
815 405 220
770 863 51
231 408 360
989 457 110
772 117 587
679 33 664
613 528 585
775 545 812
409 338 856
218 925 34
598 706 518
392 124 123
940 180 571
477 356 248
403 41 237
516 439 433
145 250 212
651 593 237
58 501 185
874 330 616
425 122 128
434 763 899
141 52 772
818 903 849
350 632 474
228 175 9
207 308 767
759 68 707
64 309 677
815 917 196
666 234 779
662 382 662
666 776 660
251 768 222
104 700 150
728 727 876
399 417 832
324 938 587
673 74 221
718 569 785
266 834 639
745 37 325
35 998 30
171 617 825
797 787 504
212 509 388
263 541 623
476 952 120
803 532 824
789 509 598
62 594 106
766 144 777
853 647 314
763 11 877
477 177 220
568 601 972
120 629 45
794 84 666
708 249 145
464 74 923
805 950 402
133 966 747
199 347 828
74 698 516
526 411 464
635 657 190
933 56 37
898 982 700
572 38 708
724 846 997
384 937 903
429 378 624
352 457 556
176 359 687
132 716 605
585 727 107
843 81 563
430 724 203
175 619 227
883 855 642
642 217 813
720 617 959
215 147 864
914 759 900
346 106 76
326 112 549
847 801 810
115 162 344
313 788 838
267 275 651
292 333 708
871 286 819
803 703 112
366 173 183
166 733 60
370 379 350
289 831 428
139 351 988
958 493 706
634 423 837
927 483 408
399 352 8
640 292 296
651 585 522
14 608 963
781 685 609
208 635 223
202 264 529
121 564 598
684 597 350
549 88 78
687 851 65
16 834 853
75 616 292
911 678 608
705 473 602
412 307 222
210 554 935
177 803 520
437 973 708
612 695 500
649 943 217
298 108 668
704 74 700
43 13 672
186 134 372
149 884 352
977 259 188
76 568 53
333 652 879
520 438 762
737 714 584
549 139 990
272 435 751
108 988 151
448 790 715
671 429 470
382 433 18
717 869 581
591 232 472
727 947 600
167 919 401
64 475 132
585 266 635
964 311 228
933 785 424
692 246 771
423 245 304
762 852 654
519 420 442
991 570 100
286 453 201
314 682 554
176 570 279
307 310 678
930 321 56
565 351 78
112 485 857
824 469 304
678 884 138
74 255 730
227 390 516
358 529 166
924 188 344
677 642 235
165 169 790
601 78 604
968 886 722
406 799 652
42 174 566
316 472 75
394 4 802
282 66 793
131 381 304
986 463 925
642 861 65
405 169 67
726 799 702
181 940 326
769 389 57
228 756 413
769 864 430
620 598 418
423 907 296
234 203 594
227 157 744
284 55 209
354 240 220
313 898 506
618 475 17
871 46 141
868 714 801
944 195 189
314 614 795
150 687 23
726 77 368
867 203 281
562 160 99
468 412 663
488 684 403
854 265 425
237 571 948
235 783 687
909 860 499
433 417 75
649 940 373
13 69 479
388 491 261
310 440 806
895 646 934
758 754 383
588 9 902
383 55 739
233 410 209
195 361 831
659 834 396
45 140 543
913 545 309
247 783 153
58 580 556
620 80 900
435 996 702
322 82 575
630 554 251
16 469 461
903 646 125
973 773 51
568 491 989
349 610 819
56 174 166
331 19 640
341 16 652
337 715 29
334 367 200
712 166 429
318 264 333
218 214 832
521 617 745
156 749 435
856 224 474
855 810 916
200 725 173
354 411 762
360 367 111
603 31 667
979 305 563
162 791 133
387 897 693
227 176 181
594 882 144
130 332 666
832 534 581
147 154 505
282 986 959
768 476 669
8 254 328
485 595 655
912 302 793
709 846 460
179 757 83
943 375 820
520 999 901
140 665 762
850 381 353
174 759 275
390 892 783
448 286 41
299 104 855
214 676 863
242 531 276
503 620 447
314 87 822
219 384 970
728 602 839
215 311 983
773 205 657
779 31 306
27 397 194
62 602 696
388 845 259
625 464 132
59 49 181
191 463 6
835 846 156
249 205 73
632 992 818
868 522 875
965 282 724
530 255 867
539 210 693
936 144 555
873 669 317
54 973 853
701 749 757
268 981 0
931 503 779
296 632 389
920 355 900
341 876 189
526 517 45
363 149 404
961 269 310
845 363 399
220 60 388
999 81 739
726 939 861
337 718 134
162 403 167
888 603 175
435 730 650
320 789 453
752 327 654
490 588 652
812 921 238
514 99 131
669 662 493
815 366 809
549 548 63
90 986 141
463 957 987
288 936 729
741 483 588
784 145 439
345 946 148
619 677 830
260 634 497
489 290 597
540 299 568
16 186 308
338 435 350
560 756 907
333 511 789
506 38 981
747 769 191
737 750 484
574 226 275
514 462 613
337 971 288
338 509 873
241 705 754
621 212 499
43 725 834
353 853 204
974 431 233
610 554 609
460 109 307
577 215 857
5 739 633
506 75 224
374 87 914
517 701 160
421 861 784
562 919 224
21 723 293
566 997 90
240 485 625
14 341 691
861 667 468
921 100 532
517 130 481
827 594 818
423 677 839
534 772 621
365 106 759
220 222 33
243 477 100
212 692 145
330 251 661
913 499 19
823 621 396
838 729 173
839 341 784
630 382 87
357 59 209
13 575 891
771 71 601
453 922 185
164 992 785
418 705 841
227 78 73
713 94 119
939 163 466
831 209 534
624 165 532
290 71 9
564 794 579
38 530 994
707 88 103
449 928 95
81 392 411
63 453 970
743 411 486
846 597 742
131 87 292
285 388 104
703 803 24
964 486 641
934 101 378
605 944 850
753 29 808
141 55 668
434 815 18
547 444 571
923 475 77
61 390 865
346 979 338
828 382 733
347 589 265
141 251 269
734 136 364
916 583 354
596 286 938
102 534 222
335 726 173
451 18 417
523 134 942
571 284 970
288 638 7
105 945 117
846 574 818
917 906 492
294 184 387
843 755 711
677 975 503
368 131 248
325 568 275
801 706 191
640 787 57
852 88 362
501 209 131
23 572 804
243 983 534
271 755 133
666 236 57
47 340 86
854 994 817
584 96 313
522 938 426
261 78 571
139 241 172
725 809 306
873 185 384
228 52 342
228 564 529
276 167 90
855 264 907
751 958 70
246 77 529
155 207 61
218 394 344
981 832 998
309 804 227
253 580 430
235 412 825
693 870 781
967 431 488
357 356 230
512 604 286
666 357 110
261 171 278
959 138 132
572 407 572
132 55 495
728 310 337
820 818 704
753 844 552
729 261 554
866 640 518
519 712 642
465 219 841
95 138 50
587 800 766
253 312 61
153 869 448
220 959 613
651 335 208
736 995 899
496 882 350
544 435 902
655 882 461
12 98 458
800 860 158
818 777 591
710 982 941
927 874 251
688 720 170
762 797 636
440 405 550
748 155 244
23 172 507
574 152 641
735 437 545
456 556 867
420 371 107
704 986 574
356 628 367
420 304 384
148 708 917
146 72 959
158 877 479
706 455 413
825 172 683
157 783 168
221 830 335
584 74 516
179 788 15
914 131 321
545 557 462
527 600 882
15 518 662
107 358 603
935 983 662
896 480 209
596 722 276
241 392 877
582 908 415
28 948 492
524 539 301
826 367 0
375 848 965
468 198 86
237 156 689
330 789 686
240 315 261
347 742 832
404 808 220
932 17 125
966 737 564
216 344 288
812 743 794
126 388 973
794 805 917
68 945 83
798 33 14
819 491 598
409 699 689
481 657 74
902 460 999
466 582 994
620 486 320
777 476 891
169 961 796
91 752 660
397 919 732
674 141 393
514 115 579
45 49 753
171 973 744
5 416 429
674 385 283
851 205 126
778 968 152
225 831 342
77 297 641
937 321 558
625 187 351
136 969 159
882 91 648
314 820 645
828 982 57
569 690 198
187 501 354
286 465 426
847 98 248
275 651 275
762 280 851
816 405 638
853 914 564
271 117 788
703 94 277
167 313 284
914 169 831
619 895 902
968 58 239
473 626 781
312 783 550
644 903 280
658 572 574
490 654 103
428 480 586
265 689 994
823 675 817
351 330 386
147 967 341
965 719 486
124 863 49
286 731 705
147 927 175
801 69 174
805 206 917
123 635 888
650 976 765
365 878 348
925 306 708
971 799 60
376 785 260
564 124 650
375 74 329
906 763 755
804 401 759
912 379 700
93 965 186
677 891 156
492 553 277
190 851 915
569 394 386
17 113 427
330 868 741
943 114 764
360 687 203
656 923 739
243 828 368
863 789 175
147 510 273
799 511 560
724 819 236
702 271 925
73 968 809
229 338 405
978 823 754
1 423 580
531 521 762
341 847 548
41 143 599
217 2 667
109 666 958
593 415 523
284 770 856
640 110 28
501 964 398
453 51 989
12 372 800
787 16 101
145 654 431
692 759 547
877 848 375
127 990 429
596 69 454
697 614 42
508 191 368
685 689 806
438 389 942
931 506 16
433 897 120
900 127 782
134 489 743
692 689 379
815 929 281
165 263 60
966 334 972
579 73 501
683 586 882
863 431 372
981 312 89
55 688 930
774 250 499
658 961 167
48 498 288
23 978 28
768 12 680
770 470 973
967 522 321
843 84 63
365 200 754
708 289 343
959 377 893
310 335 166
516 954 861
603 976 506
360 415 250
883 292 279
302 70 178
879 330 199
604 275 145
928 970 992
880 57 826
787 674 333
501 773 725
92 908 582
810 527 341
772 123 238
238 692 421
90 677 80
0 359 739
722 331 112
491 479 763
959 502 793
383 1 438
646 548 494
530 476 145
914 554 668
294 364 128
497 143 973
56 982 88
6 923 233
700 393 909
663 767 220
949 178 993
194 537 380
326 739 469
156 684 475
848 904 274
36 795 525
266 436 810
674 528 601
986 872 661
33 991 387
345 492 795
790 713 64
237 484 365
529 804 402
187 328 282
424 676 937
780 717 959
636 699 857
973 326 177
625 131 406
950 504 813
5 772 576
562 8 365
31 289 368
570 455 483
92 766 805
38 404 480
573 974 675
67 261 576
993 227 786
546 853 191
630 601 614
924 540 917
70 602 74
362 503 391
577 937 34
38 371 546
436 297 506
829 419 375
403 476 821
882 822 166
52 192 187
635 515 695
166 249 915
625 944 306
757 710 700
589 946 960
327 17 587
628 846 736
393 832 465
278 333 418
622 571 918
375 232 987
125 944 406
863 752 326
558 319 498
14 67 571
45 848 182
914 814 802
311 821 93
826 58 411
429 882 683
402 615 793
49 785 498
46 908 679
403 558 608
687 738 624
65 85 655
634 455 278
514 614 728
871 777 971
511 845 857
83 878 28
727 975 989
928 87 720
88 977 78
1 268 536
621 960 629
73 849 626
350 11 767
117 104 4
530 22 279
821 676 302
737 740 585
302 136 967
910 70 406
933 504 115
141 507 97
213 210 188
790 492 243
789 577 158
658 223 266
215 499 838
947 381 526
601 391 289
599 372 161
9 429 199
508 778 296
105 57 874
320 495 47
920 406 680
389 755 999
708 52 893
241 555 116
42 782 513
597 280 378
549 537 476
250 201 920
693 431 455
790 107 311
939 875 232
21 85 969
816 316 146
497 926 681
526 611 285
363 987 687
918 387 479
708 590 179
237 859 469
887 418 755
156 522 519
771 577 303
543 182 105
715 11 75
301 478 953
275 789 622
204 809 680
461 218 522
923 548 884
825 856 243
679 818 827
394 234 884
136 413 475
305 792 235
914 56 405
416 883 911
990 243 336
363 759 652
488 469 178
316 29 562
829 768 18
263 272 795
310 282 530
867 230 662
5 223 251
794 720 378
832 77 810
78 242 227
265 902 374
118 654 688
991 934 884
59 167 129
913 414 997
240 745 594
386 203 59
354 288 55
515 652 309
799 664 453
866 785 1
222 700 46
654 313 856
9 908 502
546 147 286
897 357 796
216 88 249
190 136 483
106 571 626
925 33 592
814 684 361
235 551 907
470 992 726
166 341 975
353 825 950
990 329 562
582 877 539
418 170 826
38 164 359
306 600 219
398 531 235
121 694 429
223 498 362
184 185 591
555 649 421
278 850 591
622 368 592
675 903 907
909 683 613
716 161 573
716 358 87
711 743 347
893 306 615
943 721 723
403 692 599
697 314 813
461 204 583
593 213 571
103 899 894
861 618 101
891 742 789
193 985 877
278 379 304
727 333 8
233 170 473
248 656 129
296 331 253
461 951 319
80 854 360
932 234 244
615 207 703
140 856 383
299 939 29
546 15 875
825 395 968
285 795 736
657 891 79
920 599 519
807 457 422
161 151 324
339 695 219
54 61 743
934 192 770
463 390 936
569 805 672
805 46 423
407 309 678
750 474 443
576 441 490
972 865 941
609 814 22
969 207 820
996 421 963
496 372 546
750 433 77
78 980 303
232 608 889
333 812 628
982 212 64
26 929 76
369 502 987
345 969 624
793 772 381
261 144 998
310 328 828
183 164 563
410 629 908
751 904 728
863 30 485
450 184 854
962 586 123
63 266 362
725 278 859
532 113 60
316 255 861
622 810 834
143 3 867
796 234 397
747 606 962
945 562 204
347 210 542
204 529 266
654 616 156
264 847 715
504 511 939
398 113 4
217 437 509
267 776 702
411 116 545
608 347 195
90 596 335
697 778 599
736 577 720
17 937 438
979 841 981
748 480 899
532 396 366
254 463 92
116 782 581
317 841 296
799 889 417
532 523 994
647 291 785
341 819 848
969 512 354
3 967 887
671 354 730
380 799 490
957 873 390
708 985 193
99 361 585
158 234 350
545 504 998
819 511 548
102 677 736
972 881 520
163 862 155
138 202 275
187 150 779
638 821 443
746 498 762
196 59 340
617 270 193
272 684 255
723 41 173
703 118 955
348 644 787
534 618 669
352 439 696
759 975 275
223 891 426
271 404 6
109 396 705
135 221 724
540 780 932
57 324 766
84 967 920
479 899 727
276 730 309
446 926 506
546 70 156
375 871 321
331 167 177
259 124 803
196 382 484
3 593 323
559 737 780
406 842 171
189 752 110
450 85 227
509 658 190
779 775 296
54 969 713
212 991 663
699 972 206
0 227 216
730 355 746
822 422 68
177 425 406
568 728 957
86 192 157
511 258 968
581 739 491
388 441 741
963 763 751
320 632 378
639 557 956
533 7 508
923 865 873
170 482 267
362 955 906
864 785 819
138 294 550
520 388 287
248 211 735
635 302 432
959 966 374
277 354 714
92 792 940
374 736 688
955 212 639
343 704 232
225 760 535
70 522 431
481 293 275
135 658 472
747 555 159
287 485 354
282 740 328
341 0 952
353 996 214
901 282 400
975 67 297
751 263 917
377 838 259
708 944 212
199 422 935
720 585 29
183 139 919
40 831 947
872 408 550
150 553 351
328 250 676
360 781 651
387 308 845
765 603 207
41 682 6
895 11 965
112 181 163
335 853 355
380 555 100
252 701 713
617 9 157
613 484 2
775 431 843
937 391 550
546 413 80
218 769 484
995 915 754
940 677 19
337 678 859
826 209 203
603 310 158
674 335 354
101 544 85
753 794 199
163 202 236
363 474 743
671 328 690
476 386 269
111 693 714
545 96 299
771 50 496
847 239 497
894 80 529
488 198 964
910 194 993
920 503 897
382 747 627
728 952 771
354 134 628
568 280 288
93 275 136
832 86 229
605 712 35
255 620 343
52 119 307
136 530 295
444 400 909
248 375 436
713 660 593
571 685 229
449 405 202
825 346 668
354 551 366
545 298 415
79 832 180
114 416 513
6 123 976
498 281 293
741 848 535
255 378 954
277 266 74
287 299 891
116 374 867
724 555 198
448 300 529
284 683 180
116 690 561
679 780 291
599 311 863
559 145 512
618 792 104
795 580 602
141 372 370
589 31 707
603 440 576
121 169 305
889 689 602
834 49 745
871 656 294
580 444 346
705 25 466
83 523 663
930 136 600
681 367 704
708 719 879
214 705 355
542 259 62
203 264 389
446 574 719
820 688 900
228 119 849
90 810 619
210 462 24
433 772 453
827 401 478
43 559 880
864 855 74
115 873 725
5 547 758
262 596 238
137 924 310
56 875 266
627 339 924
295 15 22
673 276 773
160 11 476
89 621 212
709 255 467
280 117 7
295 998 604
58 393 327
943 228 288
261 918 379
641 336 787
367 927 729
693 603 553
959 686 348
567 613 668
21 258 777
894 323 543
198 34 960
0 305 383
349 664 616
173 210 663
98 573 598
940 282 630
250 48 490
929 780 430
115 591 19
50 924 539
552 724 522
760 613 487
547 817 996
891 589 969
946 299 407
946 705 22
327 510 651
367 147 687
95 403 825
851 516 829
221 13 395
263 549 841
163 843 950
784 939 229
583 44 661
406 753 664
422 605 661
15 577 857
544 329 17
229 127 565
761 944 834
126 123 909
709 690 46
393 913 633
930 538 967
930 617 606
640 737 742
842 380 512
297 896 874
649 652 475
139 295 343
461 396 673
591 452 517
676 603 871
645 453 31
518 899 999
421 127 616
575 369 249
985 328 587
812 216 636
791 937 211
692 540 261
464 833 980
444 263 519
261 293 798
978 127 616
402 193 170
370 912 907
320 210 773
753 939 207
229 798 866
102 14 693
611 78 689
462 455 92
36 825 212
471 69 336
111 556 283
21 100 965
705 625 283
872 102 994
320 572 712
987 441 557
695 115 532
640 836 292
69 267 800
692 783 790
325 215 849
926 531 182
615 966 714
776 865 973
318 365 556
758 60 418
385 171 553
435 1 353
46 151 320
800 614 181
897 935 532
11 20 663
656 934 655
825 872 109
92 292 419
73 525 348
77 577 513
41 200 463
633 517 595
721 826 371
39 254 296
661 99 756
135 476 724
41 111 832
165 377 868
654 2 534
288 749 622
952 611 316
201 772 341
897 263 416
528 414 104
352 598 164
660 859 782
113 668 786
987 259 681
319 3 163
435 176 907
448 48 975
140 559 611
911 691 989
579 132 821
245 828 641
757 466 428
782 889 732
581 402 291
740 14 381
782 478 250
180 42 423
514 916 730
949 360 361
768 63 208
672 180 888
423 611 647
233 701 558
131 105 467
85 611 319
448 320 455
922 496 619
415 457 256
849 564 121
89 364 206
629 147 885
234 777 534
264 972 457
271 189 953
952 777 719
514 484 401
751 654 535
625 811 285
562 41 731
404 21 903
588 161 671
120 930 175
835 211 124
142 338 502
126 463 590
153 968 384
705 42 680
594 791 162
315 585 756
331 967 959
23 701 375
646 470 800
510 761 785
122 138 268
775 693 546
26 880 742
540 184 820
896 505 130
143 468 687
300 923 399
310 847 859
281 252 263
648 236 91
26 689 19
717 938 409
868 415 114
149 793 555
842 212 273
547 16 103
14 838 69
139 786 754
188 723 800
400 921 776
657 385 982
960 623 63
670 582 871
460 346 121
784 705 58
708 773 313
385 24 499
552 450 685
36 764 802
853 32 5
769 53 439
693 456 659
425 688 169
464 708 838
213 922 882
566 289 226
176 194 570
360 800 245
282 899 473
104 905 270
614 110 18
951 986 701
373 774 588
437 693 771
931 721 219
114 833 925
587 231 161
654 932 940
262 534 967
564 120 500
544 401 467
141 816 404
888 140 542
754 909 773
26 328 397
721 850 611
613 846 109
229 893 938
229 395 558
379 418 188
778 888 732
131 158 543
246 833 995
933 977 401
360 912 194
614 227 787
244 917 588
527 914 937
148 140 845
775 163 267
859 936 825
362 568 580
826 606 526
61 815 471
939 402 554
776 401 402
809 737 843
750 367 348
671 353 369
868 129 851
43 990 857
960 11 374
276 311 822
530 249 996
689 21 90
221 357 393
652 702 716
164 313 864
342 745 338
398 64 775
639 656 328
45 755 904
190 648 695
491 76 303
707 103 2
922 160 711
51 30 262
290 644 314
448 874 950
535 506 1
226 6 15
894 44 561
16 517 786
536 459 182
171 214 628
719 445 777
178 880 904
977 41 777
999 717 838
616 826 275
664 782 744
987 339 501
236 556 18
252 305 604
625 956 167
328 454 750
477 877 29
228 647 808
157 795 730
558 733 214
553 712 248
839 312 707
989 152 896
41 345 110
111 739 277
24 30 800
82 156 534
160 814 987
402 489 913
230 969 78
101 383 271
245 223 437
159 43 46
444 189 615
698 977 200
230 456 897
993 331 112
408 949 152
736 797 471
646 954 744
715 138 559
613 947 598
906 999 250
668 37 701
139 274 19
814 730 780
733 765 215
644 684 700
794 208 528
86 280 756
52 398 934
105 224 274
792 932 256
919 758 87
34 800 744
401 891 236
148 972 163
963 495 932
895 928 997
123 264 150
387 306 860
205 851 776
553 703 859
842 629 158
291 425 858
456 253 331
915 667 722
566 318 458
987 625 964
771 558 155
899 619 790
741 608 45
854 862 738
179 948 853
886 715 993
313 255 789
195 914 228
492 365 294
84 998 678
577 571 271
2 117 799
780 466 645
132 644 929
618 739 675
192 455 1
166 400 240
574 857 71
206 835 638
705 265 857
301 890 404
309 700 956
678 94 828
816 715 867
868 926 668
853 945 998
604 376 381
675 913 298
460 927 259
299 966 628
985 537 927
585 475 797
764 216 455
289 440 322
579 509 590
373 57 216
565 21 258
49 787 678
550 576 963
430 251 482
35 187 503
306 62 928
995 207 341
931 415 640
379 874 11
934 589 681
978 529 284
895 235 664
543 154 54
755 6 357
882 823 399
914 910 578
165 818 979
983 21 626
229 950 249
5 254 340
925 553 26
842 177 952
115 255 615
314 117 842
25 47 925
928 284 741
471 286 239
526 943 675
376 155 563
302 833 637
575 183 814
316 775 366
518 342 427
109 50 554
98 682 615
967 658 689
714 24 398
316 17 502
961 513 815
12 627 896
22 135 821
821 876 308
256 637 77
801 60 193
882 155 573
92 717 572
125 816 234
579 870 28
693 808 924
16 208 724
889 237 516
710 870 830
64 172 76
1 498 503
39 826 471
442 979 449
311 670 311
135 931 995
468 448 886
331 856 476
323 778 890
844 133 664
546 860 392
774 879 752
785 488 293
657 259 338
229 910 137
419 868 136
197 361 741
80 924 324
811 450 975
107 268 546
288 611 978
878 975 491
877 920 679
250 767 507
28 540 913
49 96 869
990 457 335
869 236 682
263 834 296
117 131 923
919 939 310
456 140 330
705 319 234
721 408 204
224 906 134
859 944 606
988 854 908
650 523 609
619 577 65
935 118 972
973 878 189
899 429 959
78 133 500
936 514 484
200 931 862
623 706 626
235 295 176
982 806 794
271 788 964
242 614 767
570 916 354
431 909 430
517 734 12
331 641 707
333 959 47
286 818 925
733 585 681
138 94 547
615 354 624
358 407 822
165 709 842
133 663 553
73 32 319
223 583 466
427 385 755
773 203 11
927 12 217
911 491 244
760 278 979
968 987 240
286 43 362
407 389 752
70 386 610
321 380 893
337 510 150
906 438 396
124 876 162
555 550 417
974 890 653
582 449 757
919 961 766
573 231 442
527 153 707
797 443 86
381 419 806
562 768 452
554 444 390
66 863 798
91 868 546
870 832 41
786 506 266
794 192 840
92 500 66
425 993 928
973 613 886
606 99 724
657 765 658
667 823 93
677 297 292
590 950 529
46 776 979
16 697 270
701 806 674
600 327 856
920 134 407
955 379 793
924 536 874
944 684 278
46 238 468
223 381 474
387 322 649
173 205 258
870 41 602
552 240 184
448 408 791
798 177 247
241 947 862
751 638 234
916 110 61
610 199 675
593 474 705
438 415 927
606 683 296
56 343 133
83 609 388
52 97 10
538 624 602
628 961 291
335 786 192
251 477 938
987 284 724
841 513 612
72 853 910
348 505 874
451 279 628
636 797 829
876 68 850
876 686 71
876 117 824
757 493 126
497 471 462
909 743 611
959 256 890
274 222 388
20 923 274
483 855 383
921 798 372
584 496 786
193 199 387
770 893 745
146 441 835
15 103 366
831 346 119
576 708 483
4 111 198
587 72 559
50 236 652
68 936 714
858 239 499
257 273 473
718 974 172
931 319 888
370 541 105
76 831 396
918 814 877
306 81 384
288 278 369
699 255 590
487 954 639
572 962 0
361 153 843
177 340 920
326 528 497
706 919 95
24 703 181
267 186 656
199 276 991
369 853 246
500 995 416
321 282 765
973 928 200
7 514 292
124 754 18
766 543 670
261 249 224
935 685 308
637 264 70
754 671 442
80 29 630
616 806 214
879 683 304
99 948 876
926 153 915
673 983 179
255 161 330
840 658 940
686 463 543
613 908 319
51 137 188
14 11 897
183 853 405
707 221 621
758 616 307
186 121 383
503 427 83
875 32 481
599 627 191
838 383 40
217 912 846
647 355 423
311 602 51
209 663 553
748 232 886
236 351 465
731 809 805
74 549 233
571 759 157
828 60 360
130 156 112
60 980 195
574 960 465
299 236 715
291 474 892
963 652 470
547 89 869
149 125 448
854 155 833
66 531 983
341 835 256
977 437 46
325 396 734
651 796 310
62 786 625
973 582 732
722 566 36
538 699 10
404 746 56
523 494 376
894 257 876
672 661 783
947 803 946
711 377 375
156 935 957
599 74 750
811 520 4
430 247 456
5 870 937
851 255 145
882 896 84
799 676 852
229 676 766
231 902 627
26 525 389
651 958 318
648 973 383
309 467 998
994 623 490
605 859 114
870 982 578
232 342 175
599 633 986
829 23 934
143 423 575
673 870 703
779 628 801
589 262 989
287 117 646
728 115 629
243 36 250
952 36 661
120 286 519
496 935 435
189 462 332
479 616 235
140 752 957
769 439 228
614 318 844
933 467 996
219 396 592
266 317 456
719 354 224
466 16 688
890 594 688
319 302 968
959 529 426
739 771 60
951 919 747
891 923 818
755 203 277
55 423 227
790 524 461
882 125 220
865 510 696
24 259 382
516 777 239
999 964 625
1 370 382
841 570 916
719 292 367
148 400 717
370 415 380
497 696 371
829 720 741
510 921 322
73 123 207
417 511 710
184 471 577
147 776 736
913 295 586
651 266 233
4 681 740
739 840 720
905 739 402
859 138 873
593 958 895
95 763 686
950 422 351
753 370 2
820 888 815
805 402 246
383 884 465
402 21 792
108 890 536
8 362 928
301 484 958
132 840 803
715 330 525
361 538 388
223 340 541
936 567 809
919 875 426
805 842 663
389 950 52
300 887 142
966 972 793
242 553 460
558 54 667
717 31 802
904 144 472
790 416 115
511 937 833
655 164 952
79 992 941
293 839 575
860 648 15
947 893 435
736 668 982
65 167 154
252 657 674
428 310 810
631 756 989
298 347 798
623 385 963
782 59 871
458 294 305
771 684 874
475 967 95
898 994 106
932 160 105
249 473 323
620 670 650
735 201 578
367 95 456
49 624 548
158 838 592
45 954 5
596 851 469
792 267 421
252 346 798
888 639 597
370 133 42
761 697 108
748 688 274
202 562 509
820 837 387
715 668 27
317 56 764
794 892 714
700 413 787
510 183 866
850 138 227
17 867 956
317 359 186
995 60 444
38 18 411
370 922 14
747 12 239
251 171 300
101 998 94
761 248 998
999 100 323
17 452 255
40 735 370
337 892 151
817 827 573
90 603 19
952 719 836
734 375 559
439 944 118
632 72 634
630 659 367
742 206 25
199 786 601
675 978 410
754 667 672
102 337 358
327 198 314
781 573 548
847 745 544
195 668 51
774 57 894
267 168 488
190 957 126
70 339 276
653 248 334
658 983 495
646 552 110
615 716 165
970 625 562
825 611 430
18 889 376
54 350 968
39 268 710
730 945 747
972 995 313
57 168 657
788 600 71
822 105 810
626 398 632
881 210 502
931 527 568
962 797 132
8 581 350
301 540 587
233 364 243
592 230 619
723 880 643
734 809 760
840 288 989
586 800 894
238 324 899
274 917 685
845 525 264
358 549 573
488 94 936
167 303 670
927 545 391
124 753 363
551 908 69
777 345 924
507 456 894
72 442 557
297 229 348
35 877 505
63 868 360
451 986 388
212 810 798
490 691 328
596 90 398
572 843 193
533 791 201
796 508 161
25 637 215
886 102 479
923 272 747
490 925 455
450 819 442
535 349 795
596 358 12
80 134 234
463 328 903
504 76 378
260 866 925
756 161 157
224 101 73
285 855 770
479 793 512
821 735 153
262 621 952
931 718 364
504 523 713
49 970 491
492 854 709
33 8 637
956 40 817
709 205 888
421 270 175
166 444 526
761 440 53
489 636 409
783 801 577
984 968 136
855 481 304
132 729 954
721 108 403
910 65 969
692 965 603
896 713 516
298 402 936
325 978 847
745 883 516
77 829 742
823 605 152
311 875 775
787 609 118
183 717 562
680 475 156
670 160 41
245 322 122
626 455 212
538 238 882
857 192 309
344 435 639
928 355 376
935 209 643
372 228 302
756 194 255
697 815 317
286 331 424
172 273 572
104 711 653
732 836 683
608 765 252
809 978 59
73 146 661
842 323 268
942 42 332
990 21 5
412 432 432
585 704 770
78 8 237
716 549 966
217 294 182
626 661 984
925 439 610
33 263 996
95 768 383
826 863 536
989 198 630
743 720 626
4 505 493
455 940 601
635 456 835
158 187 18
830 990 85
752 423 180
754 619 797
694 500 322
124 394 512
382 127 350
925 307 378
693 247 649
201 908 718
396 617 240
286 247 466
401 98 729
950 777 951
115 538 862
195 491 748
645 258 951
732 554 417
938 517 962
466 155 484
585 893 955
796 934 33
930 885 869
991 745 851
986 124 331
199 816 123
710 155 416
934 541 481
678 276 74
325 699 912
77 515 260
635 6 230
969 85 471
260 967 263
563 616 487
880 267 196
181 316 407
471 550 349
43 663 507
960 997 735
781 628 538
130 547 400
904 507 39
695 518 204
362 404 189
269 945 100
922 426 916
244 562 988
689 526 666
790 446 934
72 370 854
182 789 411
690 315 995
697 456 228
269 613 314
68 458 644
583 464 923
277 163 114
458 194 750
252 116 995
302 39 559
527 515 791
331 466 277
233 209 107
767 851 755
557 857 24
698 478 898
749 925 938
448 585 881
274 214 737
640 902 303
586 791 823
583 221 302
957 178 766
98 161 920
847 525 720
617 15 78
500 844 296
180 165 761
684 595 855
426 847 483
483 672 254
307 761 431
177 619 1
32 304 746
25 851 648
467 58 416
421 137 738
105 29 636
972 283 438
596 414 0
75 503 299
269 191 786
4 97 647
435 469 225
596 521 158
548 805 456
557 187 804
291 456 851
920 637 762
795 119 862
585 869 399
647 214 342
306 534 987
178 236 518
24 444 586
110 580 568
912 999 575
501 648 784
490 732 91
322 292 879
634 729 586
929 968 563
933 761 866
690 500 561
396 694 684
210 740 776
354 918 14
24 489 760
40 929 368
722 297 111
508 806 734
292 547 980
148 179 742
56 278 768
302 385 792
860 497 503
405 100 169
202 769 150
901 704 211
569 191 530
427 78 578
630 187 422
643 548 253
720 13 876
575 591 803
965 361 407
40 551 588
918 449 103
150 196 452
395 253 313
390 616 241
43 267 787
467 923 199
144 227 786
211 803 76
114 171 443
343 207 533
319 3 749
711 67 637
573 532 305
343 950 565
818 905 680
220 394 464
229 406 450
379 869 945
31 578 743
1 476 927
861 433 572
505 398 122
887 171 845
598 372 367
539 838 95
985 326 89
806 170 562
267 81 14
789 187 923
458 294 637
649 297 87
310 191 810
629 578 791
657 565 796
129 805 864
650 340 341
504 510 245
990 360 773
182 885 815
991 158 932
299 535 516
807 293 956
353 68 101
757 144 142
151 310 775
221 523 613
474 615 62
836 786 31
763 768 376
204 505 725
