1000
4999
297 900 288
873 4 632
765 989 958
686 216 164
50 435 728
25 752 47
865 337 596
231 139 780
174 34 614
349 46 91
318 439 144
542 208 349
193 449 697
451 986 273
113 579 244
759 834 581
139 930 855
373 821 411
850 711 445
279 88 268
705 742 499
554 894 316
674 767 57
640 292 935
552 670 30
154 735 418
444 481 449
266 859 434
3 417 179
703 382 887
932 155 491
517 158 468
115 32 425
644 605 965
470 304 284
549 699 365
624 462 577
228 541 121
403 805 384
25 873 293
779 690 658
493 116 636
967 102 689
970 584 251
966 271 634
818 522 328
414 952 245
568 572 40
381 857 221
491 970 437
909 528 557
151 604 624
113 334 130
490 35 559
949 247 310
543 333 819
201 663 924
313 913 671
387 90 406
306 590 344
413 904 265
118 615 127
171 794 185
165 154 838
611 467 277
66 473 742
312 808 129
635 573 788
940 568 868
769 638 123
430 957 557
660 735 568
852 77 441
847 606 727
959 365 856
11 257 665
813 684 670
341 168 369
554 755 913
815 841 651
552 25 766
836 539 934
504 24 616
415 215 111
101 698 669
487 633 246
37 971 905
370 819 253
620 198 848
752 364 123
215 181 657
438 776 138
856 355 767
231 810 415
851 996 784
433 561 875
153 319 486
245 532 962
263 625 425
266 667 981
945 467 358
579 532 970
252 227 575
932 504 383
821 85 404
117 6 644
951 652 4
569 166 365
224 763 986
971 474 321
268 447 296
692 225 202
510 902 54
327 575 756
660 334 560
348 43 597
89 436 869
685 42 203
176 922 183
493 655 894
104 358 533
163 988 405
685 754 468
284 128 15
344 944 238
976 319 613
390 244 796
185 667 443
527 549 407
470 474 783
336 183 716
233 853 951
444 63 275
211 389 209
758 431 983
583 275 333
21 834 340
625 773 998
305 452 864
944 915 813
285 732 731
361 984 714
797 876 227
129 201 887
596 562 483
4 950 128
793 235 780
590 275 179
571 239 601
290 996 798
39 160 687
540 220 729
461 855 719
586 856 187
339 402 597
239 107 250
299 911 734
617 329 63
363 238 993
19 337 70
244 307 386
911 8 128
51 241 521
875 848 108
627 179 753
529 370 211
485 71 49
582 380 826
667 41 470
530 738 160
201 687 631
225 298 746
683 42 954
397 273 625
990 712 557
325 563 887
590 307 532
952 750 244
645 515 406
880 668 132
332 976 196
408 112 272
884 158 811
384 37 183
943 117 265
805 727 775
847 907 345
581 437 489
695 39 738
250 332 244
819 466 634
473 567 600
289 911 89
359 978 710
632 981 452
271 647 712
648 911 365
932 644 107
867 512 79
105 897 173
723 282 543
151 77 960
971 105 199
411 642 570
292 482 156
686 191 414
524 821 656
285 681 765
337 558 165
166 938 443
631 211 96
915 540 879
780 412 761
267 424 693
438 561 540
919 174 232
592 446 361
559 789 838
669 967 114
421 700 505
141 918 70
71 163 384
260 712 486
299 500 340
253 901 117
268 644 869
513 476 728
639 480 756
404 710 273
392 909 91
553 658 208
367 729 59
200 46 797
40 586 807
764 911 914
939 209 650
159 829 462
542 750 807
486 798 157
517 903 348
239 923 369
855 680 597
165 930 842
784 698 408
97 455 472
913 736 857
570 333 149
428 116 550
858 123 75
631 82 405
487 882 502
301 133 364
993 676 717
360 366 345
468 631 874
77 595 668
958 577 996
113 825 321
221 472 756
113 129 920
880 59 489
782 607 237
63 550 318
297 890 39
867 351 651
64 544 377
957 145 847
556 724 982
762 15 10
145 341 868
102 206 510
377 938 871
85 821 942
381 156 592
66 897 963
768 547 873
988 583 727
31 645 263
582 838 107
378 512 699
761 835 276
491 296 466
889 345 833
414 915 548
592 963 164
341 146 160
374 394 696
752 393 655
1 21 98
407 505 501
508 224 470
583 470 296
165 655 146
734 591 830
21 355 907
558 541 221
344 102 52
542 650 56
730 943 96
754 438 975
1 758 771
443 168 772
602 65 563
346 617 508
670 635 553
318 159 94
151 82 171
509 752 198
665 787 248
509 667 289
328 795 435
669 386 962
347 710 194
771 543 998
690 272 165
552 586 760
127 138 713
302 217 810
941 728 809
445 460 557
359 97 175
544 76 457
389 894 44
43 523 321
793 388 368
417 315 593
338 186 296
186 392 352
75 651 329
643 332 486
329 767 451
42 131 835
544 197 939
114 876 538
617 181 882
752 13 752
359 764 188
942 374 32
367 918 813
501 397 316
440 494 137
729 901 653
455 252 485
749 220 376
507 260 734
743 533 852
373 716 799
44 49 430
803 201 249
962 789 284
8 474 827
20 940 266
758 237 636
50 983 151
24 265 10
929 694 922
624 800 69
396 815 308
437 784 525
917 221 273
994 636 101
550 320 922
103 271 73
824 225 495
227 850 221
474 488 235
373 334 339
844 25 750
706 709 155
969 806 475
89 886 946
364 525 166
584 623 650
122 323 266
935 444 393
391 211 144
702 351 141
377 263 447
340 955 974
128 679 430
126 76 270
921 711 872
446 502 298
109 867 667
82 334 618
18 506 67
108 282 879
297 100 93
91 387 602
561 357 414
261 24 409
937 320 281
533 214 882
104 520 860
6 217 871
0 733 846
579 127 562
575 786 505
498 770 968
25 453 284
159 727 11
287 200 802
983 584 464
305 67 712
523 870 173
949 130 630
333 855 326
52 527 511
178 591 63
530 226 606
37 110 550
602 322 235
76 129 300
96 116 829
291 705 858
759 327 829
512 253 426
100 400 280
968 50 729
753 735 437
359 205 90
866 863 350
392 965 129
153 501 852
726 525 979
179 584 276
869 206 130
621 529 789
697 497 108
964 490 42
612 343 842
694 399 307
608 667 921
825 782 600
578 7 838
855 633 970
826 188 297
417 63 368
531 150 802
750 144 615
916 266 650
997 236 950
287 133 387
30 320 32
375 265 1
542 675 237
62 849 833
812 847 157
812 345 436
856 489 353
702 950 556
372 15 138
496 822 183
295 274 836
751 322 788
101 709 987
542 253 945
820 364 62
376 7 101
712 90 350
814 263 464
700 117 683
646 505 783
317 245 24
672 170 742
744 557 472
353 67 204
767 766 18
112 65 115
773 212 471
622 487 330
434 212 503
944 250 707
209 86 506
700 218 113
611 792 671
996 696 49
213 85 113
520 279 991
867 988 300
33 365 683
968 634 475
449 905 441
350 54 301
230 259 308
332 623 489
136 923 398
793 225 201
918 745 357
607 566 465
349 164 653
534 801 586
48 759 894
743 715 343
860 346 302
828 87 787
616 956 42
817 556 198
322 164 92
892 694 364
688 382 8
744 73 860
815 236 394
874 681 810
370 419 751
501 299 670
315 710 41
60 977 959
316 756 2
593 420 124
460 468 898
650 681 712
325 444 853
158 808 225
21 172 217
34 75 282
137 347 829
199 835 113
81 721 631
811 108 5
999 507 447
303 558 126
635 762 532
72 32 323
331 171 702
607 155 152
990 950 747
799 665 516
508 578 227
138 545 487
24 690 495
169 796 196
694 126 128
596 506 951
70 693 793
852 221 258
919 398 114
680 323 815
613 68 230
659 704 588
957 325 2
258 986 854
236 862 927
924 783 115
928 125 642
324 327 540
134 383 252
976 377 420
953 521 817
253 647 4
864 347 496
56 686 368
503 99 841
931 431 155
107 922 229
621 460 935
538 637 721
314 87 820
667 244 25
882 340 758
436 196 721
589 655 856
925 731 238
966 890 386
699 618 785
43 260 503
15 820 810
462 299 70
960 845 464
906 801 699
267 430 219
179 232 278
166 919 410
591 477 347
853 122 391
110 763 206
995 794 29
357 562 76
291 441 414
824 829 689
678 919 746
763 553 160
507 131 918
36 439 281
289 882 386
280 49 415
159 195 563
885 28 272
201 258 774
539 107 113
534 484 27
557 299 952
352 348 57
807 727 423
502 716 321
993 297 84
511 701 473
754 729 342
114 178 909
426 915 362
946 375 162
128 601 627
21 128 913
573 5 721
690 38 152
308 229 761
943 476 788
93 927 918
889 873 229
964 831 846
29 253 332
190 240 443
280 272 553
348 822 53
261 906 901
462 307 392
238 201 300
838 407 876
50 617 29
218 398 773
678 591 962
54 961 731
600 65 923
836 567 934
626 694 32
625 756 401
415 139 770
281 202 620
892 211 279
587 669 482
985 908 632
745 618 451
924 192 895
865 713 166
935 151 514
233 77 230
639 565 558
208 31 66
56 482 615
44 712 155
810 675 219
173 729 434
417 465 759
397 818 33
880 3 570
752 605 914
938 503 865
849 592 631
57 922 186
821 603 345
226 469 79
799 745 214
95 271 595
293 138 737
524 825 701
764 597 447
585 781 972
294 349 962
169 762 5
564 451 537
503 946 577
270 566 420
676 744 169
424 510 501
356 847 116
441 65 26
899 519 427
864 141 963
209 744 392
410 228 716
78 932 35
16 524 630
439 79 178
754 714 798
232 217 355
664 915 548
776 608 593
894 753 420
49 823 525
147 717 174
951 646 29
663 934 75
881 861 514
122 682 476
278 888 368
756 573 260
821 409 610
613 684 24
236 621 98
251 456 969
769 373 543
922 797 59
273 988 921
6 553 322
142 35 876
711 459 919
661 781 35
550 347 288
256 312 954
204 13 644
366 815 4
703 391 954
437 637 637
254 729 767
529 722 904
460 578 845
553 490 622
874 543 24
771 748 232
592 425 923
270 498 162
76 62 932
409 303 749
582 628 609
362 765 672
556 112 624
130 726 176
33 828 301
199 444 170
905 6 55
649 24 549
282 839 296
416 774 232
373 404 70
225 263 421
630 58 751
999 251 725
10 474 152
403 158 581
247 974 671
411 575 964
407 198 527
892 630 544
84 233 735
833 567 118
101 923 618
336 424 900
92 594 813
846 360 83
694 209 84
714 43 193
980 327 355
760 64 498
290 666 481
19 298 564
457 357 996
516 919 273
103 823 187
294 578 770
444 92 96
779 248 478
374 439 80
938 394 248
87 667 692
429 725 770
319 846 327
392 756 103
424 338 727
467 110 122
677 794 637
670 456 352
851 215 668
953 961 359
120 797 935
852 311 285
773 412 670
896 532 94
878 653 579
327 606 293
234 242 647
247 380 754
114 220 81
12 10 29
405 778 932
228 667 433
485 620 843
112 897 898
693 808 484
869 246 866
295 305 813
532 952 200
687 854 632
303 55 436
48 85 401
878 847 315
387 358 157
649 51 895
574 936 242
860 898 459
742 120 756
730 938 975
750 492 969
204 93 38
873 805 662
653 60 390
549 318 37
751 337 565
776 673 870
474 672 744
832 584 612
315 529 356
922 348 65
72 131 280
508 974 606
202 729 232
298 70 1
633 589 327
457 106 776
887 153 90
686 739 368
728 952 74
482 253 548
128 23 73
640 814 526
775 717 23
496 112 246
430 721 491
660 150 102
226 264 97
829 170 452
647 280 122
228 13 725
640 352 870
275 305 23
364 690 316
745 322 950
197 920 199
709 534 89
883 240 310
970 983 689
115 68 419
284 614 777
100 654 962
545 450 552
677 108 797
580 221 199
239 672 694
653 939 487
682 452 752
98 945 42
673 817 130
143 911 909
839 318 834
342 277 169
246 493 409
832 629 718
740 358 253
650 857 235
357 797 913
484 805 692
994 146 395
242 118 481
424 458 75
28 541 194
630 882 106
205 65 163
930 431 70
770 583 126
176 436 178
633 100 311
572 995 215
204 186 296
802 390 624
854 850 554
972 47 580
85 901 128
590 593 384
627 337 478
337 381 620
86 642 218
88 114 773
543 556 153
366 587 91
588 510 829
275 12 84
974 752 432
11 497 53
313 382 79
218 621 583
336 930 378
361 706 81
907 273 551
741 870 772
907 630 826
896 695 276
361 416 613
736 87 313
458 728 641
690 616 526
679 437 927
485 272 235
256 568 516
986 567 820
255 688 936
76 148 20
996 64 365
977 627 216
734 58 309
158 17 588
479 828 403
481 633 386
87 235 36
60 478 315
67 431 71
459 258 360
247 427 640
206 383 603
138 727 188
141 915 150
609 209 912
406 932 833
318 314 618
837 460 401
206 902 544
985 180 409
486 58 792
612 226 352
419 23 416
337 649 511
615 944 16
274 929 44
686 427 906
950 757 379
898 138 943
218 2 311
112 712 869
254 879 620
128 686 343
54 297 515
172 190 605
116 971 605
913 837 276
291 858 468
903 161 973
182 363 180
530 482 316
513 318 483
495 248 492
806 278 542
67 911 607
19 532 874
942 176 978
452 625 822
846 289 565
714 297 929
72 704 372
839 741 27
203 258 885
997 488 800
270 461 201
33 108 395
863 626 65
283 605 778
689 305 134
924 378 960
606 83 175
551 347 506
612 257 323
752 554 498
734 208 526
99 786 748
828 884 107
758 876 195
509 902 544
968 781 259
18 194 754
15 393 943
285 678 127
379 457 191
922 816 843
882 175 986
803 119 294
592 687 844
29 357 517
6 239 825
808 959 381
347 601 817
490 922 414
2 274 468
514 706 691
951 283 829
418 59 673
764 463 981
379 520 856
232 31 910
961 23 906
473 812 281
730 801 14
210 589 189
864 694 78
251 656 821
653 407 486
484 823 44
58 924 186
991 173 940
773 898 698
0 457 112
404 112 174
998 858 768
160 781 443
126 326 466
340 952 809
27 292 454
8 287 364
64 191 688
452 489 550
499 472 607
881 200 593
286 248 412
312 214 850
639 616 693
841 67 951
89 620 863
632 868 132
64 302 524
239 425 605
55 470 488
169 267 506
539 26 810
440 484 213
640 680 970
237 332 116
882 404 577
84 211 95
601 588 500
471 899 305
899 264 251
492 125 242
551 312 263
742 731 309
812 761 221
513 966 221
228 945 182
49 343 554
696 746 549
14 375 809
374 735 84
468 410 288
385 428 507
518 183 152
204 203 80
946 268 823
803 983 914
896 704 969
932 853 222
421 762 739
939 30 832
612 786 463
973 510 732
846 638 924
645 649 322
208 573 344
227 849 963
498 809 494
51 729 141
870 77 165
490 159 791
60 952 708
234 655 177
906 793 665
918 618 582
182 283 261
968 751 770
885 19 42
550 436 280
281 230 87
293 33 909
973 106 330
767 720 473
434 501 341
161 183 631
37 324 971
111 60 710
708 820 111
817 960 635
366 523 942
632 363 106
860 261 782
368 677 625
387 238 625
946 210 704
924 249 140
452 953 608
50 251 839
976 479 326
268 288 13
494 709 781
373 147 286
294 605 612
499 461 689
811 288 324
718 944 96
623 873 846
192 903 901
383 915 322
335 922 251
526 708 877
400 750 431
896 140 784
366 826 878
902 583 577
129 587 403
565 257 741
63 645 388
25 821 499
452 521 762
391 296 606
294 957 867
684 942 19
732 516 588
749 279 455
756 768 526
572 911 378
614 555 458
133 268 749
639 607 87
887 533 88
200 323 113
847 793 39
630 934 220
691 314 246
540 889 815
193 929 20
240 170 709
288 571 30
342 188 431
718 488 917
970 314 564
844 606 932
883 52 104
316 239 409
948 389 109
0 582 783
786 756 429
452 704 623
450 387 943
348 311 929
760 921 610
167 686 422
456 39 508
524 577 378
198 609 129
883 293 870
342 261 481
293 424 451
774 197 850
447 902 245
78 926 192
930 130 321
560 536 303
364 406 712
296 66 940
925 130 874
496 634 820
143 331 413
4 255 604
378 10 670
226 799 775
858 716 213
986 349 484
891 487 55
144 616 499
297 496 275
81 344 441
466 531 0
931 189 104
128 514 440
208 369 988
37 661 124
141 788 436
293 521 826
542 93 231
738 584 388
503 568 241
57 330 174
223 558 69
73 854 113
901 804 852
554 986 395
274 858 667
953 109 602
555 101 575
461 412 742
390 69 62
940 640 520
278 441 645
77 70 923
342 881 684
328 837 917
614 55 179
389 838 125
693 3 56
587 941 659
139 939 994
727 294 121
8 281 832
566 261 425
443 723 718
334 365 558
388 314 90
824 564 859
104 478 414
590 185 142
516 135 590
635 189 520
433 124 644
761 134 773
806 627 179
500 738 232
467 315 434
250 176 693
664 294 955
723 359 34
921 80 903
557 154 760
372 553 641
446 468 155
142 254 619
641 189 584
542 838 346
560 275 964
697 311 223
947 719 156
935 291 915
238 190 129
783 933 567
582 197 521
600 843 8
672 387 916
11 630 962
526 915 145
27 175 51
310 41 706
368 128 464
349 968 528
982 314 434
928 673 86
259 434 796
118 966 888
826 547 730
800 681 932
860 482 134
841 895 361
944 502 862
669 640 897
579 497 621
542 456 197
472 99 217
49 371 46
202 367 907
263 632 260
335 566 893
114 185 948
794 844 302
477 896 435
675 996 852
888 317 534
495 378 367
360 326 96
886 945 151
66 39 32
536 640 649
48 980 620
95 180 120
848 805 18
53 134 786
12 780 335
254 937 672
263 419 334
837 798 671
252 825 518
895 974 368
81 644 410
442 698 666
533 14 504
903 358 888
865 906 466
805 151 956
756 520 346
215 439 309
65 505 298
157 91 323
870 34 864
318 522 258
659 156 800
460 870 168
633 416 621
546 198 959
283 516 944
363 94 956
272 940 528
917 572 34
336 121 130
913 104 550
763 831 480
37 915 98
612 370 429
918 10 749
909 155 99
281 515 580
824 15 887
903 183 354
691 236 514
402 354 15
692 366 264
130 564 261
394 696 313
668 822 30
214 805 198
319 36 735
675 172 416
780 20 891
791 683 637
835 322 768
512 936 537
648 463 922
747 946 549
130 91 883
124 324 360
273 422 221
953 719 711
23 16 224
867 279 680
472 227 893
132 391 301
646 723 243
130 491 923
530 334 408
533 939 91
530 8 860
916 127 566
167 530 921
607 560 448
698 687 248
687 589 464
161 345 926
967 872 257
352 563 832
467 528 826
674 343 776
25 581 356
195 240 453
839 530 150
966 890 435
666 232 252
151 402 875
853 567 300
125 966 602
95 399 47
474 314 513
485 130 566
736 5 679
796 717 863
296 318 714
109 409 238
808 894 292
339 707 74
129 679 510
953 592 748
250 574 28
845 476 643
418 650 401
271 710 753
697 253 8
136 898 498
125 353 775
879 917 586
172 528 500
239 471 824
470 548 999
999 883 431
660 864 267
696 143 448
342 247 265
116 785 65
976 418 980
181 145 528
173 481 269
807 410 799
345 689 802
646 563 891
584 72 590
860 460 307
642 455 219
815 999 787
702 314 283
373 98 143
582 937 986
88 1 973
152 19 714
372 591 364
83 634 347
975 77 16
561 889 54
195 589 789
797 62 786
187 868 667
383 470 86
766 565 340
929 251 221
515 449 808
912 451 202
572 833 769
284 568 908
934 940 985
12 314 625
170 905 947
598 434 680
862 285 937
896 277 857
641 166 566
356 268 314
714 207 100
327 721 232
570 106 382
736 708 991
535 718 989
864 18 945
200 191 633
246 444 605
199 649 125
912 993 543
955 123 4
629 745 616
627 249 37
768 527 104
827 676 859
104 4 132
487 46 741
423 412 217
856 840 952
930 120 583
218 636 67
688 432 235
582 581 985
506 784 145
573 532 696
137 91 939
976 675 363
369 128 906
269 518 997
488 446 576
59 308 724
817 963 499
27 408 235
284 714 354
426 210 285
819 732 307
651 448 731
797 172 217
614 162 789
968 137 111
308 604 252
715 145 227
524 448 859
223 213 657
679 93 625
590 354 661
636 744 965
13 513 248
553 505 424
755 683 115
474 942 632
6 859 892
222 201 369
67 233 326
889 806 756
822 931 877
555 261 320
321 438 437
157 391 652
47 310 438
16 603 962
921 723 772
435 793 776
195 771 768
902 573 122
709 79 639
38 489 207
887 673 746
571 683 895
682 218 133
578 419 12
389 993 205
863 427 232
518 335 608
822 491 155
545 450 662
825 200 405
528 112 198
762 438 161
517 605 362
834 729 356
850 828 826
231 912 353
64 466 485
686 295 473
582 496 798
858 724 108
104 420 829
549 915 294
125 895 652
258 330 211
852 737 558
686 436 158
562 272 783
211 217 832
490 770 506
701 549 146
812 299 155
941 122 111
5 161 585
129 17 414
256 565 213
795 318 435
372 493 977
699 204 865
150 284 898
292 610 970
672 799 179
974 772 17
475 777 974
858 707 247
670 79 248
97 576 102
766 192 326
770 518 157
894 402 647
651 347 136
230 811 978
222 880 579
98 296 947
534 693 71
778 912 121
511 496 115
469 780 539
823 556 720
978 942 110
423 173 744
162 931 787
825 355 413
988 27 563
964 250 846
841 884 696
870 335 82
872 506 641
575 605 820
272 2 916
452 60 337
213 948 721
49 473 586
388 376 703
580 193 759
801 275 655
260 484 767
702 812 339
796 285 428
12 340 252
268 950 573
69 512 299
318 546 877
565 629 399
939 850 15
482 228 922
697 122 398
669 326 853
913 667 715
176 522 107
80 940 980
86 485 259
614 54 161
286 393 460
250 795 112
570 150 42
522 532 328
46 324 148
672 719 897
892 830 727
636 848 628
117 82 172
495 364 724
764 689 633
916 43 534
994 326 830
762 981 530
141 565 181
365 625 586
176 797 26
871 182 10
329 782 648
961 79 228
538 411 729
457 851 411
90 372 719
998 683 149
265 260 897
204 790 70
839 598 603
688 830 208
779 244 234
278 703 895
5 956 940
740 25 684
103 301 976
282 460 369
136 127 958
6 314 58
423 255 101
297 760 43
66 674 546
772 719 410
17 743 991
41 239 613
954 834 407
230 351 364
812 791 75
728 998 456
1 49 448
437 486 192
77 951 779
603 177 397
702 842 720
740 557 608
436 606 478
778 316 6
349 889 538
439 150 431
369 840 813
209 556 123
860 201 689
395 788 959
911 329 51
173 37 780
647 496 249
595 653 821
43 230 141
203 294 79
902 296 79
350 900 500
247 288 431
16 498 108
171 977 573
705 439 654
538 793 775
382 889 959
130 328 572
747 188 938
853 680 935
229 3 180
219 141 989
216 781 914
601 610 53
512 765 181
578 859 189
408 945 631
519 187 623
943 560 358
159 765 668
967 711 653
999 486 450
566 205 648
314 994 828
878 167 243
742 584 241
420 260 743
688 486 563
798 849 719
55 430 812
748 575 336
422 88 282
576 485 497
247 81 87
964 439 178
23 22 493
949 961 476
723 712 873
59 834 735
140 42 773
650 618 203
527 384 520
62 549 641
961 867 757
632 214 371
566 851 537
176 886 157
551 321 165
173 685 19
598 498 677
375 798 517
540 857 483
805 758 962
231 925 271
619 110 456
234 883 348
568 122 721
759 871 895
518 49 865
931 589 620
500 17 246
70 554 885
951 679 50
648 29 547
928 777 3
412 595 439
848 813 61
566 624 756
517 378 802
678 668 980
532 782 335
738 571 512
652 96 576
952 707 800
778 658 603
820 892 38
700 885 948
664 500 456
368 708 394
925 16 695
499 382 965
205 247 741
148 992 496
126 765 202
832 495 717
831 575 813
568 636 45
870 489 608
694 909 163
226 712 273
334 336 620
626 941 118
43 312 964
88 161 985
126 915 64
136 983 866
457 289 698
316 338 654
894 113 812
366 210 127
656 920 321
995 12 706
165 791 287
850 408 27
255 607 42
254 552 93
424 25 115
519 845 198
17 513 201
48 297 444
420 591 771
202 301 919
178 709 479
267 287 294
149 61 538
490 299 837
7 868 888
465 17 656
159 177 800
640 587 451
77 552 6
148 908 752
228 167 170
972 203 53
210 106 336
924 841 474
980 76 842
566 714 253
814 51 822
758 784 342
641 416 373
253 285 546
256 568 213
33 539 629
489 995 635
57 83 27
848 685 439
191 398 970
803 475 228
969 40 787
703 13 332
699 998 960
579 504 724
583 933 741
404 459 452
237 159 374
403 942 546
228 698 880
721 969 495
794 729 439
948 792 944
479 871 938
7 660 766
957 278 760
749 469 805
491 504 375
336 844 810
281 11 863
127 421 263
443 65 177
353 840 908
113 961 623
994 915 665
43 567 145
527 888 898
875 99 868
870 738 12
272 927 651
284 643 214
224 383 889
936 649 553
591 825 176
194 707 688
953 571 934
935 639 407
379 364 365
596 962 655
266 186 627
966 417 750
574 494 647
750 44 556
687 174 671
974 23 721
875 245 284
817 829 475
268 842 388
449 858 601
394 20 269
824 414 523
950 788 921
401 442 995
974 70 313
57 601 78
916 273 283
155 253 387
619 515 591
936 235 545
516 462 30
145 173 996
864 710 116
190 712 79
384 904 137
4 155 298
171 80 16
308 101 52
870 619 734
201 300 899
786 141 125
565 471 430
401 138 296
99 875 276
781 721 728
187 417 723
471 797 156
725 265 925
617 918 843
128 668 422
346 57 88
808 18 128
255 582 960
728 252 422
53 430 721
199 440 733
713 33 848
645 649 117
836 953 280
264 232 796
772 361 811
780 491 884
47 280 491
814 988 744
918 388 459
62 146 560
173 598 411
659 337 841
880 136 483
250 336 59
778 93 837
343 463 99
748 17 373
187 808 640
956 702 848
510 337 395
540 562 35
405 544 790
277 947 46
976 165 115
733 990 733
164 545 479
457 292 438
538 375 157
995 867 817
618 415 813
409 532 952
863 703 536
525 648 3
252 602 849
273 939 676
117 857 904
416 449 126
487 718 242
708 860 766
774 123 679
492 329 456
653 780 652
385 283 995
393 904 372
851 539 689
107 952 196
206 225 493
234 202 678
544 902 201
12 287 272
75 516 524
637 339 565
913 168 855
292 55 922
48 869 807
107 5 899
585 121 284
153 300 904
702 657 484
209 108 118
248 657 933
915 328 807
973 460 461
891 304 271
543 872 526
256 915 37
138 480 156
235 247 724
125 996 17
708 332 785
801 388 116
652 527 523
979 11 49
251 488 793
314 718 58
852 935 208
647 546 964
404 459 698
31 70 234
284 727 140
441 257 61
639 21 138
173 635 729
656 558 545
863 819 779
726 305 66
738 527 560
9 531 823
728 442 349
150 532 36
479 641 3
81 741 768
385 914 495
660 911 970
35 815 63
418 945 475
576 385 318
485 183 987
646 709 986
159 141 381
79 274 854
467 417 673
391 558 452
467 572 947
75 859 643
480 594 709
522 900 576
485 584 79
619 21 649
114 434 341
876 683 902
973 437 944
185 815 261
957 897 82
491 33 237
25 102 976
871 948 540
713 599 825
65 183 28
934 610 99
159 709 51
35 981 692
109 956 630
162 469 661
686 984 640
872 530 194
9 59 446
93 837 830
632 953 928
695 973 470
474 291 319
750 83 402
908 403 117
639 3 559
670 590 456
430 454 238
726 716 16
632 726 306
770 537 940
665 588 753
426 578 259
294 716 624
826 590 723
193 892 268
229 813 845
705 258 288
366 722 401
873 734 977
786 895 25
725 942 775
409 341 333
356 948 837
282 930 266
725 853 778
698 207 464
424 678 46
763 639 690
303 662 730
722 451 528
728 498 852
713 806 546
708 466 487
278 524 617
940 399 790
253 661 500
149 150 471
246 241 616
657 233 726
496 948 153
353 159 663
586 796 497
579 359 379
841 640 483
846 633 214
965 535 497
347 435 237
382 143 427
489 576 685
68 953 735
850 962 815
447 841 963
897 717 496
132 194 956
471 905 420
701 305 891
935 656 804
216 253 837
680 205 643
827 479 792
483 44 151
107 432 169
586 12 730
278 81 4
608 743 943
322 499 921
69 528 948
576 299 894
645 514 380
981 340 832
187 393 870
555 465 669
792 369 202
905 24 620
101 440 248
24 153 253
246 928 416
771 520 181
586 891 750
322 946 85
670 752 969
118 964 785
812 791 81
614 67 135
137 991 170
956 252 603
25 457 590
692 216 402
685 764 246
732 44 975
15 870 910
703 276 101
45 747 302
584 134 558
984 35 675
880 852 793
42 250 901
669 755 668
61 519 786
313 926 524
679 15 755
809 48 468
620 825 47
319 466 777
896 976 694
132 200 738
955 84 899
989 16 655
351 738 789
554 261 533
703 293 777
644 954 500
742 468 348
127 2 496
27 896 720
908 400 329
191 493 649
244 403 555
17 407 190
43 467 921
290 331 840
906 29 284
978 400 820
609 393 243
501 946 613
505 953 85
908 323 908
81 782 189
986 326 112
762 361 231
245 923 770
20 39 20
388 398 808
68 893 333
60 497 416
250 641 640
83 832 187
201 922 557
606 857 980
411 73 742
443 80 34
946 138 881
817 786 682
426 736 774
985 388 561
390 824 190
968 378 589
81 763 427
586 550 815
891 388 135
306 390 636
798 565 867
462 393 95
545 232 834
636 694 559
32 31 283
543 643 897
116 523 499
116 237 851
68 176 792
35 656 860
394 697 67
328 348 845
146 32 11
736 986 619
311 536 730
211 168 445
80 751 216
409 102 695
535 956 995
76 249 539
562 816 349
256 88 766
422 365 639
92 735 44
235 296 990
151 440 909
275 456 125
113 166 36
897 22 667
466 664 697
293 22 834
141 221 870
83 60 567
590 548 736
930 210 266
293 127 843
803 458 586
967 234 449
555 762 874
656 528 47
394 874 450
232 624 114
754 911 371
514 323 17
283 676 394
293 892 828
10 909 230
543 339 315
885 980 365
668 970 867
696 178 318
670 315 316
983 892 283
119 696 255
344 883 654
729 969 173
793 52 240
900 485 265
302 433 164
764 751 342
172 502 154
611 984 755
661 203 885
370 618 329
432 592 212
737 946 622
708 58 87
853 928 68
706 387 23
666 686 423
992 725 279
500 583 645
332 955 608
153 370 443
802 153 466
967 542 721
732 421 875
576 625 243
972 254 320
469 782 33
132 773 311
768 575 387
966 5 384
309 913 451
344 414 130
592 803 760
176 135 205
452 786 519
888 865 668
665 656 86
182 546 818
503 340 25
610 20 102
323 571 568
41 764 818
637 32 795
693 855 13
524 401 573
44 793 267
27 946 127
808 728 981
461 832 619
416 466 430
951 599 396
747 172 853
326 491 655
649 863 99
35 410 6
334 841 679
889 684 411
83 390 981
878 182 346
918 922 772
891 12 758
596 262 613
379 74 761
627 173 741
631 109 821
617 307 64
800 347 734
53 221 262
50 99 798
259 469 425
283 44 176
623 263 526
322 406 110
614 601 866
823 980 574
92 671 593
312 226 213
32 541 80
954 813 974
584 339 83
740 28 940
128 313 314
6 306 44
145 238 542
390 957 542
756 898 51
478 789 810
123 22 43
85 696 319
402 249 164
245 519 503
625 158 971
272 865 58
805 378 192
567 980 538
491 159 178
751 694 181
383 500 71
763 673 857
158 473 502
89 726 484
1 583 983
125 245 673
923 590 798
498 234 982
489 513 200
538 956 524
340 140 46
441 979 239
917 3 617
139 199 488
770 500 373
595 426 644
208 780 781
624 515 553
967 746 925
723 958 386
265 563 306
951 60 610
78 456 293
199 334 736
652 489 214
779 797 888
56 419 232
404 649 226
224 977 967
862 852 598
603 538 454
958 853 918
614 792 534
512 493 851
935 314 261
718 674 672
711 619 151
383 199 646
703 485 456
54 304 71
717 356 510
951 127 313
921 443 125
241 15 402
917 209 183
863 210 878
947 318 880
412 740 274
198 761 913
617 906 217
137 75 127
322 135 726
241 497 365
394 731 887
629 368 854
12 874 641
456 78 571
212 83 861
11 81 687
133 573 479
489 480 274
816 498 825
758 163 687
870 26 692
494 926 461
775 683 273
77 940 228
678 431 379
399 538 802
581 548 639
566 313 894
227 255 952
107 519 122
615 145 294
100 527 904
39 92 330
987 111 9
883 910 869
810 908 825
521 648 995
757 337 652
685 552 192
488 366 282
139 280 337
133 814 892
506 585 346
874 647 652
483 121 112
812 22 929
906 63 931
448 703 976
361 5 568
399 658 678
159 407 999
113 656 756
303 881 652
99 871 325
485 511 709
574 364 355
556 541 225
785 421 124
226 445 53
926 179 395
479 101 11
348 573 153
471 693 606
521 271 491
545 343 756
679 759 792
457 917 396
600 598 151
832 282 683
177 792 16
388 44 656
596 128 238
327 376 333
587 818 964
983 696 159
814 884 401
199 881 745
149 718 671
876 762 501
723 486 232
464 386 338
895 406 881
45 138 296
181 48 376
693 510 856
540 90 750
183 482 701
382 858 906
971 496 82
633 264 959
684 933 884
764 754 788
49 652 71
480 202 179
316 974 796
605 144 582
743 820 225
843 224 26
401 661 628
952 938 768
114 55 261
730 785 525
807 17 42
576 10 80
753 191 450
713 326 313
384 175 516
682 999 759
827 70 523
325 314 257
174 377 480
877 631 773
505 427 323
829 790 366
303 193 748
626 624 830
442 334 905
388 85 442
65 590 909
279 864 82
360 39 912
907 144 581
381 625 106
311 626 508
42 219 399
222 323 416
658 151 621
194 632 684
458 143 902
458 964 104
324 421 515
676 790 516
562 391 258
442 321 124
108 722 746
788 441 402
354 796 699
871 255 440
326 362 830
264 123 416
59 810 515
152 452 69
104 862 645
74 970 120
510 692 423
379 773 591
594 923 345
98 616 474
568 656 548
276 293 694
118 665 45
370 406 973
487 774 611
788 808 3
795 127 633
963 223 863
716 245 768
11 64 309
541 72 541
991 602 585
950 527 608
680 527 631
911 467 116
157 273 587
28 144 611
148 98 83
194 596 695
234 225 166
916 678 146
847 177 240
503 337 619
140 473 407
602 557 615
285 880 663
612 21 837
460 977 492
15 496 389
599 23 331
118 281 694
160 876 665
556 267 21
842 549 44
570 847 258
633 653 713
882 37 400
769 879 706
307 939 719
53 193 112
20 584 847
489 107 523
448 915 400
345 669 641
766 324 707
498 271 543
633 458 302
309 942 632
169 871 546
180 886 430
509 74 506
449 25 928
555 853 98
353 35 718
819 934 861
294 719 572
263 313 632
982 424 274
859 622 8
143 707 394
925 51 961
926 658 849
625 722 793
762 737 133
761 312 694
488 938 407
76 945 329
570 81 961
841 614 87
886 81 318
632 899 286
456 463 152
777 704 952
73 913 34
781 636 178
622 264 76
755 420 149
636 763 161
380 7 971
976 567 71
901 679 868
682 850 221
994 384 435
624 254 11
1 730 573
851 912 964
534 262 473
195 362 939
531 896 314
932 605 370
0 595 325
174 331 13
719 826 824
220 424 648
479 340 629
897 722 10
332 747 634
174 4 997
198 51 933
317 489 296
871 370 392
812 244 2
884 972 372
41 61 788
493 825 893
580 573 83
945 461 66
975 161 63
734 27 241
72 820 476
791 850 312
890 772 309
824 956 354
668 698 21
416 360 311
520 554 341
972 605 643
190 409 41
696 212 347
249 174 217
137 982 929
317 568 811
30 663 649
835 585 819
837 812 460
260 452 128
331 119 943
629 833 258
66 14 565
575 907 849
908 352 656
912 273 921
889 489 208
573 668 867
868 114 121
811 695 73
685 532 50
276 209 648
544 216 306
210 203 783
259 116 87
18 613 79
713 319 903
506 40 679
700 264 142
718 245 399
627 946 226
937 567 51
355 100 635
125 368 246
645 899 202
964 148 909
328 604 8
921 844 993
756 460 204
935 852 923
325 16 715
360 336 548
235 20 73
237 742 624
113 435 674
220 334 381
744 660 77
578 392 326
348 454 803
291 495 848
933 530 962
978 294 974
203 905 493
315 648 470
108 354 503
86 325 973
330 267 434
112 405 238
608 364 695
347 229 495
719 772 807
632 300 957
540 367 572
153 972 40
14 847 346
827 610 482
828 482 487
297 554 288
508 925 40
993 793 938
932 984 372
528 2 374
305 624 900
184 911 866
865 233 16
125 707 321
948 335 331
341 756 115
781 650 180
900 581 442
705 4 154
714 818 540
166 928 777
317 294 188
257 618 894
15 571 440
334 956 167
853 976 33
425 796 319
974 800 568
265 260 524
875 75 799
549 659 450
139 490 362
670 516 405
47 538 464
847 539 251
990 614 374
749 591 857
342 716 105
226 105 719
957 280 37
468 472 826
391 170 410
205 933 20
436 735 289
405 946 807
754 669 731
860 299 921
904 354 267
558 402 487
719 155 431
872 600 911
487 632 548
721 379 849
626 51 215
948 757 100
351 246 786
938 201 671
173 125 955
396 569 358
82 211 766
190 143 97
945 772 860
12 704 426
253 520 214
780 695 728
399 713 993
965 74 486
185 445 171
195 526 547
350 648 732
356 126 762
775 802 422
826 745 219
604 136 338
921 319 936
524 560 850
770 384 870
334 826 210
94 318 435
294 652 838
254 133 757
111 239 35
85 507 100
491 681 327
345 515 148
717 678 972
442 276 833
634 331 637
32 160 502
276 572 385
33 747 502
939 33 496
314 400 56
913 940 430
210 411 339
184 905 397
522 71 542
239 153 23
17 41 128
703 173 480
668 770 577
914 281 439
209 919 593
690 202 46
831 418 440
694 579 807
832 755 879
797 743 811
201 951 703
744 298 751
85 264 190
754 108 124
647 794 152
618 383 989
858 62 68
962 299 356
872 427 82
431 593 386
618 808 272
472 307 956
952 700 586
542 705 758
615 182 787
343 925 218
630 825 415
115 588 263
135 237 813
632 286 761
394 39 10
695 124 46
981 603 334
935 885 213
877 435 325
350 473 45
20 328 673
143 909 495
628 616 623
658 887 511
449 841 991
630 325 472
262 194 257
802 964 985
574 581 589
708 40 632
931 613 406
119 724 68
395 3 788
104 548 347
634 645 501
198 547 541
693 964 79
9 34 778
172 112 728
947 852 824
31 547 646
170 24 376
892 499 587
736 756 17
919 921 23
187 457 652
600 874 883
196 30 740
999 755 155
924 465 5
358 650 450
184 329 776
579 927 933
349 16 980
743 804 206
950 69 642
25 653 705
755 967 104
932 809 860
768 845 28
604 897 59
137 821 992
684 729 432
40 779 377
66 248 914
872 44 516
985 290 705
525 921 694
579 580 487
276 721 905
985 846 861
171 323 820
84 171 651
773 222 163
413 222 686
423 777 443
411 844 301
767 458 47
179 132 441
19 549 615
557 403 398
656 199 520
963 162 254
368 154 950
277 692 236
997 506 809
320 836 817
119 890 139
669 940 110
177 841 715
4 637 984
115 334 403
521 16 459
691 52 986
549 555 898
998 138 205
110 328 958
520 328 313
502 553 284
738 168 417
427 839 375
563 615 869
368 188 964
368 824 641
193 4 238
196 164 718
385 230 751
618 734 576
221 224 863
162 528 162
644 922 845
261 852 889
489 762 93
81 934 26
921 589 159
275 875 954
312 165 517
81 522 291
539 81 923
913 124 573
276 856 767
659 734 772
248 455 0
47 286 911
424 327 999
196 588 757
142 878 637
988 772 528
8 997 559
110 217 7
195 104 80
868 167 198
261 157 511
11 186 454
422 857 550
239 728 366
902 695 216
789 73 497
96 264 201
459 203 25
882 672 546
163 882 364
120 395 979
202 685 989
459 977 247
271 892 703
702 211 420
705 362 31
43 576 296
986 74 934
373 606 722
309 406 527
61 831 401
619 708 118
296 322 592
529 659 541
243 936 754
657 796 375
219 610 166
311 994 58
903 687 140
415 789 204
115 103 201
50 968 720
371 53 520
622 445 658
573 756 251
965 768 587
242 266 244
261 413 165
508 272 0
791 625 917
477 78 849
70 610 223
969 259 543
925 846 392
591 133 363
216 405 525
13 893 257
828 557 104
820 893 769
625 745 148
156 471 363
875 24 250
144 431 370
21 799 866
123 618 891
907 218 258
895 506 542
677 367 480
696 958 80
7 552 93
129 107 646
643 983 208
75 933 584
954 512 279
256 682 571
619 569 782
348 338 230
947 708 661
663 536 208
764 171 225
79 903 632
169 957 938
705 390 852
232 348 886
839 794 598
790 837 912
12 787 657
466 331 792
862 603 43
117 7 627
18 705 549
568 963 412
810 635 868
337 332 148
503 262 78
703 581 265
7 510 103
540 179 686
572 477 589
981 217 266
404 43 937
629 425 631
701 77 626
58 82 711
747 283 770
283 231 593
894 881 420
937 903 499
700 825 98
769 81 141
185 567 446
664 14 19
983 132 621
36 997 601
860 204 999
272 28 134
912 323 801
429 59 259
120 656 657
991 142 605
280 332 142
350 555 274
350 140 232
644 995 61
686 225 78
507 94 136
798 980 56
598 298 328
325 89 317
396 359 776
77 663 985
550 959 38
629 258 712
136 921 303
720 163 440
432 900 598
407 477 245
645 879 826
617 712 765
402 356 525
912 976 231
743 16 752
91 367 509
1 287 335
542 515 280
658 895 851
349 742 288
169 417 816
344 487 997
113 586 350
747 775 789
270 658 750
249 605 27
246 256 106
163 98 471
974 470 671
953 792 514
461 677 331
95 697 734
459 117 37
238 368 813
340 638 127
471 223 670
242 183 204
953 662 326
204 15 619
124 154 394
178 184 135
523 201 436
942 39 842
116 989 730
533 225 150
177 853 19
865 457 143
879 746 650
294 382 621
322 880 439
694 986 581
680 173 41
687 748 995
939 77 8
173 702 46
85 544 72
20 60 65
57 347 492
871 812 610
466 24 853
704 134 454
729 346 864
332 248 169
464 796 229
819 511 477
857 123 566
656 715 773
859 186 246
749 352 494
463 629 278
81 70 696
615 467 718
101 328 180
834 880 43
340 188 994
105 276 403
989 337 395
475 409 974
481 191 145
528 288 802
2 994 601
484 223 21
519 90 574
25 266 20
114 721 31
549 76 467
462 751 836
552 172 882
483 572 763
906 167 204
743 266 922
465 652 416
560 697 380
959 945 419
725 639 930
401 499 931
874 957 621
319 734 967
280 37 861
610 947 163
563 778 317
394 82 768
658 40 256
828 719 334
444 885 398
22 236 792
827 641 182
832 174 708
202 479 20
621 622 820
629 643 215
895 330 719
473 355 190
517 691 265
548 651 380
775 682 511
334 985 86
193 401 760
612 717 0
268 227 121
709 654 518
639 452 269
524 844 615
632 386 800
834 441 334
474 120 753
838 622 756
717 585 831
140 412 134
465 217 665
503 529 555
615 79 682
157 49 786
450 535 442
376 647 587
303 539 497
220 533 578
468 124 702
862 71 922
662 196 368
646 6 224
354 675 214
884 228 736
537 57 271
692 26 756
784 60 828
642 792 454
168 362 786
902 70 494
422 22 496
112 185 237
296 858 87
828 592 746
80 576 575
953 794 352
278 746 31
973 201 210
391 914 516
591 559 39
879 546 454
986 154 433
872 942 622
746 551 824
699 913 310
935 961 960
292 66 668
799 684 477
468 739 576
476 744 173
531 519 479
850 601 815
699 709 282
280 679 184
255 278 673
482 741 717
11 616 501
470 254 918
756 150 919
260 70 785
254 358 412
318 664 602
990 994 924
688 300 329
431 326 324
173 334 857
943 417 528
769 846 526
698 758 746
256 983 746
373 939 756
638 870 742
112 687 64
483 259 345
147 503 38
340 963 481
239 993 755
752 482 953
428 87 671
993 717 537
231 453 787
442 219 212
812 183 447
888 826 437
8 985 729
337 664 296
968 840 928
435 537 412
604 253 380
48 648 375
100 935 105
386 38 232
683 118 80
757 574 582
211 656 793
335 109 611
967 789 60
941 141 560
525 504 852
508 798 828
587 837 817
455 771 359
905 809 320
265 472 58
444 573 249
768 952 638
338 608 581
553 391 263
454 574 641
652 141 619
225 503 282
760 789 474
795 903 690
708 324 131
904 221 683
122 693 731
434 252 53
524 176 305
462 603 47
630 851 763
788 831 236
185 6 610
718 264 153
238 650 908
871 80 55
688 294 288
713 334 16
809 454 877
872 83 504
650 823 305
461 642 942
379 273 245
416 112 350
926 998 895
840 459 855
30 950 295
383 18 158
871 521 160
487 81 142
136 272 283
328 112 481
392 867 652
289 344 589
444 576 564
800 339 169
554 948 489
104 50 655
2 921 489
793 576 627
667 897 298
556 324 112
163 835 530
312 533 93
673 596 759
374 141 419
460 878 997
740 97 834
259 143 390
22 703 310
781 13 816
848 788 908
940 861 889
959 987 832
148 877 966
932 705 968
603 389 553
208 574 940
2 599 912
419 125 471
646 346 785
321 633 146
777 189 284
684 730 137
867 420 969
946 737 517
812 284 12
686 87 481
835 749 92
429 628 792
593 178 486
360 868 320
693 326 475
372 53 604
256 651 859
859 998 71
469 854 893
661 230 544
306 991 702
582 960 699
717 284 14
394 893 914
587 57 43
823 582 763
223 327 876
501 759 453
816 411 709
300 363 350
693 54 506
436 260 404
844 465 343
581 559 397
707 284 627
837 710 75
233 850 412
549 777 670
831 342 302
558 575 996
941 2 697
576 541 278
628 390 670
286 529 56
865 489 681
626 634 693
882 778 562
307 738 130
786 73 221
579 612 800
870 702 691
784 388 537
210 265 742
435 403 739
500 4 634
20 202 800
213 739 752
485 495 126
142 316 554
916 429 814
420 621 783
589 346 55
195 67 102
180 173 290
400 913 269
778 224 130
228 95 555
614 831 149
194 696 767
818 90 695
809 287 459
118 352 472
302 136 350
650 746 964
613 336 421
409 554 283
589 264 11
685 35 536
316 800 611
437 995 589
676 843 446
663 405 162
834 635 714
816 83 98
573 886 983
373 477 343
496 7 21
797 511 375
280 328 802
974 425 57
677 863 309
790 987 714
471 988 501
912 253 255
234 680 421
929 7 496
853 979 64
421 498 215
712 848 263
465 386 573
366 500 81
335 26 951
648 180 282
103 18 875
92 284 251
290 45 486
684 678 937
923 648 958
888 893 632
381 681 695
176 190 543
875 282 231
982 686 558
725 424 395
307 600 54
577 541 811
495 149 667
717 45 365
902 495 396
793 980 374
463 958 235
208 816 581
667 936 654
531 397 939
893 584 36
977 622 684
25 639 550
675 573 82
768 264 154
840 336 264
953 370 22
828 866 369
496 900 471
554 285 67
609 594 74
449 205 650
818 459 942
340 362 809
515 230 496
760 771 503
559 103 100
795 858 786
486 732 793
113 480 541
72 378 449
557 446 224
78 437 568
914 728 688
833 107 258
208 564 386
365 884 2
607 901 921
335 756 15
830 931 97
814 495 284
342 800 647
220 399 558
286 544 769
825 528 104
695 393 389
265 509 366
417 965 770
799 709 695
902 809 301
648 685 185
512 178 809
733 232 77
955 950 558
881 748 485
109 723 271
511 879 86
689 637 917
429 541 742
755 979 121
137 179 433
316 730 120
408 365 259
998 239 602
696 991 323
2 637 530
280 621 995
201 814 200
534 365 923
293 771 773
469 919 261
549 904 304
282 44 625
688 520 580
940 477 191
328 897 709
594 266 928
723 480 14
105 85 493
995 343 35
353 161 80
280 210 878
761 65 698
518 646 314
81 739 685
155 747 296
407 240 27
88 210 870
139 439 524
903 649 758
700 566 610
296 844 809
488 833 39
714 658 490
157 485 649
546 406 296
554 338 988
294 700 39
670 926 733
896 914 751
669 486 590
593 25 323
172 137 918
495 359 326
597 516 653
219 842 546
740 789 453
940 446 162
301 647 223
327 135 740
660 322 939
135 523 655
255 311 312
844 893 537
662 699 796
494 795 615
841 986 116
445 73 963
523 654 421
345 504 335
852 904 939
403 778 960
323 937 510
170 801 455
765 990 234
986 131 616
225 920 748
552 458 264
385 567 46
977 592 391
170 272 43
593 949 940
564 887 561
590 30 500
500 892 651
694 682 498
80 584 969
832 75 673
801 486 544
814 950 98
868 768 872
854 343 106
882 655 662
192 281 414
555 99 542
537 66 93
345 814 912
40 645 68
290 989 625
614 415 782
55 888 534
821 637 991
897 534 925
426 54 320
245 73 537
221 879 384
302 913 519
214 836 823
684 238 506
266 29 162
956 319 941
936 138 280
609 508 979
655 705 862
876 588 338
195 59 986
629 655 799
297 772 312
610 851 728
951 863 975
990 325 787
263 599 408
7 175 846
870 890 327
376 903 30
21 228 919
894 320 19
912 595 909
860 806 330
478 250 295
124 211 916
704 61 808
29 709 769
537 417 14
507 238 294
704 700 747
982 522 301
991 674 917
453 907 522
553 49 447
681 600 328
309 947 798
336 287 947
435 366 680
27 776 357
252 541 244
737 201 816
776 716 861
16 815 430
804 219 748
353 243 573
297 173 243
561 597 964
924 193 585
215 384 510
14 796 454
943 253 396
92 993 141
291 587 495
445 329 617
362 70 800
92 275 156
708 82 718
295 365 443
384 237 580
31 155 878
94 593 933
119 560 648
490 417 653
540 374 442
849 832 321
377 983 817
659 612 73
175 320 771
115 507 574
393 829 796
855 757 810
530 966 3
951 932 540
268 348 539
462 627 842
530 958 844
375 707 753
175 837 148
547 261 428
290 888 689
811 675 834
387 707 119
771 974 588
344 62 759
439 952 836
704 170 249
38 43 277
716 685 900
648 592 608
46 437 744
97 373 779
250 608 282
44 245 719
729 807 245
364 900 210
398 187 916
385 446 224
167 870 664
81 352 154
184 643 666
273 129 699
706 966 542
213 337 125
545 510 876
945 573 987
420 945 5
799 284 35
495 219 834
192 103 410
410 741 0
404 939 838
907 52 896
8 717 675
127 613 953
116 945 349
377 764 731
11 274 890
638 210 342
424 743 155
539 401 474
180 872 991
847 688 39
989 843 854
13 90 125
67 200 284
964 192 647
149 234 494
283 692 767
315 961 355
526 394 241
449 256 321
367 159 520
529 380 638
377 924 567
439 974 245
832 700 165
696 39 804
340 975 854
395 684 518
970 19 877
319 892 626
116 835 784
233 803 639
695 245 5
783 15 238
902 0 165
583 528 54
197 420 490
608 866 480
23 307 751
129 800 767
754 137 686
136 4 694
88 76 40
550 546 308
200 199 492
104 777 551
794 294 995
153 500 425
213 852 342
866 310 413
207 528 762
972 352 828
829 427 139
934 651 876
511 447 478
289 783 933
428 954 681
270 428 349
574 332 710
973 656 174
982 603 532
868 852 186
903 955 844
106 713 483
367 238 239
550 265 662
535 414 166
340 138 390
337 529 625
888 194 821
299 609 537
672 380 992
233 114 7
567 804 101
272 167 638
992 4 179
154 495 566
674 25 819
209 332 148
243 496 753
713 962 653
685 799 748
542 409 562
882 628 882
993 233 102
112 86 909
169 642 575
374 479 220
455 51 837
794 822 108
236 309 905
291 604 819
219 121 657
506 233 411
91 948 387
796 212 591
317 180 29
107 111 260
21 785 421
667 496 919
340 435 470
24 777 750
97 91 687
499 925 472
234 819 274
344 727 170
480 854 703
999 781 205
804 688 301
888 991 369
963 260 693
993 336 594
678 562 568
40 26 11
668 604 149
573 627 153
267 552 603
271 963 727
274 403 108
592 441 121
77 761 587
243 264 420
687 967 616
17 769 205
172 895 77
410 856 689
878 571 819
256 542 718
697 847 192
241 860 529
360 228 193
972 865 744
572 80 135
627 561 995
799 675 720
303 204 301
82 183 874
936 970 46
220 202 891
695 643 215
336 707 184
546 246 153
943 848 659
243 166 955
512 454 242
391 355 373
503 287 571
357 731 19
810 739 628
739 593 680
839 59 485
230 414 269
531 127 598
140 995 362
112 397 251
930 40 490
778 341 617
545 446 744
909 182 480
909 542 749
756 144 389
110 797 502
38 639 436
72 488 754
163 306 879
677 257 713
165 711 555
766 105 779
296 613 234
144 6 847
714 601 289
98 79 356
249 675 962
336 532 900
762 171 715
389 334 513
905 816 868
649 837 320
289 652 240
960 807 545
362 916 44
809 291 717
939 876 716
933 598 973
611 296 830
610 920 905
62 507 983
168 548 283
604 397 871
14 875 96
142 773 120
808 639 318
56 297 358
289 58 370
278 148 688
320 684 292
807 815 963
312 677 34
968 947 349
269 41 557
500 973 125
227 624 696
333 363 674
8 34 892
708 666 399
37 368 404
345 361 809
336 799 20
576 947 962
270 746 676
665 658 265
243 784 879
251 717 882
629 422 449
443 798 568
150 248 158
902 143 54
497 294 849
963 495 236
148 358 233
289 961 523
314 43 129
366 23 745
312 151 551
653 637 535
730 427 87
550 993 701
958 413 508
229 291 419
816 597 718
734 771 902
987 639 203
870 871 804
759 64 32
2 603 602
484 253 200
806 367 685
6 229 461
14 197 854
278 527 288
661 116 816
563 858 503
923 764 672
146 752 804
557 590 980
630 779 518
570 437 476
523 215 556
483 672 822
532 901 600
478 224 396
370 706 1
914 848 378
899 709 138
662 721 943
134 386 631
409 913 693
709 509 17
646 94 586
834 242 383
746 660 890
121 484 511
289 961 413
637 759 843
958 904 358
581 279 902
173 191 574
863 573 502
334 323 759
619 156 423
124 511 458
61 383 830
165 486 211
592 10 172
339 320 846
799 239 432
161 275 143
429 172 787
684 303 948
687 572 997
485 663 41
735 950 164
843 201 78
710 708 507
152 626 470
337 235 371
582 365 252
773 701 57
279 12 844
944 282 18
912 737 172
210 368 948
645 361 629
483 201 207
120 271 3
828 938 988
505 775 60
967 163 163
742 683 807
758 802 465
482 272 751
277 944 223
212 684 874
677 359 513
733 904 229
954 472 355
757 844 494
350 393 30
506 235 714
633 973 226
43 121 687
607 545 793
676 890 186
864 457 399
651 116 939
417 809 994
869 430 27
479 323 580
419 866 794
179 741 546
877 107 229
219 13 647
276 971 526
805 689 23
378 84 590
395 8 177
283 665 940
615 243 621
716 115 283
59 149 610
996 208 739
126 429 929
496 812 157
757 623 880
584 309 452
703 772 213
66 550 308
101 516 823
869 652 882
550 813 276
410 47 98
645 961 978
586 14 128
925 989 455
651 438 707
741 122 750
588 637 267
739 10 418
504 130 196
455 405 777
381 620 734
552 662 104
592 235 551
314 294 281
198 264 102
832 190 426
124 564 284
213 101 84
906 139 518
122 576 129
583 81 612
741 626 584
577 253 281
189 791 411
190 512 500
772 916 180
797 34 763
466 99 823
490 232 542
694 368 921
937 850 99
514 633 546
952 629 955
912 877 161
775 594 446
233 343 271
305 9 961
515 833 382
477 53 328
40 991 941
833 270 177
852 593 535
607 386 991
79 335 951
667 900 191
57 362 880
743 509 7
456 318 954
573 926 526
442 337 491
613 552 351
507 173 893
396 167 581
269 181 256
404 550 766
191 907 761
828 204 929
753 776 173
228 232 544
518 117 345
204 822 191
222 729 975
467 919 616
964 562 87
104 873 92
403 338 17
71 46 187
535 423 386
98 522 376
645 396 944
596 549 267
824 130 451
950 623 649
405 967 499
672 750 924
904 872 787
520 400 411
328 257 505
676 69 522
759 671 831
120 833 351
75 279 582
142 696 419
525 96 791
257 184 937
908 870 68
407 847 343
668 318 396
894 702 930
864 941 20
487 747 269
147 858 141
89 243 630
601 869 814
768 662 427
998 965 951
972 152 672
912 297 384
653 799 310
102 308 274
245 183 690
388 196 679
573 850 593
932 241 712
957 263 353
298 451 413
601 783 4
62 245 895
909 294 185
762 896 590
347 64 832
489 952 268
55 676 933
129 118 358
878 782 481
977 751 659
797 960 683
430 860 732
967 52 236
180 835 944
810 909 250
267 319 135
55 663 900
816 726 408
717 79 724
833 640 960
891 346 939
304 160 350
471 102 624
550 727 495
803 791 360
869 39 350
963 419 548
968 807 246
511 321 804
51 57 149
802 105 713
84 166 174
765 913 133
954 517 826
541 66 243
450 393 86
450 454 816
165 328 369
178 319 649
818 323 60
168 439 28
871 49 864
483 792 771
484 686 822
590 624 425
381 175 572
271 123 894
11 838 322
70 214 119
268 21 761
670 79 945
744 399 113
732 537 758
522 412 826
491 660 395
349 787 750
549 601 61
55 939 161
656 119 882
434 630 527
8 43 573
353 717 615
505 431 995
66 996 103
822 797 143
633 501 161
440 926 333
516 12 945
787 900 882
992 691 839
190 919 489
960 919 113
647 39 696
160 217 996
864 801 570
865 392 407
540 338 320
992 163 696
532 765 112
549 530 242
103 616 780
416 568 26
359 980 943
278 438 803
728 828 378
988 104 32
667 812 530
102 33 389
230 183 959
120 995 290
172 103 904
2 569 381
625 883 330
697 863 94
51 22 705
89 149 647
844 35 945
855 463 142
888 526 869
54 910 813
424 33 406
104 36 334
471 443 16
547 351 513
351 915 211
747 614 386
45 990 900
167 348 446
297 346 902
368 285 935
986 641 199
807 93 493
353 503 700
987 655 398
421 885 35
372 243 567
469 986 500
876 777 249
19 290 272
924 454 816
84 754 204
818 79 603
316 300 191
232 527 797
957 577 493
836 454 595
334 989 315
817 926 658
204 502 186
911 18 48
160 326 802
528 809 207
647 155 769
421 235 246
294 208 84
589 620 534
325 660 792
351 501 506
748 542 457
896 210 92
53 845 427
83 29 316
768 526 964
660 88 845
534 757 237
340 811 187
413 828 97
753 37 839
339 303 538
822 817 386
757 174 56
270 903 453
352 854 154
722 904 692
749 910 119
96 926 257
556 745 343
392 309 468
364 298 40
951 406 324
992 205 456
447 556 191
92 53 343
797 723 670
35 768 552
641 846 933
414 461 914
976 478 570
433 461 302
820 329 609
973 270 360
54 502 439
773 207 670
201 333 83
173 58 164
626 225 481
400 474 114
8 332 494
523 318 652
503 388 670
144 30 833
279 836 608
403 345 32
340 507 439
105 260 111
782 415 808
376 784 380
406 427 9
896 59 100
434 102 411
211 988 139
561 724 426
583 561 323
351 155 6
387 371 151
144 922 885
552 264 286
126 330 656
39 659 634
850 952 706
604 997 452
985 51 581
713 668 789
832 855 472
566 771 542
518 119 546
145 582 251
389 458 997
893 10 981
439 749 329
567 524 498
799 405 640
795 884 807
85 25 367
133 403 765
718 118 197
447 349 530
128 169 419
427 418 979
823 269 549
984 908 894
958 777 285
298 785 512
485 419 912
638 530 550
701 999 224
703 701 120
137 720 327
831 374 587
316 311 513
601 795 308
922 976 564
595 978 911
43 425 126
486 258 751
828 251 248
229 392 166
327 462 149
649 43 321
479 422 230
347 465 977
674 780 185
947 166 601
233 143 208
10 712 42
131 592 304
737 811 219
628 246 250
661 330 737
160 146 604
545 435 46
722 426 69
894 17 347
679 391 210
157 361 784
554 889 735
252 507 298
13 425 174
521 704 449
18 247 297
979 476 278
523 655 490
365 887 460
342 426 570
990 534 257
91 441 295
247 617 350
69 979 814
616 751 927
922 883 259
51 2 486
102 623 968
264 84 844
747 822 263
910 96 64
585 203 61
433 112 958
100 322 198
581 600 494
538 267 797
604 134 315
475 275 171
533 930 905
257 7 129
768 749 990
246 417 939
350 993 554
187 111 289
552 508 506
932 591 831
494 614 185
924 213 648
870 974 634
9 456 278
606 812 211
948 939 177
177 889 984
953 255 612
522 274 884
381 40 446
891 967 158
692 445 163
253 430 497
516 234 13
676 98 621
283 650 861
971 240 885
671 816 43
183 503 264
920 248 878
187 417 241
476 372 402
219 886 12
176 317 570
304 817 638
239 891 412
327 323 904
371 423 856
439 733 427
53 505 274
262 780 527
247 268 141
236 846 221
777 146 273
910 726 801
730 102 634
677 126 840
691 498 66
987 774 40
926 492 159
267 20 628
731 240 783
630 717 754
606 759 0
183 94 695
180 441 291
256 879 698
429 258 32
786 207 4
537 425 815
129 641 964
453 646 867
806 205 208
2 192 104
697 737 759
492 298 756
144 416 605
415 813 144
870 678 798
205 369 129
790 771 257
436 270 603
519 843 958
719 178 606
259 897 108
156 24 617
871 975 256
561 856 880
912 301 538
179 469 334
56 21 507
490 182 282
611 382 104
816 775 349
343 36 45
72 982 721
94 102 23
863 500 376
857 594 128
525 8 832
700 411 178
283 251 530
416 935 936
198 771 211
22 827 513
459 733 474
715 246 84
433 253 959
458 441 747
375 130 408
803 359 857
262 886 401
896 757 917
203 957 192
571 953 261
35 348 945
625 409 536
145 753 643
202 898 301
274 107 497
304 800 300
303 166 209
796 460 379
246 480 963
162 172 188
78 438 547
459 30 377
106 943 763
340 965 499
842 173 214
693 575 227
480 332 896
418 379 260
896 231 320
425 546 41
452 227 794
192 657 141
956 751 737
9 730 409
285 234 795
504 89 724
812 71 126
867 965 72
930 737 913
255 799 867
582 953 807
477 234 553
274 46 448
745 603 190
418 684 768
82 543 476
413 974 73
459 173 956
615 418 510
320 817 318
650 831 352
815 852 709
266 50 322
384 59 298
977 891 466
780 212 411
479 131 286
623 127 152
603 112 202
692 49 396
676 413 25
343 784 819
717 532 770
644 380 221
401 717 638
38 910 926
163 534 683
178 495 60
282 411 806
990 446 192
363 159 118
501 709 199
411 861 840
254 715 552
720 357 382
621 360 728
422 796 650
719 240 588
482 949 381
591 144 608
532 661 527
926 751 433
786 885 967
987 599 797
206 150 363
784 233 216
139 331 261
556 738 777
248 654 233
867 164 640
240 695 71
324 849 171
301 681 750
175 889 757
201 521 651
722 910 825
633 235 357
465 580 349
949 607 615
280 161 596
480 970 64
686 945 926
255 205 200
438 36 28
675 426 198
968 987 477
998 229 841
84 819 316
845 0 304
681 592 424
385 502 771
360 914 721
575 615 456
112 773 152
22 546 696
517 890 916
411 630 786
321 391 862
369 894 997
260 433 236
759 920 494
435 298 129
688 967 146
505 830 469
699 482 90
915 306 468
386 433 529
755 398 299
670 115 588
667 926 685
811 816 972
758 869 233
386 101 533
56 911 81
885 664 666
66 401 66
153 348 789
336 620 289
72 714 850
164 825 521
669 806 951
649 78 961
640 69 510
337 318 518
936 996 638
109 944 131
221 832 57
656 508 598
758 953 26
131 707 403
296 894 414
445 413 938
347 297 178
956 141 972
278 32 525
21 754 273
42 677 112
155 131 173
587 926 334
44 498 177
480 24 32
834 216 850
82 778 885
244 560 655
337 463 66
419 563 431
690 857 423
252 529 471
294 926 340
974 829 706
849 346 183
174 276 80
852 946 681
877 971 334
621 167 252
874 258 909
206 525 184
78 741 414
648 765 805
8 378 147
679 602 886
663 640 152
196 746 792
401 814 529
245 197 3
971 874 518
59 51 65
829 942 254
627 208 75
792 553 385
724 800 362
415 370 955
103 580 577
828 822 817
924 711 103
617 933 319
647 864 103
807 100 258
374 206 177
311 773 4
528 786 348
935 290 549
66 734 833
631 582 616
997 971 395
365 226 343
236 629 391
914 651 785
538 922 138
423 899 604
835 369 56
781 593 651
936 681 870
722 313 618
474 26 161
910 249 525
978 280 613
408 891 59
876 334 717
640 292 187
354 97 151
144 864 666
929 890 3
264 335 439
746 171 225
23 611 49
740 479 609
651 35 63
943 449 212
210 962 540
683 291 541
245 178 201
17 284 261
119 508 661
960 248 434
34 149 654
355 905 401
473 348 173
459 554 466
816 481 52
874 659 634
987 336 563
524 679 481
414 970 115
254 247 575
683 63 238
852 42 600
169 120 216
820 915 432
518 197 866
108 523 712
713 87 788
771 293 764
451 221 848
718 106 12
33 517 329
834 9 707
552 598 276
348 684 920
220 145 322
847 85 692
245 325 466
487 854 201
50 676 534
789 308 385
984 734 832
830 504 45
495 112 350
476 939 481
927 150 894
837 452 320
817 567 244
685 313 14
850 275 41
592 226 425
530 156 154
215 243 584
755 348 746
162 305 823
718 971 886
324 548 707
61 286 965
340 523 331
969 237 543
98 636 638
762 52 670
607 230 169
374 494 905
707 59 201
926 568 280
358 583 664
641 157 939
717 469 594
761 609 941
296 363 210
163 367 270
316 958 352
991 787 30
488 881 616
96 569 93
937 858 54
154 612 553
523 465 608
119 98 956
59 302 283
708 52 189
809 748 669
706 195 560
341 329 541
963 945 458
5 933 379
726 621 923
947 709 648
135 656 517
944 538 129
763 28 877
72 517 223
647 940 576
40 834 969
993 883 509
781 956 392
976 715 749
422 72 935
748 242 142
48 369 506
581 174 395
182 417 143
840 564 955
397 930 150
229 224 0
554 161 849
583 533 413
256 336 678
930 667 712
412 703 697
347 888 513
689 666 451
522 215 682
847 752 551
62 689 326
616 306 939
355 140 80
30 868 968
918 943 2
92 809 146
177 0 237
959 447 652
328 67 520
745 316 109
549 680 249
31 582 15
827 47 677
129 874 665
547 594 656
291 266 578
33 998 5
0 777 150
186 90 616
371 31 233
151 154 875
99 596 569
423 868 793
367 447 284
307 11 338
264 770 92
621 780 504
900 385 323
116 445 288
545 396 139
749 626 265
74 121 497
374 38 430
183 491 915
89 710 182
994 595 783
544 286 989
163 174 556
635 20 726
51 464 654
980 824 643
406 470 504
946 473 212
48 621 939
489 406 44
808 861 679
27 697 570
939 661 815
398 149 269
696 220 614
125 332 606
190 427 664
875 334 2
57 42 539
94 786 295
721 704 344
96 419 19
365 802 913
30 855 529
880 334 856
804 749 695
779 599 637
557 203 453
170 239 315
486 753 728
211 616 955
238 942 770
969 626 170
644 200 22
353 255 834
752 775 985
732 673 77
469 604 542
12 357 737
47 735 705
416 107 478
959 101 687
347 993 761
131 820 717
539 69 123
30 105 867
285 33 185
719 822 322
194 381 132
701 559 250
33 473 884
109 812 185
855 15 336
248 635 882
602 313 606
880 430 122
377 245 658
305 843 934
247 20 252
129 774 393
323 462 638
939 493 586
343 516 352
729 94 403
738 305 817
210 609 933
957 831 394
286 524 435
717 635 246
836 127 678
475 881 787
392 744 442
95 539 527
415 740 90
279 818 511
163 484 116
865 125 622
7 403 587
25 37 987
629 12 62
959 418 759
417 149 409
793 935 306
977 293 676
600 621 192
545 456 894
558 258 622
479 646 995
741 353 613
112 365 514
431 257 24
780 97 913
871 926 627
963 110 759
8 25 463
69 602 907
835 841 798
27 30 406
111 139 85
948 988 189
470 257 274
236 399 352
687 525 659
76 433 729
384 595 134
737 553 251
556 239 160
952 56 65
651 983 93
941 298 983
780 824 13
427 147 880
276 435 756
995 928 799
