250
52
230 211 146
74 140 397
204 90 498
34 40 897
108 137 334
75 169 45
22 97 332
182 216 791
163 143 26
92 114 236
35 53 36
171 33 383
128 27 587
189 183 485
238 21 495
11 80 489
205 170 603
51 207 388
47 158 599
137 81 810
23 4 259
84 246 295
224 166 438
151 226 36
203 10 116
89 188 188
226 65 303
79 118 450
149 171 606
159 181 525
130 137 227
183 87 250
214 205 694
20 123 577
25 12 856
139 158 970
151 68 275
176 79 163
5 178 926
216 32 107
201 71 345
87 71 326
172 221 304
57 167 812
190 223 26
107 36 144
110 120 54
104 31 37
92 192 525
18 114 19
152 196 186
110 49 854
