250
46
76 10 79
40 14 711
171 181 648
164 136 940
34 89 28
39 88 503
105 14 882
133 120 715
95 178 576
45 93 766
126 84 321
79 76 504
109 2 490
71 196 628
16 32 666
95 164 19
121 106 491
216 39 546
171 94 780
21 105 60
137 75 492
108 217 266
173 26 140
118 60 620
176 221 262
0 215 6
88 73 888
207 155 223
8 130 388
176 224 875
214 20 314
48 70 817
121 137 688
9 8 706
85 69 595
138 67 185
189 234 294
0 195 19
85 226 4
184 222 123
62 201 148
229 24 690
12 230 957
214 185 497
204 112 660
132 59 686
