250
50
232 68 264
86 82 157
245 144 472
52 124 219
138 2 309
117 216 481
45 214 166
51 181 162
232 149 400
8 158 564
244 106 722
70 43 448
148 112 246
235 118 506
186 153 975
5 0 813
59 21 813
184 115 474
70 85 138
93 90 682
202 0 202
115 155 442
211 78 169
188 220 762
70 159 28
210 239 399
48 147 381
197 41 66
63 56 394
182 200 697
210 48 98
216 168 544
140 224 164
243 193 879
96 28 974
78 108 880
191 197 429
108 217 308
81 225 83
232 9 891
62 84 709
139 105 498
2 237 734
137 238 23
87 145 495
39 7 108
151 177 142
227 191 26
137 111 604
174 62 341
