1000
5321
584 688 293
410 411 296
355 849 929
511 372 901
576 881 252
397 344 767
820 80 778
963 635 336
656 458 668
398 853 357
738 768 366
120 301 981
531 272 993
597 462 857
927 177 431
251 24 293
633 616 946
469 894 704
750 275 419
394 942 814
872 632 637
719 704 301
249 432 96
409 877 364
344 557 144
415 260 856
865 590 617
374 882 689
316 469 935
637 928 21
392 522 272
722 259 326
596 771 524
594 297 145
389 404 350
237 546 217
668 679 329
165 957 241
145 900 422
857 98 647
362 136 996
868 660 552
912 262 912
727 616 450
446 154 337
278 219 259
156 75 156
400 186 986
9 847 96
986 156 339
841 765 296
658 362 933
447 99 937
299 671 219
353 874 715
430 433 390
588 981 461
781 761 824
241 617 693
997 696 955
286 451 53
259 287 533
647 708 809
447 487 206
871 914 937
717 14 67
683 386 151
649 707 270
953 439 273
794 37 371
782 927 831
227 857 845
612 532 476
285 726 100
475 847 744
772 99 810
234 600 871
639 119 928
762 606 220
941 10 840
501 854 993
866 87 909
996 120 608
404 956 887
482 148 313
509 107 92
634 398 39
852 492 850
502 16 318
785 522 402
363 950 728
758 926 321
235 207 870
162 698 338
886 139 109
281 108 743
415 336 325
926 762 913
960 83 209
679 155 886
478 905 446
755 175 442
141 568 224
532 556 80
906 423 82
74 626 619
115 725 885
340 578 536
321 586 216
750 254 481
130 360 902
303 747 603
101 470 732
493 627 249
625 671 310
400 692 333
419 951 126
336 843 768
173 971 448
412 330 86
770 811 297
590 94 32
741 630 898
426 107 729
169 186 821
658 532 207
308 851 375
515 578 237
156 122 748
414 677 492
414 958 22
242 208 547
189 726 473
788 529 881
298 794 690
809 90 528
348 943 275
506 555 991
595 215 24
146 299 680
60 251 368
603 699 620
672 142 674
836 235 220
907 641 53
394 700 985
878 611 441
724 387 604
202 143 989
213 98 980
621 892 213
558 250 948
708 900 705
496 413 324
393 453 527
32 694 983
16 919 817
485 25 911
371 469 365
232 932 797
791 984 390
723 43 190
614 824 278
98 893 442
299 14 750
468 308 712
35 455 413
113 573 782
126 433 91
796 319 745
872 683 805
746 136 548
160 481 295
378 528 806
332 685 479
382 502 516
57 883 642
545 359 529
673 287 466
625 425 912
611 162 260
325 856 909
350 720 407
493 172 793
315 728 201
363 984 137
129 679 320
48 24 453
829 452 633
664 538 844
810 954 468
882 211 336
332 839 762
877 543 20
153 142 22
417 931 617
101 629 554
438 128 469
905 640 551
943 70 907
587 717 187
603 733 366
925 859 919
177 682 322
830 891 410
939 40 733
153 554 280
377 831 239
422 533 839
803 251 883
264 741 108
776 135 379
532 513 249
909 447 574
544 949 254
167 121 531
631 487 772
516 423 217
146 955 408
139 66 10
607 729 565
200 109 127
388 720 770
153 121 717
893 725 970
926 527 481
753 789 766
146 372 900
357 343 479
808 141 772
74 52 337
254 894 921
423 103 169
201 794 692
574 850 607
233 410 969
111 842 105
784 902 933
504 43 170
690 165 903
670 675 730
679 801 30
177 559 486
668 878 544
913 162 850
839 223 880
374 603 834
569 532 134
9 966 620
72 121 2
167 815 583
380 619 867
519 311 533
844 867 316
206 402 843
844 849 196
916 562 964
602 431 323
494 754 717
257 204 803
292 475 492
554 516 687
161 790 54
92 183 287
361 409 601
584 336 348
684 913 329
724 218 688
987 768 680
755 276 626
858 257 687
321 758 631
254 239 857
289 609 686
703 449 334
19 420 127
615 225 965
575 179 905
234 832 659
822 689 162
941 202 698
982 284 970
470 847 219
600 512 642
787 383 671
919 99 826
283 103 15
647 772 736
601 941 55
24 995 897
953 466 754
250 859 377
937 117 185
79 831 708
835 483 12
819 129 338
593 378 304
981 886 121
355 701 134
706 94 128
14 269 49
349 902 997
793 599 912
516 977 556
643 552 565
850 351 965
708 421 50
492 749 647
864 111 958
302 695 449
938 929 761
857 83 128
785 390 655
104 191 414
376 162 894
696 754 511
798 885 716
850 281 567
560 170 734
403 927 156
909 604 535
841 679 656
464 189 956
59 686 449
207 109 134
744 824 327
560 390 283
969 366 288
582 11 89
893 466 720
964 914 793
727 842 906
888 509 439
262 50 405
252 138 899
156 713 58
682 894 990
435 571 391
874 250 61
915 708 8
2 99 445
165 485 355
250 955 661
196 607 196
852 387 116
431 267 526
853 158 579
511 125 186
981 791 316
189 415 360
238 245 694
692 794 556
329 649 794
641 219 598
453 618 518
367 812 811
745 998 546
832 729 701
953 604 480
834 226 852
769 646 308
652 211 12
338 212 406
295 76 8
751 226 750
637 26 975
496 775 711
117 926 686
434 865 47
58 777 721
219 816 232
234 23 915
486 628 18
849 955 944
292 659 316
933 158 554
961 898 250
273 64 170
335 514 179
804 448 562
590 108 276
947 860 66
912 770 997
553 24 394
491 212 85
616 862 606
776 332 36
742 584 56
593 296 747
467 36 314
707 868 842
435 293 140
455 572 286
808 594 185
180 848 148
968 775 526
471 848 554
385 647 983
36 60 481
663 428 47
659 680 967
731 236 744
544 154 227
925 352 139
732 72 129
586 439 378
801 331 852
856 212 91
47 203 397
448 161 40
8 894 891
501 206 45
942 89 306
123 361 303
20 400 814
242 315 768
195 439 691
982 750 471
856 502 89
258 856 562
747 764 33
128 465 305
899 153 37
330 136 370
158 583 45
123 103 545
836 383 154
697 454 465
550 80 798
428 462 931
913 321 48
861 390 288
825 542 895
259 366 129
642 462 281
170 577 800
580 53 68
287 147 295
449 744 671
536 76 704
60 55 838
680 188 919
670 8 173
949 965 995
191 365 484
804 229 309
284 233 400
21 834 208
719 240 554
635 96 879
195 703 228
151 99 33
988 31 830
981 552 89
749 220 976
456 625 537
855 134 140
945 405 554
935 171 999
237 868 613
497 188 661
852 219 843
934 543 731
909 326 9
870 368 579
38 15 27
603 594 519
734 260 542
321 491 77
546 591 899
113 979 145
294 324 249
28 38 193
185 407 797
117 602 115
680 314 369
33 839 465
621 762 415
364 47 927
811 514 997
301 89 150
215 271 582
226 866 19
858 253 141
173 771 232
453 36 758
649 947 826
584 921 849
803 599 830
600 94 610
859 689 180
7 787 541
579 302 880
242 161 889
375 979 790
402 966 355
933 458 146
397 878 277
597 504 673
213 423 86
815 844 111
394 251 384
385 885 679
44 844 837
153 239 42
622 489 0
253 632 852
169 228 370
591 672 855
900 502 976
124 139 332
272 515 42
634 524 285
542 240 282
710 513 13
152 399 581
375 12 330
493 503 898
975 506 625
160 79 18
495 606 838
966 183 798
918 940 897
743 790 621
559 378 921
592 543 435
216 798 700
114 143 383
558 178 525
52 374 72
96 877 564
977 230 470
124 92 938
902 818 656
25 455 16
572 456 741
964 571 453
823 137 317
207 744 98
361 888 369
89 90 857
727 500 79
612 974 312
472 34 44
281 419 782
485 173 386
878 491 883
833 6 925
427 449 63
232 820 959
289 959 990
127 392 556
710 65 561
409 174 404
712 803 675
126 251 987
145 432 915
321 725 105
94 996 389
773 620 569
148 200 454
735 205 898
71 434 544
978 60 293
307 571 467
520 38 694
441 173 810
770 788 858
486 858 205
235 48 578
188 72 834
318 825 787
689 956 932
363 734 744
322 536 144
400 113 854
428 997 620
196 527 270
124 101 660
470 906 721
316 585 975
616 882 485
449 914 974
659 942 976
436 702 654
6 454 981
994 722 306
680 567 995
473 950 82
602 95 899
189 402 614
105 943 519
25 278 737
937 310 331
71 967 302
80 61 935
585 97 616
762 652 490
173 167 605
147 203 287
178 864 257
387 729 358
283 162 706
374 214 322
819 444 437
468 783 49
697 321 909
36 975 94
99 737 360
917 325 135
130 945 570
771 464 936
768 412 646
439 333 420
666 683 48
892 146 676
484 736 290
458 815 661
903 923 673
728 483 80
780 40 945
584 83 211
892 106 771
751 740 527
190 246 297
476 913 829
69 64 922
623 369 518
423 540 287
998 332 724
921 434 410
994 760 104
985 637 91
944 287 138
527 8 252
183 901 364
506 874 795
195 724 964
836 560 635
424 188 365
153 631 380
967 61 274
443 854 973
963 763 925
635 812 849
905 792 133
404 443 754
12 392 495
770 905 525
464 882 995
669 14 823
790 837 803
49 396 398
384 684 226
637 975 575
312 55 194
982 347 232
110 483 163
266 778 334
407 237 738
431 102 877
451 229 415
730 44 372
796 617 353
18 856 333
898 276 767
886 912 186
460 247 182
342 19 925
212 615 92
431 190 382
423 32 617
972 967 148
576 254 173
612 628 981
77 943 270
939 343 773
506 314 187
20 545 584
983 492 111
835 876 330
399 129 271
979 815 869
600 575 548
58 603 478
19 283 842
407 956 729
295 216 783
756 905 232
119 75 630
26 293 861
556 730 426
342 445 397
683 483 379
930 895 901
357 58 805
514 19 5
611 114 133
170 608 814
415 841 148
226 151 864
765 586 152
930 688 19
348 949 218
558 5 413
633 157 833
487 214 897
875 444 235
945 839 404
243 129 456
147 579 947
479 747 969
166 868 104
707 137 122
876 536 96
48 411 287
893 821 778
790 677 395
5 927 705
396 138 154
624 428 694
442 226 239
706 45 351
152 955 705
39 455 120
83 942 509
692 30 824
115 557 445
521 560 520
986 718 766
460 509 649
669 752 477
7 626 557
447 206 509
749 292 292
256 520 232
708 43 518
230 347 847
464 895 740
435 910 188
68 888 303
595 105 941
447 35 54
283 636 726
643 96 964
105 29 919
373 699 181
675 182 984
124 502 339
600 596 927
260 661 819
713 381 749
334 668 590
432 864 349
944 965 967
22 749 437
691 148 268
765 43 159
579 635 916
998 955 292
93 262 774
951 705 433
579 230 140
674 127 936
475 634 198
134 300 78
912 355 40
7 956 923
348 918 708
143 830 103
384 954 211
253 225 278
265 341 965
894 701 165
726 359 895
899 308 429
185 130 688
557 255 386
37 557 310
274 48 631
265 155 717
775 735 833
608 676 489
932 475 354
724 142 922
157 751 775
245 26 367
117 901 480
88 634 624
650 394 409
532 873 862
302 773 793
766 213 602
497 59 782
563 817 314
715 553 858
82 668 919
94 989 945
973 156 430
591 835 222
917 599 266
466 340 613
104 92 207
452 760 919
719 128 570
379 475 815
711 675 775
936 626 558
465 540 579
259 596 262
163 724 21
157 256 447
443 190 445
727 380 781
31 252 665
168 199 915
89 53 58
57 783 489
656 324 131
372 637 86
912 799 337
393 659 240
341 322 280
440 887 138
576 976 609
39 679 332
848 882 945
52 743 80
140 975 706
202 236 874
232 124 834
839 915 278
616 747 483
45 763 168
490 88 346
616 294 761
896 730 724
771 164 254
310 837 754
289 800 715
540 790 184
572 868 372
35 640 828
31 239 685
222 123 571
332 515 343
222 884 870
267 928 489
845 5 886
615 179 905
280 248 6
22 799 350
559 971 3
497 620 675
914 92 31
596 525 848
605 43 363
784 890 136
0 513 448
568 921 714
273 461 357
321 819 678
229 173 769
158 474 858
384 102 487
244 695 735
4 584 935
727 542 61
652 384 388
422 872 752
508 653 330
696 403 978
448 68 661
865 467 53
756 571 457
330 810 408
59 481 636
922 228 470
732 663 304
936 903 692
943 413 71
210 476 382
368 145 758
435 208 976
517 859 645
243 879 71
945 437 748
961 525 344
868 714 855
843 283 207
825 861 860
539 815 617
728 793 150
304 723 313
688 541 262
435 156 599
17 333 781
102 388 577
997 800 894
119 234 296
254 351 143
3 664 216
987 386 38
48 221 790
798 693 425
1 728 407
633 852 304
884 627 739
810 773 597
476 626 790
792 3 642
238 153 338
5 100 25
435 549 470
853 219 386
228 671 630
437 186 530
746 535 385
873 947 144
861 72 133
567 843 516
865 851 207
947 970 617
566 612 90
811 928 194
225 149 297
785 750 167
7 28 516
863 392 510
284 233 675
168 51 93
244 966 760
3 279 42
892 26 670
194 69 559
270 267 360
596 230 226
227 699 859
22 27 625
699 523 290
92 449 245
425 901 817
842 393 95
453 389 775
698 316 851
438 915 16
530 491 297
348 6 7
341 126 176
725 769 538
118 314 925
558 779 193
974 197 850
425 252 505
97 887 436
75 54 136
521 302 486
119 89 779
387 561 285
35 659 832
691 143 251
60 508 984
963 885 100
186 693 876
534 557 446
201 306 925
260 535 863
128 905 277
312 929 868
91 306 371
827 512 645
101 332 237
610 621 216
726 858 90
371 359 282
78 131 708
178 595 830
724 834 339
840 466 227
879 962 873
114 738 76
591 924 782
781 60 202
708 441 38
403 836 14
29 557 910
653 763 911
695 280 748
292 587 321
821 21 847
531 712 993
910 36 770
616 834 624
188 233 410
841 216 324
132 598 424
335 660 145
22 280 228
316 819 850
983 45 397
653 6 98
220 78 190
607 388 74
319 328 163
520 988 151
672 426 224
312 751 744
865 205 779
339 915 20
571 629 526
532 605 526
700 595 688
292 8 64
268 582 606
26 404 779
312 733 127
271 427 293
524 775 429
436 732 643
101 416 415
778 29 352
548 55 200
917 145 709
575 88 445
672 256 773
877 72 948
8 346 839
351 279 638
396 54 46
196 998 292
437 353 293
274 433 344
745 671 801
215 997 250
176 470 619
76 957 124
988 370 953
854 37 464
749 454 427
118 610 332
391 101 115
153 807 250
448 543 837
33 647 760
589 966 726
579 345 510
717 381 560
564 977 658
301 200 576
667 63 392
118 487 660
259 989 476
307 158 3
667 761 469
22 420 634
597 884 613
76 729 595
22 407 367
795 861 58
745 635 817
772 857 66
625 112 6
935 382 933
743 755 51
657 383 519
777 414 348
120 947 996
960 948 874
303 815 766
152 367 205
36 721 630
630 256 639
369 150 163
812 306 995
15 862 880
797 96 443
431 878 575
919 397 31
895 377 863
670 570 106
518 669 520
529 261 639
245 80 822
710 207 145
25 259 720
958 905 530
540 664 106
784 420 481
37 875 713
853 50 63
951 123 325
596 316 304
825 873 224
724 500 430
422 107 676
543 697 679
895 519 611
617 84 215
961 318 916
66 844 538
561 315 163
238 324 684
475 354 37
926 610 359
396 344 867
568 210 226
515 948 693
788 632 887
3 40 657
136 351 137
620 304 69
414 939 214
479 994 727
39 481 176
286 409 56
405 731 186
655 432 2
411 48 903
701 576 818
854 246 735
288 868 74
411 646 118
916 633 673
728 877 19
330 244 380
60 492 672
162 768 708
64 756 678
67 652 160
694 430 732
560 571 605
497 723 494
398 159 597
8 12 606
475 973 579
37 723 725
340 556 972
784 511 283
680 727 985
725 140 814
641 844 305
800 780 71
705 779 689
276 116 3
2 666 251
342 926 998
598 967 282
397 337 76
80 488 776
563 413 857
58 849 472
978 816 719
649 349 424
531 206 487
151 796 599
978 90 406
463 977 155
537 576 60
24 997 385
739 687 609
2 542 64
162 395 766
205 611 334
740 819 2
870 743 889
773 567 501
180 464 472
924 670 229
818 156 886
347 725 857
39 236 546
749 14 523
838 648 539
528 511 154
725 914 171
986 904 600
416 890 756
791 93 349
800 135 28
741 605 114
906 788 631
315 395 978
292 452 221
62 570 9
789 334 767
968 762 286
170 454 365
717 651 148
501 666 67
542 827 523
483 941 649
471 140 147
973 395 180
515 939 863
717 8 817
784 517 823
509 374 832
572 467 312
537 430 472
855 444 669
261 640 506
564 484 406
866 738 159
929 345 563
867 841 675
912 640 96
801 941 333
790 933 732
558 862 826
107 39 70
153 639 172
478 482 982
185 160 343
278 860 645
641 849 439
424 639 54
561 501 268
501 668 333
925 221 930
483 781 252
539 15 15
424 393 320
534 175 835
639 680 569
476 812 643
291 859 364
288 32 175
607 820 248
492 211 83
304 630 586
466 867 880
84 624 922
47 898 815
516 419 577
871 120 298
836 769 386
79 873 445
851 539 444
836 775 111
977 349 692
794 150 272
629 264 746
213 135 688
658 667 181
154 960 200
774 605 861
687 682 763
175 796 982
660 465 610
934 802 737
106 624 33
796 914 724
830 664 527
277 966 712
5 544 321
705 309 492
143 967 71
372 196 477
891 566 384
465 4 125
766 790 220
760 513 229
134 420 463
754 439 564
327 834 936
560 434 994
151 689 963
919 888 807
824 941 859
24 842 942
252 16 463
159 825 283
120 214 407
72 590 190
394 47 6
993 505 559
630 978 634
234 929 458
838 166 606
741 673 57
629 927 816
127 959 444
279 893 618
916 700 671
834 901 976
285 694 937
876 636 245
428 70 744
51 413 238
709 446 627
143 124 379
801 321 704
265 160 526
143 850 637
899 447 421
496 602 783
782 397 565
566 103 32
756 923 377
836 421 432
307 646 745
462 859 399
0 430 437
657 235 52
718 730 192
420 740 446
222 842 550
626 327 889
487 280 832
785 783 492
397 29 429
829 255 194
30 359 446
1 559 389
605 780 139
276 203 378
526 464 750
76 276 609
804 843 325
895 803 490
697 760 129
419 538 84
644 344 831
446 284 473
239 626 505
962 448 29
22 741 414
224 119 103
398 374 724
66 978 840
143 906 3
18 660 372
95 757 130
278 529 715
699 629 232
991 388 148
46 856 20
193 502 803
965 873 825
171 373 312
810 45 132
494 994 221
841 45 274
530 26 985
520 186 481
879 402 385
909 823 790
479 357 542
529 714 403
76 223 894
143 365 393
242 304 922
297 489 124
868 129 220
902 142 660
657 86 458
478 383 518
51 638 393
148 863 935
679 990 172
352 731 537
55 533 727
658 8 94
350 650 1
802 483 630
588 550 494
943 795 159
187 53 627
95 138 793
129 238 532
437 867 328
193 1 391
400 354 590
413 820 204
450 564 185
434 226 232
929 119 935
598 884 555
525 840 5
690 952 450
232 298 765
290 611 120
637 569 499
439 807 721
587 502 721
918 218 848
784 272 551
939 557 516
225 633 388
922 41 562
82 236 58
29 816 141
712 760 905
557 233 793
209 587 973
942 617 711
485 642 738
185 748 294
84 508 976
94 463 290
710 9 605
92 604 642
166 104 343
922 649 240
900 536 396
213 953 722
747 16 933
738 79 449
993 490 935
633 878 490
266 25 505
284 626 945
749 598 108
482 473 769
484 761 752
540 821 43
163 557 886
896 726 326
235 152 15
128 949 325
347 43 280
122 634 849
659 540 646
931 251 107
403 683 801
304 615 650
530 394 762
123 323 863
101 571 802
587 936 834
149 869 106
142 752 431
687 701 44
453 170 322
687 49 759
572 248 279
801 433 811
863 251 40
615 173 139
581 404 50
145 335 82
949 663 936
355 984 129
475 195 808
889 611 16
703 368 600
356 447 634
970 881 888
435 991 655
792 26 967
830 916 968
63 859 826
911 232 929
728 122 825
177 78 877
666 723 472
566 278 83
724 666 92
162 829 441
45 85 461
524 962 761
594 591 712
600 998 335
196 930 506
677 556 62
383 516 771
457 233 580
989 28 485
258 567 503
298 680 648
568 16 449
340 59 766
975 907 747
516 712 661
735 521 470
833 472 842
948 848 984
80 227 674
757 261 596
914 998 573
219 255 11
364 277 525
258 277 159
277 67 974
459 211 487
456 955 724
126 912 146
36 684 782
578 738 489
86 84 209
156 334 38
483 11 51
889 32 201
250 441 719
223 5 215
344 305 743
678 112 522
616 878 982
530 262 133
820 481 208
220 17 710
309 980 503
625 573 547
858 939 934
141 151 520
880 336 196
485 961 765
525 391 733
540 692 828
753 797 452
613 662 280
397 314 793
965 355 505
461 88 44
155 966 649
289 709 925
401 950 39
714 662 801
829 775 100
954 187 635
361 230 147
949 652 64
332 340 365
984 935 342
255 506 451
810 906 224
18 90 539
850 229 155
805 564 194
783 432 872
356 417 337
807 212 790
66 801 441
639 581 642
667 95 538
706 464 255
769 742 522
144 860 742
718 488 933
107 135 722
328 959 580
467 185 786
809 443 34
461 867 248
215 473 364
869 73 646
309 502 210
276 810 289
441 640 498
46 445 282
75 165 324
399 904 793
590 904 947
496 772 87
816 345 59
508 734 483
129 383 416
531 478 121
664 715 101
624 456 496
677 978 682
482 248 786
117 330 893
829 181 593
497 746 660
821 503 799
256 325 198
929 327 96
533 695 82
780 717 503
817 568 595
155 249 177
324 696 451
37 158 78
735 967 873
95 89 494
407 276 249
575 690 559
224 212 863
673 581 597
355 25 729
563 360 981
623 530 695
829 880 508
345 893 72
606 102 135
327 918 994
711 960 428
945 425 898
245 237 846
34 919 281
291 418 483
453 282 869
95 224 918
124 849 852
425 913 248
118 916 410
400 491 90
398 513 702
801 395 656
730 294 2
167 82 33
283 281 933
904 432 140
496 206 957
628 21 859
78 68 592
949 337 212
998 567 872
522 433 236
971 698 13
47 528 133
294 77 965
881 242 20
840 198 873
601 36 978
586 718 62
413 279 303
701 736 50
640 528 695
776 50 756
171 988 328
383 43 861
483 817 706
870 253 11
404 968 684
854 86 749
4 592 928
866 68 647
796 196 432
12 413 259
383 660 404
314 845 575
803 969 621
148 286 639
948 936 893
438 329 298
663 412 300
460 555 36
233 309 956
150 82 167
394 820 10
420 283 622
554 335 348
157 578 482
740 25 815
843 32 920
597 95 555
151 536 987
443 972 814
965 655 406
419 154 103
691 671 884
149 295 381
232 628 81
612 178 818
0 303 977
507 938 768
367 105 150
784 675 803
154 222 845
836 784 752
362 255 154
659 229 257
899 833 686
572 866 3
181 750 751
258 415 197
832 518 412
897 790 55
912 992 392
942 442 718
167 294 396
307 201 139
546 297 803
971 776 556
586 911 749
212 463 560
603 497 239
488 316 937
938 1 485
139 202 328
950 811 980
415 430 941
570 978 836
167 308 552
910 665 376
604 889 523
757 280 779
532 548 140
393 172 27
780 189 838
203 259 683
95 52 300
970 414 521
850 791 385
622 850 796
337 639 733
882 687 46
90 456 77
665 171 316
514 767 486
371 561 209
193 984 915
776 288 449
836 806 341
38 514 193
957 128 93
955 538 67
605 893 730
138 449 102
639 58 629
566 743 650
123 886 873
269 6 840
282 968 460
29 269 290
865 973 81
989 903 490
698 400 674
802 870 468
938 937 38
747 443 250
954 980 476
282 177 918
516 420 621
760 497 241
288 654 367
595 92 832
972 874 246
667 698 145
112 780 118
567 774 628
254 669 864
12 374 127
993 534 96
306 254 130
146 709 461
301 586 758
166 160 455
628 827 354
665 926 170
147 12 589
722 294 47
99 139 226
374 666 486
188 58 665
740 473 781
425 949 529
838 150 187
567 275 713
461 230 715
431 417 436
634 683 812
767 369 337
210 11 372
28 297 447
950 516 34
699 985 680
902 305 73
588 89 269
833 771 158
503 729 437
971 444 546
527 524 739
514 255 366
921 145 568
94 407 793
37 831 885
90 158 185
43 704 684
824 279 849
120 507 28
25 768 63
540 403 774
912 794 416
617 574 701
664 231 309
204 704 442
818 695 458
632 266 444
60 437 255
619 127 122
33 514 483
22 925 148
837 8 2
999 789 96
174 372 713
835 787 288
743 147 142
470 639 731
204 380 507
251 451 13
117 616 612
725 201 591
176 958 68
291 432 974
603 890 148
711 19 48
839 567 517
737 112 863
677 107 529
372 231 411
674 803 904
836 717 496
119 953 466
866 155 467
579 233 473
73 758 853
387 863 119
101 494 127
822 729 388
826 315 666
60 439 332
778 401 178
746 117 533
990 474 310
616 668 429
556 92 295
978 247 410
38 98 880
96 298 860
202 443 561
55 925 310
644 584 770
239 562 365
777 73 570
294 8 767
579 314 384
963 866 700
14 439 440
420 131 391
487 778 838
734 560 10
704 776 541
73 157 161
723 404 829
682 241 657
382 366 726
776 724 383
125 344 512
719 197 778
54 56 354
82 130 213
961 91 693
894 137 269
682 935 841
622 988 210
612 56 310
759 972 944
894 713 249
514 359 374
836 911 647
875 680 641
323 618 286
680 790 13
963 517 96
946 928 911
282 168 69
463 226 121
974 675 712
178 388 643
723 663 622
791 610 147
107 3 873
698 573 659
744 874 898
101 685 841
595 677 943
437 871 82
948 824 688
262 215 334
425 886 678
731 520 125
297 308 202
827 580 842
817 136 391
154 27 628
124 167 450
594 833 889
580 772 763
873 115 154
51 927 179
292 871 100
985 51 419
455 298 626
489 249 613
50 377 801
180 636 229
790 853 848
184 937 551
715 187 283
843 579 873
184 284 888
26 152 530
765 941 912
214 979 853
971 439 627
339 513 850
453 743 935
799 316 276
713 946 266
158 835 216
377 742 156
922 974 837
922 422 270
201 65 224
575 96 729
909 880 231
452 989 183
846 817 52
95 457 587
358 137 584
865 936 122
777 654 473
802 933 785
211 654 107
887 466 772
66 787 101
17 710 675
247 712 160
959 507 289
956 1 437
587 363 864
381 779 648
614 4 150
473 674 227
519 294 824
902 777 767
59 694 21
293 918 436
183 744 223
430 500 360
720 718 695
699 732 461
818 504 281
725 792 573
770 39 415
794 606 75
414 195 300
241 864 307
958 679 63
990 752 232
739 312 763
601 322 807
60 288 782
376 139 538
224 172 501
261 15 896
351 910 622
474 948 280
636 15 225
562 836 977
655 610 623
837 139 341
2 438 103
116 901 151
862 649 204
791 360 215
865 317 903
934 507 57
392 817 124
625 707 853
696 435 684
513 695 805
744 539 938
288 212 206
616 85 745
627 380 854
818 925 769
199 748 697
829 288 50
753 704 472
307 743 457
344 67 958
827 678 387
181 476 85
97 570 772
756 209 282
466 595 107
828 936 568
618 175 855
947 480 54
36 247 531
850 803 89
594 511 540
759 257 161
529 643 240
827 461 937
869 166 575
389 456 450
295 95 344
729 691 269
293 186 63
248 120 417
943 973 994
674 692 322
791 88 944
664 362 58
868 273 526
956 494 129
902 698 441
147 422 278
505 660 849
228 984 677
736 443 875
737 946 145
56 363 495
308 132 883
474 909 725
919 217 215
500 633 236
587 979 725
237 361 970
734 849 648
935 353 576
570 625 854
484 621 225
145 995 694
165 556 894
638 123 712
15 869 341
547 929 446
356 183 432
618 226 721
578 581 534
145 693 520
503 947 208
791 462 212
403 67 707
96 570 138
779 341 41
866 245 509
3 24 771
223 864 465
955 249 87
469 667 47
157 293 172
893 503 541
343 829 921
883 174 215
577 941 489
325 814 430
783 233 166
415 624 13
182 828 61
433 329 454
33 690 287
501 172 921
778 844 82
133 996 222
746 11 80
674 438 292
830 32 678
203 503 839
924 716 358
153 674 999
928 719 763
505 419 484
246 581 940
72 377 416
187 983 122
629 488 728
338 735 242
835 273 75
512 116 937
443 621 95
549 973 248
85 681 470
708 232 231
674 951 784
626 226 266
589 564 253
515 860 483
868 344 681
115 569 398
854 579 396
877 206 996
11 25 607
66 974 651
35 392 577
942 248 751
122 662 242
114 152 700
542 978 144
298 746 804
529 856 384
828 492 199
461 542 799
375 774 188
571 292 980
754 721 817
381 771 711
178 766 768
745 296 389
249 298 646
30 988 154
9 537 202
306 71 152
191 14 452
279 156 266
984 469 977
832 261 901
399 999 659
511 936 460
567 427 66
860 363 339
297 513 845
883 322 463
661 640 719
464 157 772
645 639 427
405 60 998
569 748 876
562 931 728
635 665 313
438 505 670
768 579 232
721 848 388
455 956 469
433 656 369
205 433 498
557 843 823
82 498 615
393 67 396
131 586 947
30 277 621
617 135 508
855 980 236
261 557 348
447 640 635
373 709 443
336 848 79
277 959 507
158 30 254
967 342 493
187 267 718
274 11 441
152 405 351
713 203 602
302 238 525
635 525 146
634 265 493
382 834 65
791 852 928
417 24 975
367 205 287
119 202 889
202 715 822
292 933 938
233 826 438
948 894 926
465 986 901
710 786 915
538 186 906
204 741 915
477 623 94
495 150 72
404 961 456
531 390 74
66 393 396
464 471 769
838 770 67
269 907 646
529 741 421
827 799 332
444 712 30
876 837 463
318 285 284
904 969 318
220 459 519
897 257 188
838 847 826
301 477 319
326 981 110
670 608 305
222 976 658
283 9 667
941 580 6
358 30 670
567 746 179
186 222 283
69 42 127
189 367 363
450 758 6
780 589 189
526 538 849
934 298 272
418 214 156
793 444 361
963 914 384
813 976 970
518 934 992
821 722 636
113 898 990
276 939 128
430 455 303
165 8 132
89 873 694
327 555 705
39 391 918
422 52 254
673 20 181
642 334 703
244 75 206
946 795 151
906 459 289
37 440 566
192 769 866
550 455 286
795 747 903
717 512 847
365 931 391
713 41 495
272 842 64
945 605 670
631 32 85
366 10 6
958 26 141
474 743 804
903 511 634
344 220 712
676 205 664
861 775 236
896 324 220
620 438 708
920 896 833
814 789 980
428 199 874
896 646 559
742 924 225
701 922 742
831 599 428
580 794 282
241 959 804
717 688 449
320 709 563
222 197 981
211 141 466
360 486 487
969 216 80
189 826 118
649 795 147
399 145 934
994 733 780
521 115 446
140 744 769
132 808 609
410 783 394
930 128 702
64 386 329
460 216 651
322 786 134
31 245 132
713 401 856
632 110 805
600 302 404
112 357 531
652 634 767
219 739 508
809 651 375
162 32 861
21 475 143
422 664 710
678 239 431
739 344 262
769 774 674
590 238 733
737 140 94
81 414 466
112 238 687
405 689 703
837 726 900
114 211 322
136 841 55
414 720 585
62 750 957
866 777 20
600 309 998
306 97 440
142 410 697
309 989 681
464 969 565
278 955 903
35 960 344
897 264 861
259 128 383
131 81 415
957 122 975
701 922 372
910 415 844
898 22 136
169 403 584
328 484 332
858 724 121
282 91 44
710 649 389
642 830 986
508 653 188
797 251 97
989 306 456
982 275 953
6 239 379
333 246 741
490 591 912
745 702 189
269 363 285
622 250 532
190 722 471
725 354 248
507 496 891
377 660 694
85 94 681
577 607 90
759 17 893
207 476 316
29 401 149
767 351 584
628 387 48
846 176 871
283 462 452
992 1 334
43 532 499
308 787 941
459 930 403
555 192 689
141 227 663
418 851 535
895 370 440
603 70 902
845 691 149
219 667 339
429 872 823
779 527 327
338 549 60
308 193 482
58 15 342
921 133 403
809 560 15
686 220 370
873 550 373
628 767 915
906 974 35
468 28 952
281 251 402
516 470 553
279 735 970
128 907 678
876 853 606
261 494 405
840 183 890
586 35 93
895 692 363
205 473 893
321 752 903
395 828 160
662 122 601
544 31 138
666 886 555
561 396 99
110 490 153
450 564 197
518 296 580
603 571 94
662 693 143
292 434 155
449 843 34
448 981 956
997 130 58
813 322 902
619 974 376
287 919 647
80 890 255
684 781 943
698 161 275
480 431 519
616 267 269
473 258 357
546 946 209
667 708 180
665 321 631
694 76 403
785 994 375
918 62 338
265 822 250
239 666 725
105 877 608
969 838 597
432 922 916
919 253 729
403 695 233
124 199 122
354 149 358
683 343 931
815 938 427
997 752 390
57 755 948
513 407 943
358 688 136
837 46 618
757 996 519
477 182 653
603 303 54
755 252 303
538 104 736
677 837 148
282 230 473
50 315 35
136 957 627
287 675 260
147 351 451
559 158 682
334 878 747
780 956 368
316 621 147
223 441 954
331 890 331
436 28 795
690 869 64
390 415 362
459 857 728
725 85 214
823 713 605
592 690 669
472 869 879
756 66 498
714 664 968
146 639 65
641 246 458
288 692 723
87 354 776
482 963 976
198 652 987
341 819 375
227 4 295
827 433 172
368 434 546
826 450 425
811 725 3
533 341 278
950 413 962
687 745 68
744 299 535
372 769 701
816 224 359
651 403 526
131 162 616
354 617 19
663 306 729
941 308 850
963 763 550
202 788 287
513 346 161
138 247 900
226 568 542
480 2 124
934 300 460
16 638 795
817 900 36
673 938 118
102 119 589
966 812 16
123 976 530
189 667 951
478 967 355
700 117 448
625 138 427
474 336 345
302 826 213
210 848 337
731 514 465
864 545 569
777 220 782
363 320 378
289 832 370
231 652 126
65 62 211
411 652 973
698 291 631
617 344 269
592 507 885
804 629 205
725 622 373
17 86 453
173 470 274
215 996 850
776 379 210
945 225 606
804 404 151
33 756 699
409 398 616
477 229 572
662 265 539
242 597 481
884 571 687
688 787 323
758 733 7
525 419 932
968 262 899
844 936 831
167 524 811
338 177 513
352 985 276
838 789 970
823 534 501
600 630 897
525 702 399
332 501 666
782 95 751
818 294 214
468 193 1
220 952 448
778 284 878
842 93 607
101 376 78
725 398 726
221 503 498
208 297 576
126 182 170
967 652 366
90 235 803
315 232 837
741 899 194
849 443 222
957 804 173
541 29 534
244 300 833
929 517 552
731 850 858
186 522 713
964 93 441
946 101 814
759 218 940
272 931 882
847 749 68
886 872 706
743 697 276
484 999 28
262 627 299
458 259 931
874 293 404
262 765 11
295 419 743
406 105 867
979 397 695
264 961 715
345 24 8
639 877 125
716 305 222
958 797 12
914 661 882
200 174 558
123 391 640
975 360 982
69 584 632
206 358 478
847 1 349
589 903 142
456 300 202
615 521 927
551 974 982
98 53 482
179 840 675
179 723 19
300 784 446
582 302 997
44 752 214
225 900 511
94 810 755
342 462 973
71 916 770
776 49 604
651 827 797
851 711 126
676 361 764
97 558 140
769 822 672
175 515 111
401 391 406
994 718 202
658 729 988
290 704 996
629 791 872
356 214 680
6 866 72
969 554 185
856 812 972
547 680 646
582 177 244
540 554 726
166 365 121
598 103 605
130 133 811
477 538 409
798 322 885
753 305 217
82 470 39
539 720 135
638 203 462
684 339 947
90 120 879
791 759 232
970 250 778
697 472 53
6 599 204
494 726 59
366 951 844
796 241 392
272 807 424
664 320 574
135 235 274
446 322 36
174 871 40
633 13 143
668 364 832
417 815 934
56 589 472
523 617 748
984 36 123
220 88 933
566 652 690
915 755 298
312 117 58
144 836 965
953 375 575
183 930 205
427 817 141
111 327 814
38 978 788
640 215 497
657 215 373
360 247 630
651 122 276
381 756 830
649 864 408
504 735 49
914 724 983
372 186 873
546 538 117
820 952 870
314 37 89
955 824 82
880 657 943
749 983 490
546 113 787
277 385 142
470 338 968
619 482 177
769 432 161
82 669 855
841 413 550
620 630 207
324 399 957
557 460 658
820 922 654
638 970 153
394 437 720
25 206 182
587 857 542
608 586 25
501 135 221
964 617 103
593 984 325
364 684 185
708 961 216
885 973 389
464 640 621
536 852 51
619 549 765
613 201 262
211 26 777
444 694 95
67 361 467
162 547 146
556 804 296
593 245 159
718 234 842
621 579 394
119 948 524
326 56 826
946 272 7
409 13 331
447 138 420
922 267 737
101 48 753
3 488 101
516 534 656
535 960 138
157 474 64
458 423 160
35 880 176
40 664 397
806 860 319
221 310 201
955 117 881
708 62 167
247 622 499
970 485 959
885 361 650
493 949 847
771 354 889
779 881 123
905 170 181
125 185 259
308 541 734
751 40 120
47 848 455
518 952 635
943 229 723
860 536 54
895 610 527
526 344 976
175 693 459
308 951 634
131 493 527
326 426 920
563 407 679
931 813 702
725 340 277
224 807 997
288 177 0
424 960 640
937 211 407
447 196 570
490 99 965
195 624 714
596 234 985
860 426 687
185 954 876
383 359 463
874 761 374
395 168 492
376 813 691
877 671 290
931 449 446
754 47 97
617 305 969
170 371 184
353 689 183
859 378 58
576 805 142
496 541 251
91 837 528
572 484 728
492 646 120
60 681 779
533 378 309
888 950 740
645 548 82
629 157 958
115 225 794
28 723 269
773 159 584
24 675 919
741 90 331
681 274 368
196 199 649
77 827 278
215 380 430
129 320 364
31 264 51
674 669 662
337 283 822
941 755 563
871 48 426
870 942 618
153 13 973
861 363 757
205 180 37
408 943 503
590 342 89
231 947 129
765 300 862
589 582 991
330 138 433
617 53 882
863 236 687
696 616 765
375 49 954
785 191 959
646 923 364
47 719 99
322 381 242
120 494 458
479 979 849
880 877 707
737 621 67
318 194 158
496 192 619
481 291 831
460 85 312
45 418 172
628 460 552
450 462 733
203 936 64
724 830 765
591 837 786
379 730 237
111 82 38
388 298 165
116 210 668
996 797 890
502 371 185
46 142 433
610 492 790
293 121 248
616 950 500
372 560 97
986 936 900
949 555 113
966 341 959
644 106 507
461 629 277
432 932 658
976 795 329
143 681 786
213 434 900
718 320 161
136 814 363
148 889 465
19 593 656
281 551 247
977 339 412
364 260 580
425 261 167
58 480 217
3 362 876
156 235 701
279 487 304
842 64 680
281 191 175
491 401 132
411 580 12
514 956 258
21 534 926
519 603 952
106 892 965
497 426 539
106 419 56
976 710 470
294 679 5
740 624 621
587 885 562
237 297 505
587 701 812
600 838 386
258 375 195
229 811 975
744 127 550
521 67 530
763 906 536
995 717 759
134 6 437
154 990 957
665 281 723
882 911 719
515 927 110
772 675 867
548 659 160
778 344 432
388 685 959
831 958 294
342 427 389
108 293 406
350 283 869
359 28 435
611 743 18
858 561 772
859 273 388
859 765 680
191 364 200
263 384 743
675 421 21
624 143 474
151 895 967
851 392 829
20 815 140
837 514 681
806 12 753
838 57 628
280 134 800
412 167 984
51 456 640
803 201 369
48 629 228
202 331 801
571 821 200
80 302 78
45 176 19
738 574 273
292 851 450
367 263 611
995 884 814
196 578 817
734 968 496
776 681 278
403 111 667
300 121 232
30 571 456
641 75 389
128 106 673
708 156 351
896 6 727
325 272 535
893 290 277
271 998 607
18 908 788
743 449 403
104 297 814
308 515 759
23 29 234
779 146 527
208 599 822
611 687 627
377 947 608
1 282 305
611 477 868
382 877 731
215 871 640
416 117 928
270 90 740
489 979 924
757 856 433
861 936 797
266 549 638
733 284 587
332 131 560
394 158 674
323 359 698
474 90 218
833 847 350
413 505 582
287 121 358
977 322 713
315 24 543
17 660 681
470 929 142
652 36 804
981 348 161
506 90 123
639 861 16
215 149 722
634 354 10
557 945 715
212 246 613
500 202 148
404 922 937
821 150 218
862 535 677
181 335 397
204 368 718
716 583 195
125 50 247
476 927 848
89 260 467
698 890 582
684 795 172
362 375 326
327 568 463
370 799 876
43 767 510
471 628 667
610 879 747
437 782 753
336 198 92
522 457 226
536 391 665
367 382 600
908 577 147
724 826 727
65 860 857
813 144 895
291 15 816
629 66 158
305 894 136
844 549 364
431 885 113
773 287 803
652 783 901
918 983 70
464 466 313
490 665 951
594 381 975
259 34 841
649 957 398
271 564 18
500 887 84
328 166 732
543 51 428
638 435 318
903 863 674
478 494 383
93 572 394
40 966 317
628 453 644
467 525 242
371 539 838
489 913 484
403 305 664
239 616 399
553 780 46
754 989 308
349 916 966
420 463 627
144 507 954
840 627 209
291 218 391
821 625 3
281 557 258
390 77 492
562 812 662
842 772 751
606 31 456
4 453 272
710 815 843
389 393 427
147 210 631
478 907 586
584 548 694
691 274 305
487 966 42
858 634 344
752 179 845
119 911 92
26 148 648
496 881 793
613 843 176
669 550 117
972 247 746
796 712 646
193 629 854
472 733 972
788 82 37
727 136 855
892 946 1
627 429 703
16 0 49
348 201 295
907 898 490
881 191 245
990 347 357
631 815 274
413 992 901
781 803 119
159 302 385
536 814 973
427 776 459
932 435 341
952 104 491
295 825 516
293 401 449
70 717 447
853 45 274
282 72 60
273 963 236
772 265 14
20 312 66
570 221 938
154 122 16
552 266 718
388 629 863
778 164 228
367 920 652
166 848 192
310 452 244
869 673 194
325 524 86
467 862 80
818 250 219
404 698 168
871 612 219
430 971 38
634 433 238
614 201 419
799 298 322
255 134 640
380 615 933
866 232 44
543 183 533
380 963 919
737 650 523
332 960 572
805 424 221
904 487 677
791 117 443
240 633 870
678 411 732
164 682 677
328 200 257
896 673 428
537 974 874
237 376 336
959 285 911
161 32 730
362 298 428
60 47 663
831 806 882
651 205 965
538 724 43
947 163 413
881 213 821
443 628 361
117 757 587
767 748 565
757 705 893
192 480 88
190 634 579
632 274 783
110 922 210
366 242 903
463 237 838
368 404 156
298 239 456
582 869 669
822 662 355
336 152 871
415 128 420
155 145 394
535 762 89
507 89 604
671 957 744
557 899 738
992 253 570
997 186 272
783 461 681
84 73 287
774 857 893
988 190 163
520 831 547
674 538 408
301 834 458
361 350 244
48 742 87
102 881 752
503 955 178
134 208 831
738 181 675
318 389 599
64 433 782
79 543 647
882 736 814
677 71 45
372 633 768
624 537 452
284 647 873
806 441 6
732 294 288
538 483 18
971 852 559
206 38 653
816 197 828
142 993 116
522 49 757
404 503 549
649 902 856
586 911 263
978 26 207
743 898 446
50 891 924
184 464 989
238 564 61
311 683 342
497 680 965
142 324 52
306 811 554
315 143 106
75 798 762
740 986 646
442 660 263
37 641 206
47 302 506
437 951 824
97 50 481
995 484 632
773 113 272
578 109 514
539 699 72
858 383 531
692 889 731
260 95 506
37 688 190
818 268 190
885 39 873
903 138 434
736 193 369
406 382 771
912 181 594
835 626 942
474 263 363
162 896 372
573 712 563
553 334 70
97 799 11
577 553 270
133 642 946
314 988 498
552 524 627
559 951 444
764 11 127
246 509 243
332 239 816
162 775 902
678 593 882
504 636 371
565 434 453
84 778 270
863 653 791
672 387 590
432 212 555
930 489 407
361 376 921
795 544 440
162 794 669
923 565 194
845 599 483
340 807 595
740 975 729
473 374 753
233 697 583
933 456 953
455 332 932
764 806 237
265 149 383
152 196 890
524 229 610
399 687 697
738 641 634
990 704 351
43 120 576
863 16 279
344 989 270
242 170 382
924 17 106
508 138 203
592 203 916
812 424 266
928 340 620
124 913 699
936 126 493
689 61 562
621 924 868
360 816 88
427 45 143
25 313 771
772 129 255
916 681 699
145 33 454
720 882 126
556 495 465
201 585 832
936 847 91
809 642 484
183 867 542
633 642 896
242 916 778
831 771 629
516 27 786
174 245 212
585 44 247
919 633 84
851 176 940
309 664 531
850 292 865
75 918 918
454 192 873
176 678 120
711 403 674
933 82 320
193 731 861
318 634 208
976 129 480
863 780 188
645 431 44
516 227 306
596 263 563
62 203 28
88 204 266
44 868 535
857 207 968
823 263 232
267 167 424
679 516 41
787 854 415
671 21 715
37 473 987
565 81 7
776 520 403
161 149 541
407 966 816
3 601 933
492 926 961
713 270 622
222 351 276
582 630 164
270 272 46
489 491 870
568 565 335
252 136 341
392 89 781
108 69 800
611 712 203
529 766 433
718 598 272
33 21 693
718 510 102
423 70 103
546 463 789
459 830 642
337 952 53
579 80 758
574 26 338
32 590 902
18 913 251
17 829 497
261 268 8
553 516 255
371 671 502
766 804 671
886 917 647
745 696 902
327 157 339
439 457 172
188 354 963
554 249 825
37 187 938
619 875 551
62 760 558
558 296 299
327 724 67
136 390 818
456 222 471
992 50 165
348 292 959
308 985 4
455 380 124
189 102 33
549 699 91
195 167 989
155 968 700
903 970 533
482 113 990
896 110 417
603 786 451
357 54 278
804 6 654
625 260 768
702 661 174
236 710 308
999 244 124
129 836 278
325 988 895
837 226 98
138 449 72
661 671 809
443 782 73
654 309 492
987 883 336
563 365 643
434 190 673
425 298 877
263 788 980
711 659 81
685 983 404
118 181 829
648 693 981
156 788 534
358 431 292
672 163 882
941 349 233
90 204 803
933 693 233
235 401 7
450 716 629
342 797 939
457 826 144
609 530 197
818 490 905
116 816 613
889 714 568
672 522 434
34 406 112
251 677 475
51 765 753
952 978 245
269 846 410
622 863 602
289 84 126
665 709 851
100 210 669
39 537 593
711 235 756
13 468 288
544 125 152
706 420 846
489 853 402
315 203 960
960 930 735
658 57 747
440 183 549
829 186 809
637 438 167
809 104 448
966 511 845
154 963 546
869 976 598
44 335 702
578 197 28
667 582 84
860 862 590
249 32 366
446 981 513
606 304 426
67 288 133
943 316 98
54 32 435
144 435 205
944 660 871
808 729 324
903 874 74
684 874 553
107 739 716
133 764 48
65 333 608
469 50 552
723 31 411
767 955 611
637 366 769
730 48 839
211 111 554
307 814 521
637 217 427
508 304 635
715 14 375
981 447 537
906 209 852
688 848 517
713 904 135
884 730 336
794 928 669
110 356 725
225 379 774
157 414 573
512 845 113
961 374 177
622 519 747
651 658 520
522 38 129
322 635 385
844 656 51
722 677 550
358 10 301
430 702 327
157 414 83
211 21 10
94 998 981
834 171 777
135 957 70
73 194 161
426 771 663
804 385 192
921 629 57
165 539 450
372 389 86
738 46 226
327 925 122
514 772 428
797 802 420
869 459 138
755 433 794
744 619 634
162 337 434
995 906 317
743 7 113
67 616 183
578 470 907
561 86 434
833 536 897
237 652 241
616 423 754
381 405 563
157 933 670
525 656 84
941 1 542
535 910 147
731 187 459
347 873 12
995 283 803
200 699 227
785 791 311
680 303 799
47 360 66
894 367 875
877 617 751
606 951 218
56 778 156
356 561 173
196 597 825
69 816 826
184 531 632
577 177 605
826 577 135
103 24 957
568 437 606
811 562 474
333 6 865
826 997 669
646 563 224
0 302 416
753 454 363
409 830 904
978 959 592
828 998 757
126 961 178
177 14 324
408 687 260
601 610 947
683 188 879
542 374 838
882 336 188
761 876 655
466 160 722
35 515 784
597 411 97
210 303 94
960 956 499
621 247 537
850 986 540
399 985 218
46 564 735
510 62 57
135 335 308
639 635 740
412 862 775
488 507 617
290 839 440
764 627 773
659 6 229
610 503 518
587 736 165
898 42 280
89 174 459
53 303 568
463 966 187
641 72 566
495 471 793
610 368 30
28 141 463
877 888 124
835 181 79
880 484 306
669 596 266
984 394 183
10 307 529
747 536 575
887 28 675
424 199 99
286 377 32
552 870 338
970 862 5
298 860 863
80 376 881
988 85 449
300 950 455
473 29 281
572 910 43
864 978 981
744 601 238
415 792 501
787 358 418
723 176 409
822 4 142
285 739 210
816 975 314
912 966 252
275 498 810
100 82 269
814 388 355
339 227 503
3 276 370
237 886 163
774 720 171
967 188 272
472 981 750
934 642 369
881 161 424
45 729 175
913 845 417
70 328 471
675 730 519
945 134 855
436 392 915
139 78 924
64 996 273
77 901 377
846 56 681
682 74 852
614 822 697
242 934 291
128 509 368
335 236 56
404 922 731
123 56 642
666 605 17
118 157 776
855 757 545
319 232 563
86 755 256
0 908 366
913 353 696
132 376 739
665 275 755
853 496 972
381 193 547
169 970 878
560 322 757
855 280 293
94 961 672
97 363 568
427 869 738
539 911 909
589 847 135
952 111 687
35 505 823
653 402 761
861 399 921
337 621 326
417 655 695
194 450 262
370 689 73
198 545 216
6 279 440
957 479 366
170 131 673
577 829 411
631 419 438
860 18 47
734 737 15
894 565 566
132 624 539
808 627 370
942 699 790
307 931 219
501 196 985
561 163 795
889 972 935
416 34 356
681 977 888
181 668 758
561 627 940
418 3 201
605 496 994
70 9 274
408 386 448
645 479 916
198 775 265
97 234 740
557 256 910
692 171 257
630 818 141
947 282 478
562 843 370
868 779 183
634 586 896
754 603 579
557 518 695
622 518 648
577 627 289
418 877 329
732 27 107
123 444 18
228 572 754
24 804 534
958 2 535
657 769 421
375 385 452
958 867 294
857 616 46
424 644 678
772 386 757
314 19 492
236 129 667
541 405 321
79 355 374
127 576 79
801 994 297
741 21 254
467 324 959
18 339 652
498 18 853
51 911 445
491 257 266
505 445 697
301 665 364
870 851 121
560 953 693
162 699 876
550 590 429
875 748 84
914 570 972
711 2 607
818 539 933
474 210 171
146 884 14
899 346 231
35 981 967
777 667 506
437 965 807
50 317 382
736 789 171
754 470 230
905 250 820
754 917 614
887 865 306
146 41 530
679 809 182
779 773 809
147 346 582
5 514 445
89 68 122
902 582 100
1 112 603
328 280 946
365 176 71
398 554 67
215 627 837
541 938 402
459 162 395
706 337 38
93 581 715
453 601 162
263 785 369
868 732 960
650 810 836
368 2 964
400 489 79
764 575 161
35 273 681
570 19 518
760 819 846
700 808 95
493 25 415
709 790 826
203 883 694
497 950 261
651 60 887
26 748 479
224 286 965
112 281 696
510 411 8
150 123 998
97 417 413
174 541 431
580 992 562
942 644 821
391 30 778
840 818 863
477 962 530
790 338 990
11 428 327
562 147 64
788 456 185
502 33 288
710 469 915
284 919 169
949 394 679
134 506 944
817 126 906
997 822 704
877 651 895
550 961 327
492 62 243
354 225 23
469 350 528
963 42 804
682 543 477
718 196 703
874 898 988
227 989 889
123 883 536
582 713 478
947 65 951
617 183 78
695 51 330
198 120 53
4 889 860
632 145 585
453 500 157
769 792 29
824 163 752
93 595 298
492 77 708
64 975 130
768 202 592
987 29 960
596 690 11
511 598 919
748 461 660
367 274 791
937 168 404
137 170 976
909 437 154
784 999 727
655 123 843
491 431 682
896 950 803
782 207 968
153 743 300
966 254 197
358 694 633
294 828 273
245 59 499
106 179 729
776 261 255
151 786 243
787 520 837
193 925 889
400 516 98
250 842 249
68 459 522
876 9 167
238 42 424
112 609 784
134 494 675
689 217 601
955 968 150
519 457 125
849 570 149
143 468 9
175 508 13
158 199 209
873 322 101
580 663 913
490 580 544
173 342 954
500 339 823
1 881 130
884 378 489
488 184 281
192 550 625
20 823 973
791 236 451
425 367 780
80 265 496
452 708 720
480 244 471
873 364 993
364 418 704
597 526 340
200 676 31
505 32 211
764 612 86
880 162 198
211 905 652
17 647 367
763 236 113
920 41 830
576 74 379
104 535 860
889 513 995
219 937 628
462 151 523
589 366 891
843 860 283
431 491 73
359 21 391
632 871 654
220 203 720
696 376 403
568 35 111
267 123 425
565 585 531
557 854 360
268 312 562
381 322 317
829 314 688
201 612 399
107 210 683
222 728 284
739 730 907
53 754 814
961 114 639
620 510 602
869 130 14
648 451 784
202 378 152
667 742 684
675 597 467
489 726 400
154 741 25
450 943 227
413 270 323
342 700 223
651 986 269
39 481 886
690 638 962
475 300 97
83 248 22
868 946 599
180 910 418
237 429 865
842 66 861
580 439 873
429 351 422
871 899 790
537 562 320
370 556 75
331 565 4
204 224 13
41 674 115
100 438 863
448 886 93
572 387 149
368 407 627
120 538 139
363 550 570
881 282 565
756 883 529
303 538 173
920 645 838
617 711 614
430 109 163
456 131 284
750 177 851
813 977 711
224 481 7
984 841 165
383 78 930
108 357 496
243 293 742
41 304 997
231 867 733
624 251 744
351 950 567
503 773 97
617 180 932
954 491 615
267 107 65
34 780 58
228 714 82
858 660 813
197 313 354
557 85 237
947 66 748
674 264 38
367 385 786
665 682 176
146 429 853
987 443 151
447 422 964
216 386 297
402 383 82
601 830 836
4 59 646
844 238 178
761 919 422
774 519 508
232 528 177
154 898 196
434 366 491
627 73 555
836 782 771
58 228 291
836 841 94
29 134 948
692 794 127
175 179 71
806 543 137
60 66 544
728 208 681
615 431 45
589 58 994
717 112 267
104 659 675
868 299 154
544 806 42
702 64 217
537 966 835
220 969 780
668 466 611
289 241 70
856 389 547
380 276 496
777 976 661
676 704 503
123 606 249
253 789 613
889 521 977
816 44 616
851 738 63
655 594 184
42 420 706
72 128 269
738 206 718
133 934 389
254 278 903
210 464 523
151 320 45
694 953 592
550 539 72
970 51 697
774 24 184
128 147 713
672 531 604
345 578 915
412 141 821
147 833 959
789 956 453
718 945 172
794 821 448
972 988 955
95 801 444
738 428 74
954 724 669
235 714 0
995 554 454
200 744 249
565 229 445
607 142 136
775 676 670
409 60 990
656 379 406
449 175 614
157 280 7
319 232 549
393 509 806
486 237 59
393 153 580
546 0 542
249 640 327
56 470 853
582 250 163
493 681 505
942 799 145
795 794 55
534 375 56
837 257 415
192 26 396
85 222 693
707 75 400
839 685 207
859 577 299
152 39 226
506 930 530
531 160 39
541 487 843
744 7 773
792 617 52
176 789 924
958 208 706
659 371 28
748 359 430
239 513 146
924 450 737
918 484 56
894 4 746
665 677 268
517 413 445
267 703 0
696 803 79
963 982 52
648 310 800
744 268 290
745 367 979
96 834 268
901 258 178
64 940 405
687 979 372
655 389 677
756 137 407
576 59 461
612 87 568
114 996 392
681 517 741
959 861 307
921 133 311
960 203 212
436 731 727
802 770 467
227 898 885
25 426 469
444 897 380
258 216 325
324 964 62
693 333 550
548 25 41
516 234 567
784 346 953
399 968 536
396 317 899
573 583 63
888 975 46
429 688 225
238 880 904
222 644 139
72 475 692
446 576 969
245 181 424
408 300 475
803 424 811
162 418 558
653 553 649
722 48 398
530 420 573
518 123 708
207 501 736
206 34 572
935 361 167
674 591 311
722 998 342
511 500 14
20 386 385
689 81 629
215 908 494
65 164 592
750 779 107
770 743 207
246 831 160
837 730 337
291 479 564
321 29 471
352 415 723
578 129 384
664 693 438
88 508 904
550 815 638
105 331 537
798 806 60
368 390 463
942 86 671
534 255 605
154 326 311
8 618 755
332 203 934
380 340 278
146 753 354
554 289 896
991 341 527
514 694 50
868 781 331
956 975 826
810 31 440
409 42 617
544 138 880
139 765 443
204 294 900
337 441 710
487 652 206
744 990 402
637 345 212
258 392 583
783 667 734
560 598 56
489 525 930
124 999 323
171 901 688
617 231 725
537 695 478
187 74 552
306 412 472
632 919 281
911 321 52
69 805 983
569 110 382
518 739 274
78 889 967
268 574 963
521 8 136
481 886 588
688 449 338
35 820 839
645 254 340
606 125 404
63 341 641
235 292 759
521 626 712
272 208 937
155 6 569
721 120 16
413 236 977
751 237 46
211 111 289
260 536 582
488 693 879
149 828 988
622 369 504
470 868 157
386 343 778
287 769 139
116 270 902
800 904 773
403 707 117
759 536 656
908 355 762
637 703 230
564 571 825
698 519 85
700 654 480
923 651 698
646 247 242
236 530 553
791 202 579
920 974 792
973 782 774
829 282 436
313 202 514
379 95 222
832 211 528
620 790 695
314 262 328
90 87 37
457 297 202
654 553 441
195 476 386
679 694 300
783 595 127
516 683 255
527 423 4
349 458 914
220 201 854
275 916 149
807 137 447
290 638 918
952 741 473
836 792 230
531 546 373
184 530 745
626 672 578
865 250 1
103 779 163
738 597 798
4 617 104
264 827 376
122 423 901
53 805 299
538 402 155
688 871 731
240 734 68
912 390 891
944 50 150
808 899 694
100 639 825
443 552 141
788 603 333
948 251 845
97 11 37
807 805 227
832 55 810
352 519 201
362 508 870
926 677 520
462 525 316
930 123 826
883 444 138
461 456 379
404 840 512
208 789 190
432 481 954
245 644 16
916 718 246
827 399 506
804 130 757
394 485 107
846 978 811
132 813 174
568 667 883
510 471 918
925 68 120
667 209 563
270 198 436
621 397 95
411 474 828
331 499 188
69 146 768
292 382 572
467 41 47
176 692 333
344 538 736
432 132 905
883 110 820
976 783 243
785 331 553
979 527 567
632 642 787
893 22 242
791 427 20
175 318 511
384 557 415
727 722 168
911 652 822
57 407 404
485 704 30
952 62 223
284 43 606
922 617 484
284 841 44
909 520 932
650 369 633
901 140 79
909 443 277
65 903 106
524 679 49
966 936 655
979 519 551
423 762 132
189 109 940
917 234 379
990 935 59
5 568 51
613 466 214
62 540 1
708 446 592
623 95 476
194 265 861
529 520 237
262 149 875
589 37 950
590 6 40
710 52 245
805 428 364
202 287 728
930 500 347
574 375 986
809 593 928
927 594 273
410 884 504
479 532 531
709 718 437
389 888 576
701 723 17
227 107 313
718 23 467
234 244 589
39 904 555
618 991 487
732 796 792
639 911 163
48 67 368
159 250 630
238 116 509
894 206 466
942 388 253
720 135 290
561 871 617
442 922 782
761 662 412
895 619 917
644 223 285
211 734 416
363 122 422
290 831 841
698 135 99
697 223 579
461 226 357
604 674 448
668 406 263
832 82 279
149 572 551
567 215 602
932 21 883
94 567 34
225 841 850
566 434 465
749 630 76
398 767 742
281 523 934
300 83 533
504 254 883
711 502 312
788 701 599
179 941 716
203 341 39
770 440 930
102 644 793
990 338 2
685 877 244
229 398 597
971 644 118
565 87 12
218 176 359
388 119 707
433 937 566
538 79 380
984 358 461
776 233 798
247 724 252
927 400 449
628 651 858
111 401 203
342 969 570
390 527 314
891 785 450
69 572 666
948 38 992
433 904 234
868 378 54
161 213 894
77 27 497
479 498 1
85 545 321
585 466 469
393 745 357
680 258 648
301 708 538
831 166 66
829 934 214
596 43 905
502 38 186
377 326 132
702 548 253
501 32 82
509 449 469
823 283 854
230 467 541
101 70 414
530 705 731
516 644 719
179 802 835
990 879 168
872 318 721
118 776 576
77 123 909
538 243 951
857 526 539
637 510 989
453 818 525
564 700 930
549 819 746
247 766 678
707 919 36
558 365 748
691 562 323
640 786 516
894 769 657
197 229 842
103 464 389
577 70 879
603 676 51
637 598 162
704 434 49
485 889 241
156 723 425
987 559 964
369 678 736
992 735 630
829 426 664
226 354 447
505 365 633
136 183 36
515 91 782
528 672 30
477 124 177
854 660 977
367 731 383
603 855 273
439 89 205
390 61 273
427 670 169
429 769 984
902 825 615
621 31 388
720 567 131
344 391 288
293 590 846
859 736 682
52 584 706
344 796 94
737 937 383
321 108 462
636 477 524
997 514 638
676 408 600
231 729 892
609 119 561
358 118 450
834 366 29
592 690 158
733 87 609
128 295 859
995 667 840
938 329 852
437 104 800
53 514 594
135 801 359
482 604 762
900 354 251
637 242 257
967 59 298
698 70 891
2 707 603
839 516 945
284 197 237
944 846 745
218 75 81
826 45 98
690 609 125
612 446 33
375 451 619
254 79 296
620 789 992
981 821 842
29 79 791
867 329 269
949 179 996
997 969 477
434 510 984
937 763 812
256 704 620
26 10 764
389 906 152
308 229 742
190 771 558
178 154 836
516 92 966
185 448 756
836 623 608
177 74 986
658 642 310
163 425 323
134 693 203
160 907 116
164 301 474
745 663 907
160 711 308
916 852 197
532 536 702
436 473 558
158 691 989
65 657 128
860 962 59
508 838 444
635 452 528
66 752 400
685 134 456
235 991 57
768 911 693
363 135 41
241 757 989
465 741 948
206 183 409
438 288 609
375 858 572
52 405 266
535 776 986
816 327 822
702 608 903
515 404 618
550 961 99
880 618 522
783 438 30
115 618 30
35 161 852
447 375 780
857 959 121
549 131 629
201 860 945
902 895 153
130 880 432
311 844 940
602 127 642
500 406 475
112 127 879
948 899 439
450 701 403
835 663 441
94 196 472
321 672 207
73 792 300
426 999 12
931 926 185
288 441 876
186 712 148
104 59 807
79 655 338
95 757 502
568 679 340
987 309 76
532 152 162
487 476 634
145 529 822
291 56 723
552 40 234
954 467 370
603 137 513
957 577 522
972 244 636
40 500 778
658 890 799
954 186 818
658 444 708
433 925 382
581 352 369
892 856 961
88 791 828
260 864 229
503 51 24
28 688 373
836 377 348
889 319 347
763 36 994
149 63 583
586 437 417
349 643 124
198 130 961
408 291 283
12 295 148
21 647 743
507 851 863
559 166 923
13 101 912
296 745 77
849 743 69
222 690 969
238 908 540
56 697 559
441 199 596
8 547 200
956 476 564
540 592 293
292 783 959
173 225 62
266 272 513
620 160 546
352 764 662
646 21 623
361 28 226
307 752 857
624 155 980
528 848 460
292 188 612
972 750 546
924 662 960
527 827 611
718 89 875
742 386 998
991 198 351
642 318 34
758 284 235
458 677 173
406 904 463
919 54 943
72 457 711
568 82 543
875 472 901
509 968 884
203 641 620
4 596 477
223 48 117
183 293 234
150 662 863
793 166 570
76 786 506
532 889 694
285 490 8
385 364 752
921 125 206
140 44 999
973 760 862
276 13 656
175 428 825
592 55 146
654 62 978
123 936 52
421 533 395
777 86 487
913 340 922
780 377 83
84 841 124
337 610 352
921 56 629
780 309 340
244 60 693
790 298 818
441 451 484
292 587 6
920 601 723
201 602 922
401 815 676
600 863 305
608 555 783
65 124 631
616 794 554
940 570 502
691 961 692
581 155 747
131 767 273
880 978 262
541 589 573
851 45 274
713 28 713
232 246 778
539 951 91
58 398 592
770 671 356
980 943 631
621 664 153
680 912 84
988 653 549
175 59 843
645 6 169
390 919 986
361 919 561
917 307 559
579 120 346
139 77 278
434 628 952
211 161 888
244 683 862
211 860 141
211 372 652
723 332 558
168 730 325
963 805 630
308 312 747
702 911 554
195 241 157
838 842 278
740 375 633
167 770 888
594 527 738
348 219 690
589 728 228
111 83 147
183 671 519
455 238 229
54 837 625
631 716 3
102 741 608
699 581 788
936 429 657
317 915 669
10 727 573
75 605 491
427 667 375
423 21 717
565 798 107
346 711 98
611 933 15
793 712 322
768 750 536
254 265 949
302 101 580
531 251 116
408 146 284
384 41 845
583 347 941
29 402 781
852 458 453
0 472 418
164 619 587
619 121 0
781 298 577
108 363 299
205 604 791
228 847 820
757 443 752
280 9 557
47 218 125
479 576 413
153 27 816
89 201 61
792 155 913
763 628 583
537 813 419
636 318 463
53 602 516
486 235 515
20 74 636
139 539 564
147 258 912
447 435 194
722 674 218
823 695 311
325 779 226
967 946 929
147 978 367
150 35 992
787 246 61
75 269 472
781 564 222
38 568 248
218 866 856
529 11 67
144 327 573
47 363 387
773 831 351
539 752 561
278 159 806
510 649 609
68 315 862
967 800 66
998 698 584
842 454 548
95 784 693
390 676 639
694 659 232
747 975 862
381 572 648
425 488 793
367 502 947
420 845 874
664 192 446
763 826 559
137 99 385
523 967 23
63 73 32
787 989 318
539 894 619
2 649 565
797 500 984
36 410 61
814 462 387
961 857 337
628 425 887
69 838 10
98 190 609
230 381 440
128 843 532
993 485 878
947 180 492
25 459 50
86 574 828
730 907 215
676 245 394
84 310 505
685 876 817
660 339 875
12 645 774
510 241 38
392 819 682
683 339 996
84 727 131
724 205 107
650 233 603
963 938 774
640 758 270
91 42 354
291 950 296
828 338 940
794 380 607
999 477 582
458 367 202
72 908 621
631 307 696
963 819 59
617 301 506
578 592 547
315 340 895
183 81 755
33 363 525
388 65 767
307 465 915
960 533 227
312 592 175
365 578 968
63 782 998
774 210 249
700 945 461
590 495 925
665 177 509
107 172 42
449 339 106
836 611 573
725 904 506
924 345 220
659 565 975
936 5 865
405 465 804
683 445 129
675 742 755
33 503 356
835 947 212
365 551 425
232 648 62
509 212 847
186 116 409
288 490 933
572 276 917
195 865 366
940 30 921
188 965 171
510 37 419
422 923 574
37 478 628
392 551 565
402 445 133
984 372 480
732 195 772
638 792 319
181 622 159
460 64 31
127 957 397
632 781 402
265 248 291
81 37 81
128 28 42
795 621 945
850 796 61
862 104 778
104 103 413
39 229 157
461 222 951
983 956 210
519 218 394
643 613 479
407 157 752
831 367 215
715 374 792
306 735 163
286 115 931
432 156 481
936 903 130
755 749 34
326 707 702
70 738 251
803 556 298
329 145 164
727 861 346
646 358 277
999 853 849
953 438 479
557 494 185
942 695 157
575 862 251
720 126 289
571 725 449
659 689 408
283 631 370
127 836 560
673 269 902
96 223 414
409 602 489
580 93 748
251 56 68
456 68 562
242 901 133
385 387 282
745 130 650
154 196 802
130 766 802
799 123 661
65 807 733
953 708 848
60 625 33
480 487 397
766 998 884
960 112 42
491 572 52
165 934 230
920 749 662
27 893 840
76 346 877
811 388 441
821 36 916
354 374 974
570 793 176
916 378 823
245 325 33
325 207 391
911 595 747
161 589 411
299 369 985
167 270 187
268 465 362
271 664 666
746 420 627
774 238 898
803 974 118
91 788 154
837 234 95
217 713 927
464 556 733
690 88 302
492 406 236
824 523 301
195 937 179
575 878 49
870 782 25
432 106 746
838 474 588
177 924 533
251 907 785
895 456 690
609 769 330
261 307 935
130 790 493
181 12 545
513 374 142
197 36 318
113 560 510
927 517 7
858 395 782
755 741 904
420 18 668
444 914 959
925 58 480
180 414 305
622 273 441
139 985 970
504 293 687
4 521 852
346 439 100
469 384 586
14 877 251
344 497 859
591 224 234
111 702 252
684 548 283
574 693 494
823 485 787
786 693 538
634 818 303
546 849 938
946 756 767
277 748 981
190 194 998
669 692 436
417 540 767
159 387 708
830 815 177
806 611 685
652 977 305
442 991 995
756 354 208
429 165 906
945 995 654
643 143 560
191 342 683
279 891 586
744 69 47
366 197 467
850 781 707
484 777 369
384 319 318
502 376 424
427 559 712
766 137 985
58 203 170
511 494 138
543 189 220
900 387 201
520 187 516
852 86 222
847 836 69
637 827 334
909 747 696
789 260 922
66 787 122
667 383 989
708 71 546
39 834 298
575 552 800
363 444 99
234 966 617
184 412 810
510 351 239
178 160 659
923 745 280
340 699 649
903 251 450
239 76 299
209 918 915
197 912 18
554 365 660
198 428 403
873 842 482
598 66 209
365 532 987
97 957 607
772 703 126
297 48 166
27 600 147
25 49 554
580 968 467
412 882 501
239 675 807
116 173 836
16 70 326
355 107 332
214 660 158
536 770 835
407 831 258
606 124 12
998 207 728
994 473 142
638 290 237
12 263 353
55 745 13
976 448 523
224 865 139
480 897 753
488 18 619
703 311 845
179 904 342
505 923 202
343 797 252
692 763 669
686 758 164
674 480 597
433 767 408
370 547 934
263 838 588
76 203 633
691 489 98
323 141 563
316 624 131
177 374 161
738 678 181
535 538 444
521 470 783
186 739 996
594 909 14
21 672 195
542 342 24
899 726 483
591 204 194
435 695 870
316 704 283
696 138 917
897 364 42
372 486 626
648 660 727
197 74 236
294 525 964
927 645 352
652 659 305
470 624 171
532 886 459
326 50 937
788 709 278
40 25 636
342 493 454
685 653 472
662 256 86
980 468 41
441 705 178
865 672 149
694 344 946
388 960 239
481 462 169
961 567 884
819 253 346
669 564 352
539 386 907
57 224 317
799 947 775
661 581 763
343 762 189
898 469 60
321 982 49
985 400 765
688 918 179
149 59 125
933 921 755
531 310 531
147 22 903
130 916 667
47 615 366
829 730 753
747 684 369
410 843 634
982 651 279
593 485 617
792 236 267
828 947 883
249 761 72
802 691 420
930 100 796
638 989 26
579 625 982
81 921 971
850 79 837
875 359 435
488 26 119
775 963 770
88 476 839
229 105 711
457 32 232
751 597 74
853 45 487
528 748 704
316 865 120
698 127 964
333 211 187
232 662 519
10 962 602
330 80 539
968 288 249
339 971 54
78 51 501
234 313 618
554 671 629
564 585 85
462 99 220
519 39 898
860 227 671
937 639 198
829 70 371
119 153 0
314 376 361
745 453 867
418 299 818
946 588 356
130 692 662
143 19 39
660 943 359
990 102 347
276 472 575
660 885 292
399 45 101
954 293 594
821 171 534
101 816 461
938 428 204
395 528 13
540 909 420
56 381 162
511 878 365
330 885 996
209 315 484
773 725 829
864 250 651
892 325 751
899 387 35
961 541 131
133 602 809
542 756 195
952 272 267
20 274 327
68 235 340
808 410 576
754 701 684
200 232 515
920 732 410
601 266 419
168 952 533
881 920 260
725 749 99
394 199 870
223 665 398
695 439 319
36 948 868
22 286 62
879 278 400
169 746 685
220 599 402
970 506 568
303 563 36
566 661 180
102 215 888
298 911 854
212 267 854
612 692 40
607 693 175
77 327 604
660 404 206
898 996 822
133 515 216
279 573 855
799 137 168
953 940 604
682 128 823
294 276 621
811 353 417
629 697 311
691 567 458
764 23 986
678 224 374
525 223 492
910 216 54
180 112 38
185 658 461
61 128 23
959 415 525
836 417 0
572 525 970
647 354 747
951 470 766
383 930 331
918 114 550
953 57 813
59 918 741
321 396 844
543 667 86
364 708 968
439 547 971
404 205 980
44 239 401
783 436 119
470 427 756
838 125 679
483 658 712
509 630 466
689 501 699
328 434 794
624 679 187
40 153 151
731 910 637
493 733 556
566 962 772
468 648 399
359 287 185
744 786 603
204 216 936
25 402 602
579 415 975
563 163 319
105 283 343
537 80 608
256 433 19
338 956 516
349 577 254
548 393 909
165 59 380
433 117 393
588 606 847
723 513 423
147 485 318
309 1 270
593 59 130
678 407 438
804 230 203
