1000
5848
157 851 272
439 897 966
268 312 823
106 329 611
734 176 279
258 813 976
201 599 883
815 797 328
342 300 902
667 741 113
342 383 848
582 454 159
751 128 136
136 970 641
847 287 893
902 948 442
161 558 816
145 8 68
895 375 998
83 245 132
786 705 830
162 532 220
928 252 214
417 750 270
964 787 805
348 418 879
783 577 115
530 466 163
893 721 116
298 769 643
720 932 314
507 931 218
570 373 264
445 843 266
870 942 211
861 30 75
557 159 695
482 226 630
475 148 294
338 631 388
897 718 586
693 888 171
775 930 81
545 100 41
682 817 15
372 130 975
61 942 80
367 94 673
822 12 22
354 537 940
876 376 999
849 817 790
128 106 968
335 558 465
774 579 775
58 879 396
71 556 658
680 178 118
505 550 324
90 424 180
559 338 564
514 786 139
608 695 313
907 495 0
17 101 115
740 138 407
959 169 645
754 851 846
374 411 286
258 749 730
882 493 493
966 915 190
367 347 683
12 551 786
831 498 115
71 790 442
377 19 602
900 534 146
720 785 207
479 450 588
240 283 685
975 235 989
782 121 937
57 762 884
217 440 875
910 40 171
902 395 666
803 174 102
58 668 235
134 824 420
628 391 726
294 474 742
998 71 643
317 353 847
647 195 942
955 364 385
727 144 565
663 167 356
23 684 401
239 545 480
691 121 852
429 231 246
855 651 99
135 10 839
923 99 25
893 509 68
676 769 580
673 299 523
736 532 317
104 614 161
978 619 915
292 35 991
157 721 454
908 413 158
913 938 304
513 736 464
756 119 762
680 849 849
55 662 116
970 500 220
663 294 620
200 83 299
139 243 780
688 425 602
494 217 582
873 973 729
615 172 899
6 538 386
517 521 7
897 719 463
976 181 375
570 212 77
484 442 422
118 71 929
101 306 110
194 39 5
783 202 517
882 713 418
549 751 901
748 318 340
419 555 736
498 46 440
304 652 395
446 980 878
892 280 100
547 8 623
80 399 878
972 622 94
130 100 814
144 35 111
134 934 103
562 341 191
778 835 693
235 760 329
0 872 767
12 856 628
921 707 796
712 830 88
615 938 277
23 876 150
41 19 434
624 529 277
541 441 676
705 269 959
307 905 600
73 268 682
68 817 498
60 237 313
902 729 886
705 64 468
624 892 254
468 508 546
680 418 393
938 292 907
955 43 767
807 733 906
607 904 949
594 137 310
807 768 644
918 358 502
540 839 482
304 734 584
738 637 86
245 293 387
356 832 618
901 948 996
697 58 608
709 343 603
435 281 129
839 426 916
241 219 803
362 284 179
349 397 366
608 936 537
304 965 44
189 676 336
189 635 690
409 972 586
94 651 999
284 72 756
733 138 342
8 987 492
383 333 506
358 791 254
911 786 457
854 500 650
197 226 724
251 791 316
137 584 336
483 284 374
135 362 80
793 264 58
590 458 463
504 339 954
321 199 685
396 102 521
141 179 275
253 946 174
96 199 560
559 794 364
835 616 239
350 730 977
896 18 577
783 225 111
291 843 956
620 750 486
732 661 748
672 145 730
731 398 642
114 362 978
671 409 999
163 328 122
296 133 871
446 596 509
969 68 518
630 158 772
532 173 979
708 505 882
886 456 654
675 987 827
347 708 975
702 244 69
6 237 80
548 70 57
277 601 427
874 591 343
464 402 743
404 145 982
942 643 530
528 379 7
206 471 30
138 197 650
105 31 569
459 691 979
811 188 20
682 153 130
816 148 352
481 169 812
235 743 873
895 272 110
995 750 372
661 365 640
150 816 143
668 472 993
24 490 157
377 371 170
895 838 164
767 353 706
586 628 810
970 777 498
434 991 820
692 567 107
886 690 641
434 971 181
292 217 29
834 509 935
721 626 642
522 944 802
184 945 755
271 184 631
739 705 872
904 124 267
534 466 564
618 424 811
185 856 88
462 902 884
477 370 635
259 170 227
204 940 107
897 360 125
295 545 626
383 656 101
212 324 492
965 896 379
127 702 85
728 546 954
430 831 808
681 429 526
73 682 442
6 422 915
954 591 254
881 915 454
511 993 709
101 338 810
81 996 66
559 778 770
803 764 60
798 352 443
446 58 738
481 338 955
760 402 133
985 880 354
648 457 341
997 208 146
510 769 168
308 504 592
370 355 691
851 835 971
342 989 619
276 104 174
614 224 560
426 202 675
507 217 82
79 16 953
881 899 169
58 164 384
981 692 248
93 962 536
724 326 986
396 7 819
265 545 280
601 997 886
887 882 637
758 909 448
529 231 445
674 221 698
979 731 258
428 487 480
698 250 476
122 601 297
388 818 913
306 617 793
123 685 769
349 157 530
99 105 135
19 277 554
344 107 775
925 940 140
928 85 62
469 740 446
449 651 577
159 602 603
985 391 220
423 164 196
310 822 62
4 164 728
961 73 405
270 945 760
404 88 373
335 45 619
46 397 926
840 173 13
196 461 68
542 608 766
480 535 295
615 894 346
439 451 478
785 80 503
62 231 107
386 471 52
358 374 8
560 361 292
612 263 47
148 821 291
699 269 108
432 876 981
818 439 32
56 542 148
567 649 918
29 832 672
656 724 586
279 565 69
184 863 348
611 826 511
594 72 479
707 699 57
727 466 424
180 781 954
249 916 283
824 908 318
598 329 860
817 496 323
792 744 813
401 308 947
170 470 604
426 929 477
20 610 788
72 621 682
712 8 887
437 158 279
343 104 927
429 159 547
699 366 815
113 590 261
818 836 622
748 917 711
354 841 565
324 55 312
14 121 791
876 213 617
43 898 939
334 347 186
346 544 984
279 0 904
133 884 960
189 979 628
684 707 936
30 954 726
67 291 226
962 277 353
247 682 850
288 318 571
95 620 724
749 373 223
456 478 925
273 193 0
86 660 999
535 817 631
146 844 324
34 939 172
349 435 824
214 819 976
81 872 863
184 580 477
114 726 752
977 985 915
170 900 350
976 341 108
586 474 753
265 653 479
742 299 795
874 945 481
905 407 70
911 455 139
25 395 775
616 453 869
830 57 234
367 93 342
997 679 795
645 506 797
461 862 317
104 707 204
947 586 78
455 292 242
155 931 432
970 861 551
915 743 92
205 4 409
934 175 575
261 764 170
635 609 365
29 800 13
963 835 306
728 409 439
585 101 725
160 841 400
503 152 22
355 238 222
948 299 579
563 385 376
950 112 722
462 149 391
316 864 817
300 805 924
863 172 883
601 913 697
87 141 746
117 374 102
624 122 221
387 358 379
452 839 21
0 813 200
668 331 110
284 260 140
381 191 507
307 237 485
96 455 139
307 676 436
822 779 811
248 736 571
918 883 95
157 781 852
171 434 254
161 183 216
356 332 144
675 623 934
197 117 745
250 189 894
731 984 349
861 687 645
527 379 436
928 585 933
24 434 600
186 448 659
675 961 899
921 163 5
69 68 773
429 435 785
540 931 932
866 235 964
744 899 548
78 787 564
848 893 774
415 749 611
819 980 793
593 236 675
352 881 905
796 620 733
692 471 649
284 177 335
944 240 182
933 118 319
547 524 603
969 554 812
548 990 909
512 523 505
177 440 134
478 896 991
23 164 263
93 218 435
922 857 965
14 185 577
412 833 244
596 665 432
975 307 79
776 860 602
73 823 388
677 981 755
790 509 698
111 696 367
369 473 365
241 977 293
202 749 541
132 795 388
85 113 674
348 24 515
967 754 911
405 505 885
796 825 354
164 997 905
738 822 154
404 400 558
993 521 834
128 709 48
317 641 294
642 446 535
592 559 452
17 871 684
624 957 117
993 788 26
542 514 619
987 32 449
496 979 48
885 299 757
210 938 493
606 136 389
372 714 203
471 424 725
328 820 860
371 721 517
931 961 344
905 672 262
261 861 773
640 757 36
596 937 379
997 777 977
27 38 543
104 233 0
363 605 386
315 67 250
142 397 930
874 316 228
59 351 908
624 550 238
800 528 144
745 173 535
440 286 969
140 316 117
704 702 475
891 762 230
866 100 697
527 443 970
404 619 62
734 21 355
500 352 165
517 945 175
335 717 569
132 427 662
421 948 140
246 23 225
549 137 82
383 56 99
616 697 114
901 471 515
122 130 359
859 324 105
462 179 359
816 299 520
72 343 136
886 512 556
857 299 597
157 845 726
342 603 805
116 186 917
203 798 776
649 566 333
630 121 674
612 420 904
357 40 454
793 510 311
380 314 983
425 152 80
220 547 114
635 893 511
414 124 150
201 783 126
728 151 538
340 744 447
8 889 989
522 184 592
441 111 680
515 330 823
184 671 264
990 510 377
231 250 583
975 87 116
787 682 490
646 962 684
341 118 553
875 647 904
566 827 863
639 785 515
788 956 985
695 785 104
932 820 877
524 766 309
379 802 952
603 22 385
149 405 999
682 340 310
950 659 430
361 209 628
222 687 832
112 392 642
659 62 883
421 875 805
305 281 428
114 570 482
682 479 64
655 102 281
286 888 312
444 230 939
304 638 859
762 282 303
402 20 565
62 481 587
16 665 438
628 268 242
409 290 460
196 561 383
299 636 742
879 115 909
9 479 438
868 248 893
426 556 587
550 358 161
118 901 257
937 961 936
232 346 871
981 326 583
803 96 273
918 322 838
825 968 179
694 374 462
447 948 932
166 766 428
23 821 941
757 752 932
531 214 665
163 554 86
731 497 479
223 238 906
301 611 467
186 310 657
860 795 829
489 980 332
542 893 963
484 875 243
246 190 895
580 987 13
110 655 419
648 123 776
803 843 579
753 234 455
752 212 622
793 145 98
328 365 101
959 287 926
698 95 315
390 140 163
959 945 150
951 363 640
448 180 112
503 876 532
130 72 309
8 272 376
82 776 485
256 137 405
621 105 652
557 331 904
869 411 384
769 857 683
783 558 769
410 277 59
516 266 892
344 259 641
15 515 49
202 197 242
519 628 73
13 123 144
431 384 677
57 571 868
775 937 553
305 681 999
4 505 772
695 913 641
811 78 563
993 175 578
385 640 998
833 612 325
989 947 913
177 72 4
357 710 872
763 545 688
745 857 548
744 809 344
42 927 769
30 53 803
718 309 845
840 204 55
670 725 317
456 472 543
882 956 145
776 683 558
771 442 14
314 989 652
118 427 860
403 470 240
665 934 225
630 631 15
206 834 426
52 85 628
417 972 124
564 398 312
102 309 503
458 792 870
798 7 397
188 158 911
451 562 531
787 84 40
943 806 474
346 988 53
705 356 648
88 126 48
720 465 295
785 289 772
554 497 34
394 760 239
736 228 139
866 403 785
612 90 773
817 636 890
449 382 409
564 313 782
607 122 791
944 281 630
976 919 580
880 463 117
831 352 954
706 855 877
443 628 765
38 343 145
81 724 51
212 663 674
707 362 915
400 555 568
542 246 245
74 503 502
300 235 480
475 82 739
634 211 475
84 755 924
974 992 634
38 80 3
535 118 780
415 603 665
970 370 610
258 31 137
500 129 721
142 7 623
617 189 269
905 620 306
86 912 307
618 481 881
277 601 848
523 877 742
887 701 847
792 156 851
386 159 8
539 153 666
539 560 167
357 466 921
638 753 36
831 811 73
203 27 824
933 717 809
252 429 303
60 624 478
887 710 847
156 992 991
298 776 394
30 369 169
622 339 350
372 816 681
136 58 21
60 492 572
635 484 301
898 220 147
359 346 156
1 361 157
200 368 895
492 978 471
712 198 940
830 76 269
475 683 486
798 36 897
536 909 226
603 148 528
657 873 396
171 418 734
144 98 437
147 237 88
502 427 946
935 397 233
40 656 305
567 568 242
715 407 590
86 866 788
732 56 353
470 954 447
126 231 732
501 851 732
945 714 999
20 515 596
961 574 852
199 358 722
535 706 559
947 490 562
871 647 121
781 863 299
953 230 951
450 757 898
580 420 429
883 838 427
699 648 319
229 537 937
133 790 839
465 742 940
183 654 789
359 63 345
250 90 174
8 643 958
456 417 105
706 991 534
585 128 849
300 108 192
859 703 747
882 993 421
795 235 760
56 195 82
370 792 888
357 493 144
678 958 914
668 596 495
683 713 819
28 697 670
286 312 350
674 307 496
801 386 76
139 711 299
265 669 261
702 64 151
374 119 815
76 126 464
352 676 698
208 371 367
193 789 49
40 450 717
614 333 649
822 642 949
334 803 501
532 305 356
704 43 426
520 510 627
449 515 656
558 434 614
990 899 14
602 647 254
314 33 101
517 630 885
239 144 925
351 485 43
327 60 332
952 75 613
998 914 196
605 882 56
400 372 398
874 866 302
632 932 851
616 636 865
166 94 881
215 264 606
464 51 507
978 378 485
979 25 970
105 310 184
482 642 512
942 499 99
730 940 238
143 538 682
400 183 763
514 161 952
536 126 950
609 564 747
307 604 926
919 561 982
295 9 384
938 744 539
126 285 868
499 787 952
421 269 593
562 711 309
143 343 513
431 959 738
109 527 237
931 448 889
219 400 987
17 207 385
434 781 999
413 449 69
572 887 516
700 485 548
144 33 526
474 149 978
594 529 750
312 455 798
712 788 6
480 50 48
171 694 497
307 256 413
664 969 748
869 728 622
478 403 869
574 173 710
999 712 39
208 318 591
707 56 547
937 845 601
348 166 983
771 851 647
321 551 682
796 914 664
399 586 229
545 412 805
370 168 277
598 2 142
46 761 970
57 766 150
884 588 819
64 403 357
323 161 237
116 791 535
788 983 714
677 900 401
945 14 670
644 309 530
162 387 47
247 550 651
319 0 640
488 292 912
321 645 918
661 568 969
714 968 111
374 457 14
971 586 728
682 297 727
955 951 635
953 141 419
609 689 523
513 352 283
394 764 445
519 201 237
328 273 630
293 929 289
913 548 382
558 27 199
938 525 471
496 737 72
941 123 908
406 355 422
571 481 304
488 357 855
16 606 232
920 529 129
239 130 5
406 739 112
781 84 736
917 212 910
211 293 465
146 215 382
548 485 529
281 722 508
39 111 398
702 709 24
409 866 627
138 487 318
964 204 873
925 877 937
26 826 727
238 584 950
672 961 955
622 612 52
617 603 69
974 472 710
617 43 892
420 594 435
926 756 582
643 567 362
687 824 876
944 909 554
994 625 543
318 716 165
167 875 173
395 543 426
376 236 170
252 875 818
848 816 8
413 215 365
775 537 441
279 173 178
532 987 877
633 176 409
301 729 128
494 497 283
176 843 679
50 722 350
422 45 704
89 121 980
711 38 266
353 676 664
454 619 61
541 738 88
262 932 901
279 793 991
150 377 821
992 578 629
288 735 887
37 758 547
479 374 948
347 421 585
743 303 291
72 951 222
399 280 993
625 898 463
56 922 758
466 426 888
560 49 768
824 971 154
159 689 680
724 639 89
978 814 348
769 984 205
684 493 597
517 589 212
836 775 156
815 667 544
779 333 749
4 39 346
747 915 788
972 163 289
281 246 926
361 620 198
30 501 646
437 850 471
428 71 208
88 22 159
158 182 697
690 501 940
206 665 293
29 302 528
967 349 774
17 471 222
811 813 644
459 992 397
680 333 516
142 216 70
434 641 522
706 78 240
743 50 175
126 248 573
190 723 320
106 886 579
422 301 621
173 913 338
338 392 843
669 790 83
291 636 750
321 836 580
500 332 77
407 437 346
309 956 994
460 946 120
563 289 901
943 216 796
852 773 40
557 486 296
710 450 667
613 82 708
664 715 915
559 118 87
97 681 954
760 268 913
648 838 548
305 334 629
831 495 667
15 793 689
981 935 197
84 233 686
887 633 587
128 860 220
662 599 501
991 674 524
2 697 104
247 26 274
651 3 232
748 251 490
848 640 847
406 263 862
481 534 415
935 709 247
774 22 593
714 557 326
318 89 610
168 962 292
744 922 963
383 492 764
766 215 829
262 588 702
676 300 394
196 145 872
164 817 276
957 451 956
462 255 309
570 156 55
897 715 211
226 419 230
585 608 958
134 946 852
35 995 424
496 502 415
796 55 21
61 35 217
433 230 729
12 565 665
982 47 660
821 678 46
199 955 837
483 398 24
373 560 948
986 935 469
585 676 664
638 644 135
389 145 985
685 831 636
920 170 234
658 251 807
651 859 189
694 529 832
545 511 829
148 627 499
988 183 724
802 420 847
228 266 795
256 16 381
179 194 66
123 442 511
663 417 283
430 508 323
309 36 887
425 439 902
149 355 957
442 400 139
172 439 368
367 130 90
239 287 937
848 210 390
941 865 241
505 55 447
924 875 320
111 671 681
908 176 454
647 7 22
157 643 758
118 33 516
667 156 933
28 870 69
757 797 716
105 413 178
203 926 378
909 47 437
533 488 590
203 745 33
427 69 336
411 415 939
671 458 507
313 228 157
635 769 939
657 964 809
523 598 902
584 55 427
821 272 116
276 868 192
468 604 656
124 991 636
607 17 42
495 541 474
39 332 398
342 807 222
528 765 670
481 512 283
97 987 590
299 479 58
530 884 73
672 364 773
665 918 47
188 840 785
315 224 940
501 685 859
642 959 375
942 867 143
997 619 998
535 660 384
145 576 920
364 716 418
78 997 418
947 717 21
602 515 556
966 577 156
937 849 53
535 736 232
705 425 855
992 875 734
971 200 931
59 993 923
767 729 881
595 394 914
613 225 189
117 506 297
60 839 487
453 826 96
450 853 916
55 541 980
905 482 599
110 809 59
275 358 300
490 55 868
149 105 870
432 657 646
196 814 478
151 898 98
236 297 108
460 618 926
120 579 66
391 927 302
676 720 983
951 109 880
141 759 218
977 219 723
343 589 179
885 684 182
416 964 441
274 847 550
907 592 87
620 416 109
903 609 679
273 167 561
13 630 741
459 675 524
527 489 339
925 153 558
105 207 292
449 61 699
474 176 176
632 472 37
610 902 802
82 914 765
267 128 254
104 10 269
358 970 665
697 985 782
490 982 487
89 287 65
165 596 143
92 575 574
117 362 300
98 783 702
644 366 196
420 760 999
29 204 800
236 835 761
508 461 656
332 476 880
570 605 15
119 433 527
821 561 257
278 555 158
578 492 362
365 778 237
350 369 742
197 939 789
934 261 749
842 695 601
544 288 636
36 738 330
921 219 396
646 411 252
10 712 135
226 155 370
150 367 677
38 755 788
407 12 535
246 142 102
337 886 628
359 675 900
833 100 159
759 167 144
972 902 452
848 798 586
940 824 890
42 761 58
130 671 738
209 442 824
396 499 256
136 99 785
2 288 614
732 796 711
504 854 327
656 541 423
542 905 823
818 749 787
343 25 629
38 367 229
663 89 600
538 986 536
109 405 570
295 335 472
487 934 856
899 872 121
228 581 24
547 969 674
254 524 437
597 308 114
740 527 546
970 121 463
530 340 700
526 213 93
595 5 244
423 614 571
995 163 260
390 711 425
94 800 661
817 609 535
498 860 325
466 103 583
260 346 118
447 943 270
305 612 792
966 124 807
749 731 325
303 208 57
287 476 549
915 360 727
86 259 970
297 197 300
278 672 841
727 840 71
510 232 931
304 352 48
996 985 740
310 231 823
218 231 168
965 687 52
114 37 516
183 769 860
765 265 84
964 196 804
202 242 949
593 942 358
518 193 698
944 935 759
701 633 263
580 365 875
746 171 538
850 357 482
35 989 207
964 990 554
395 313 414
284 825 662
0 377 528
989 575 739
701 278 233
403 539 958
645 725 705
255 298 571
321 98 848
538 962 136
282 85 213
829 243 363
873 520 439
19 428 52
878 603 534
763 798 48
802 851 606
578 632 748
393 701 647
85 282 520
240 968 655
910 87 798
543 658 568
621 779 551
128 371 18
776 293 334
172 936 810
215 649 406
409 484 472
411 644 475
830 839 860
711 631 901
680 265 542
655 954 37
704 229 425
835 815 7
761 363 244
752 75 563
144 682 424
818 957 394
643 240 183
223 73 350
569 552 336
300 753 615
471 191 211
232 25 301
938 750 872
928 701 437
800 328 188
742 874 764
634 959 506
124 722 209
641 353 491
497 526 714
673 836 44
865 427 400
716 701 751
706 666 752
965 369 985
62 298 914
26 203 52
53 137 318
269 993 939
182 602 11
322 559 362
293 495 971
908 968 950
707 815 345
273 476 165
185 923 755
782 219 67
409 615 675
725 87 12
911 146 880
386 470 213
620 306 476
671 893 909
854 809 771
739 586 676
630 488 947
371 595 702
531 719 918
208 428 185
953 879 44
59 630 23
711 427 703
582 303 114
549 584 135
797 627 152
923 787 368
676 418 740
431 577 137
762 129 76
802 943 705
166 564 887
923 640 462
185 799 51
639 694 840
350 294 661
765 17 573
688 407 709
150 650 441
692 354 396
796 777 670
301 652 696
542 0 681
835 209 859
196 991 389
652 469 797
36 319 14
45 844 831
209 486 935
991 889 27
802 905 251
623 178 200
144 64 621
124 256 64
544 439 69
265 911 463
240 837 757
663 436 155
714 827 950
592 111 33
900 589 570
92 94 489
156 73 454
950 15 345
305 137 959
319 207 522
971 559 162
967 711 128
125 255 97
993 73 306
551 607 213
16 868 295
759 778 58
585 771 67
633 120 789
206 491 675
972 328 893
313 708 808
666 81 994
195 291 482
329 638 85
918 647 630
23 912 34
205 413 909
115 614 863
8 608 110
934 815 259
72 937 558
7 1 96
67 532 182
985 814 582
467 200 108
375 165 582
313 617 402
320 13 984
70 792 985
207 556 223
408 130 768
621 778 994
274 72 876
971 38 242
150 763 724
217 784 326
480 712 897
952 83 381
716 885 961
915 88 626
568 976 642
112 244 613
827 743 843
349 558 493
390 379 538
836 42 777
368 999 184
508 811 756
824 623 76
643 895 983
751 846 356
216 838 34
597 43 33
237 555 103
152 324 625
265 451 626
354 381 666
329 665 230
744 618 478
930 88 681
820 388 465
781 557 207
875 454 776
277 508 717
355 819 179
66 338 237
22 673 883
682 114 634
17 629 152
383 249 925
451 739 678
165 694 48
550 543 828
608 810 488
554 841 513
404 572 674
973 23 807
665 282 666
515 135 623
141 298 117
748 669 676
198 524 608
138 203 387
987 926 683
864 711 203
865 13 675
721 342 714
321 393 481
254 687 849
269 350 534
861 921 380
900 909 337
210 405 495
559 703 160
683 835 827
290 616 12
679 258 36
820 9 715
543 727 798
236 55 127
529 338 983
789 485 746
823 300 600
650 452 24
461 357 253
990 503 994
72 320 518
924 941 513
644 586 704
123 694 459
175 377 359
868 637 214
73 838 972
257 353 657
725 777 349
574 834 39
148 180 771
953 49 56
142 573 215
312 701 607
836 728 245
977 336 585
445 3 496
353 114 651
427 493 920
820 294 968
704 995 716
719 149 412
968 151 992
573 480 185
305 209 424
203 749 418
16 886 450
600 923 172
845 135 965
912 728 373
211 106 270
127 270 641
205 78 526
752 709 733
253 630 618
358 476 936
283 332 86
361 405 178
5 545 661
443 540 454
62 454 257
908 788 848
148 751 953
401 285 514
171 615 255
903 110 944
708 423 350
107 937 970
863 250 754
425 338 615
15 814 371
422 567 846
241 530 581
981 204 261
970 103 808
761 117 493
36 255 60
389 70 313
631 309 46
856 809 38
63 600 672
497 248 425
632 270 238
557 208 900
48 968 405
833 647 62
152 270 955
55 750 412
555 421 179
691 11 780
856 830 240
357 878 860
65 899 296
710 446 519
944 11 29
111 82 229
882 781 918
488 784 431
267 320 352
516 945 506
270 231 3
747 849 157
225 745 243
707 503 421
356 344 187
963 425 102
732 527 332
178 139 818
75 884 501
792 729 542
982 598 107
752 30 457
785 885 165
7 671 337
267 15 146
385 758 668
80 836 364
524 954 702
970 852 937
943 318 392
732 906 141
587 52 203
752 991 547
644 558 732
560 30 406
964 39 122
455 905 943
506 546 783
26 283 684
512 351 950
117 915 76
201 668 213
721 70 970
943 298 547
552 756 101
960 482 640
911 777 967
432 930 4
420 100 624
217 443 386
767 141 548
655 851 995
985 806 992
25 503 520
238 799 403
992 200 16
740 382 264
400 357 414
995 375 519
378 842 994
347 410 760
548 146 539
280 932 214
804 264 227
928 811 151
538 494 782
995 313 459
896 428 308
556 501 180
591 49 373
489 108 818
365 308 397
763 221 45
695 154 454
81 846 651
105 596 710
925 849 240
154 436 748
536 578 131
473 81 721
911 570 94
681 537 147
431 323 228
172 904 594
556 843 503
38 314 135
881 417 208
276 194 122
253 889 65
834 529 303
545 506 472
971 765 326
184 75 754
177 385 546
437 771 112
570 54 692
891 326 685
996 157 358
516 558 598
106 292 685
49 971 334
431 772 275
815 836 705
676 882 417
131 477 355
275 478 984
54 852 218
326 53 930
235 90 679
372 195 948
913 877 53
161 546 191
567 844 233
451 793 345
443 276 40
117 284 437
483 115 522
691 726 109
133 807 729
311 387 453
410 10 584
107 89 474
651 672 374
805 767 198
402 175 507
342 228 911
727 634 140
321 95 93
431 493 39
707 429 6
798 209 159
971 235 46
995 381 453
401 502 888
240 134 6
670 728 803
756 389 178
530 484 4
500 76 307
895 21 793
170 498 67
891 675 535
853 293 674
479 744 982
788 537 254
584 517 299
105 303 890
610 546 705
775 962 870
299 189 804
907 540 668
605 295 949
835 573 407
758 95 546
132 510 884
992 751 283
666 68 856
164 724 23
709 686 120
270 816 442
832 400 762
416 356 854
759 872 783
792 394 255
718 464 12
141 750 897
744 659 551
549 587 350
895 808 101
571 273 898
967 954 324
638 685 868
300 755 478
263 613 333
109 227 499
608 67 557
459 303 592
941 735 795
237 552 273
862 702 582
796 590 301
807 585 247
364 857 843
245 32 450
753 906 614
541 420 305
959 904 825
920 236 295
431 790 104
752 495 449
199 283 422
513 578 380
954 683 553
641 79 773
540 443 784
207 283 590
592 997 736
688 946 655
771 458 316
943 176 397
451 620 507
803 8 656
378 89 781
152 916 438
428 529 461
611 218 206
760 855 204
823 477 191
621 111 908
747 217 298
230 190 203
208 615 133
116 62 829
27 726 645
358 949 210
697 69 28
994 266 200
44 376 300
4 622 482
131 695 2
799 340 205
605 918 205
410 746 357
65 149 340
205 685 709
671 502 279
581 444 723
104 498 727
32 428 364
51 362 652
143 407 766
735 953 918
805 18 196
176 604 556
777 639 636
57 943 752
535 490 240
597 828 10
383 100 103
682 284 264
916 64 19
248 310 164
310 992 74
953 183 391
408 904 497
981 693 122
587 510 172
581 256 531
120 31 912
168 795 508
675 226 70
779 22 143
834 230 4
930 702 364
996 172 190
222 700 825
147 78 989
238 231 215
753 514 579
538 813 575
583 250 713
409 105 522
626 649 258
981 994 319
486 305 856
465 324 897
646 372 359
629 244 570
272 334 499
982 312 674
660 183 819
758 350 445
697 117 9
184 836 595
203 518 396
451 267 189
877 809 96
262 416 158
194 726 438
344 404 963
77 918 984
76 9 634
800 833 734
177 841 322
947 439 378
24 437 427
127 594 881
894 68 678
246 391 229
583 365 316
429 984 363
306 972 957
208 678 817
807 866 171
459 767 108
868 58 171
485 787 227
749 15 755
497 904 713
940 405 663
287 41 76
985 651 415
651 246 341
669 721 321
943 557 307
998 620 209
900 695 593
129 195 658
477 771 839
206 935 480
453 299 434
231 323 423
634 631 724
465 669 679
143 385 771
495 959 86
730 407 165
101 737 760
952 468 589
461 640 351
828 981 526
68 992 97
469 71 675
371 912 688
980 433 520
911 392 854
947 643 770
929 89 231
890 51 447
15 496 349
232 512 674
897 989 626
3 787 701
645 730 255
348 108 907
435 737 122
28 610 332
342 346 810
870 476 865
443 120 16
292 90 5
520 600 926
115 708 903
520 155 990
938 208 845
77 544 343
158 33 548
640 221 690
605 656 896
159 309 142
855 353 490
261 611 426
440 695 943
667 865 686
117 881 717
638 72 218
723 974 762
34 445 969
671 241 513
1 638 22
358 975 804
744 24 962
141 474 99
646 168 812
327 874 853
131 126 723
498 291 813
556 435 293
942 519 674
81 689 104
702 623 183
124 219 306
459 949 5
252 906 49
942 38 535
38 1 332
880 222 5
721 781 745
25 101 728
549 897 400
435 341 579
576 887 46
621 856 35
82 205 752
233 574 325
906 417 995
823 48 103
971 561 630
710 511 90
72 783 949
951 735 739
84 85 284
368 541 418
13 146 817
930 676 52
63 151 331
497 153 158
892 470 656
793 766 856
25 188 371
459 495 799
385 822 322
846 97 266
773 312 393
968 820 285
939 731 959
315 652 711
817 105 570
218 922 743
679 36 551
35 890 168
759 405 493
846 460 960
0 577 229
369 576 467
767 710 541
392 626 924
445 499 359
231 552 480
208 203 8
212 601 317
423 143 755
347 572 390
832 283 932
160 559 451
675 6 376
72 73 701
883 953 514
712 927 654
306 140 533
634 729 7
912 29 441
60 137 828
425 362 582
993 225 674
285 437 146
195 560 982
537 799 846
902 730 982
475 233 689
104 550 377
475 159 229
948 20 48
617 725 434
291 465 564
335 295 419
741 595 37
660 696 965
615 844 291
574 237 380
739 549 777
839 121 80
905 686 854
436 237 579
915 543 133
27 234 186
462 611 836
968 247 806
485 632 869
685 558 744
75 69 118
901 874 30
973 862 476
996 765 718
737 566 111
461 541 743
289 348 258
699 593 628
855 904 721
42 498 219
293 143 272
278 596 390
308 327 220
195 969 503
118 265 412
381 368 519
166 123 835
607 789 287
273 955 279
312 472 307
673 793 327
770 760 165
878 708 552
850 758 695
457 449 834
249 589 136
400 221 875
628 429 747
476 998 708
972 267 871
562 322 416
949 970 888
436 25 894
681 478 814
226 311 542
617 762 164
927 919 664
318 985 342
844 575 621
144 678 848
842 301 321
108 439 259
134 744 907
118 205 145
112 762 55
20 234 563
422 411 774
929 438 39
237 521 784
978 945 84
178 928 18
356 952 870
431 911 353
477 723 305
885 112 593
14 102 420
643 261 904
248 974 541
502 143 686
112 1 721
906 923 74
249 47 727
991 450 55
466 729 148
41 415 838
330 844 718
506 607 748
179 32 993
473 849 639
641 578 348
989 866 292
547 858 976
892 96 146
682 659 480
538 507 858
295 72 32
265 178 681
424 106 172
110 104 639
582 360 217
917 235 454
425 642 640
354 511 461
38 19 207
194 569 765
956 896 627
52 810 998
901 125 157
475 116 970
546 986 124
249 735 947
652 918 866
621 361 926
907 63 644
957 401 173
349 734 741
128 47 510
79 513 909
239 787 969
573 78 603
73 289 801
751 756 529
656 501 89
183 497 401
471 467 331
544 624 655
388 182 357
541 570 666
730 969 418
181 948 339
18 163 433
74 639 483
434 176 565
431 361 779
273 790 977
613 168 98
361 457 27
66 181 916
559 125 801
611 223 174
924 749 654
806 371 179
331 40 620
256 675 358
102 967 822
208 360 250
835 466 42
612 250 746
654 911 65
476 900 52
471 143 638
471 384 612
513 746 132
500 961 46
695 706 707
914 95 379
762 815 818
155 693 362
122 813 682
704 732 817
300 496 443
594 320 756
127 545 66
805 53 69
16 650 952
45 372 682
54 91 455
589 773 532
218 928 140
841 932 174
134 174 48
121 342 536
560 68 956
766 728 325
54 726 42
466 433 804
309 738 558
578 217 118
29 880 995
415 632 711
469 367 996
532 166 251
823 767 926
13 867 697
592 811 826
26 746 754
103 455 201
978 110 824
820 266 147
619 258 585
130 927 214
289 623 477
970 432 281
695 724 732
72 20 689
421 431 796
604 480 301
132 327 824
13 865 183
978 537 982
363 655 915
216 774 328
248 407 699
240 129 503
583 427 318
160 30 720
660 671 866
558 505 321
564 724 666
810 442 742
922 241 548
361 925 734
5 902 642
750 642 374
873 470 582
9 119 906
955 355 322
323 288 741
639 754 11
902 966 46
506 100 227
858 793 42
343 660 611
611 685 55
832 923 780
896 109 762
695 617 467
269 101 510
843 815 895
785 960 455
106 489 960
345 34 126
871 704 249
379 252 834
990 701 8
190 465 490
819 885 321
474 445 810
101 724 242
58 460 465
812 658 251
865 213 83
462 59 530
585 440 994
975 383 309
681 677 973
823 766 640
563 603 63
406 64 212
889 345 302
323 919 164
706 53 791
12 291 3
269 93 244
522 574 879
688 344 763
570 689 516
328 194 362
256 448 459
488 704 514
622 907 358
595 377 434
905 952 42
665 482 835
460 616 836
503 423 690
884 623 455
933 425 540
136 315 144
582 420 122
324 442 485
986 960 625
757 559 487
873 68 769
397 935 8
594 170 9
530 811 16
76 421 290
950 408 55
337 263 766
982 0 111
413 894 569
518 717 285
678 349 385
388 179 363
913 815 213
377 808 911
53 614 836
625 449 79
915 329 795
890 317 706
785 495 538
221 354 257
492 475 557
883 69 588
528 553 865
818 412 992
907 99 921
62 467 916
526 324 986
469 624 534
108 817 329
173 482 473
432 242 61
456 502 594
470 718 125
209 754 871
447 823 776
471 840 133
200 479 962
363 883 209
19 604 18
332 272 278
213 42 94
66 296 607
65 109 607
662 89 226
579 950 69
409 948 484
956 319 630
230 193 856
101 411 795
917 284 644
486 44 78
521 518 417
399 912 93
766 119 202
852 123 750
756 551 854
686 625 203
621 986 883
424 310 903
747 183 864
828 894 176
360 946 972
239 890 10
845 543 943
144 153 111
717 368 904
474 15 45
53 856 207
233 4 753
443 570 695
423 3 415
785 417 943
205 382 590
659 813 474
72 708 67
413 117 982
505 305 712
522 387 629
59 537 82
833 57 685
893 398 599
972 797 32
123 745 653
36 760 630
829 214 559
371 275 982
75 411 248
367 733 501
224 906 702
795 126 395
714 155 808
890 83 684
277 696 149
802 712 355
269 562 88
429 280 168
308 19 302
661 500 802
109 928 487
562 947 426
733 819 656
691 632 123
629 451 981
340 391 722
598 793 883
172 409 619
80 193 947
631 759 14
104 861 73
365 332 973
893 95 85
234 348 724
640 164 470
155 322 62
123 372 559
824 374 191
586 457 121
148 192 814
939 655 65
951 444 989
591 497 660
525 48 230
846 771 396
506 934 789
501 210 382
956 709 951
266 826 598
520 501 245
795 975 475
134 653 915
625 538 431
437 828 823
266 621 854
783 830 769
790 915 500
139 791 561
877 539 255
920 650 849
441 829 954
705 401 528
888 189 581
536 137 257
823 913 435
110 102 791
920 792 110
776 171 492
439 761 621
179 613 990
319 520 601
491 282 340
168 126 946
10 529 68
543 359 922
670 987 819
780 109 397
167 591 883
414 280 466
394 840 631
237 360 316
602 620 443
831 647 527
730 317 305
98 65 991
532 24 455
351 131 455
127 550 574
370 555 170
446 452 64
167 171 988
915 246 465
542 529 632
504 830 636
628 378 907
724 767 303
930 813 232
144 86 353
435 213 746
714 124 685
48 779 960
811 956 612
970 710 70
574 280 763
569 931 903
108 838 633
941 569 98
939 684 680
155 133 453
953 74 986
430 378 316
891 574 921
472 88 79
903 371 538
624 458 86
643 208 236
333 82 766
796 849 435
152 278 420
781 823 828
812 524 316
235 264 891
269 528 449
189 944 354
403 136 299
811 745 817
852 219 748
140 55 844
718 653 931
439 761 737
278 567 253
534 786 217
114 585 819
870 420 29
451 222 432
501 697 962
10 62 358
265 162 928
241 842 530
267 285 655
213 830 817
32 204 408
922 333 733
636 304 689
604 732 874
47 974 349
250 740 534
373 151 235
71 758 765
272 295 775
572 618 910
948 804 306
182 517 574
905 561 733
463 708 853
536 679 287
850 32 972
415 367 179
246 596 526
49 971 389
330 585 438
925 396 113
598 264 721
436 107 41
990 822 816
160 262 326
119 466 861
426 761 393
104 461 186
789 567 27
666 132 474
400 1 28
20 981 525
864 195 858
583 540 719
668 215 605
993 659 467
862 918 976
51 49 953
228 953 931
289 226 535
345 429 580
649 792 726
719 640 267
636 154 746
479 704 817
278 710 454
808 122 728
715 574 835
790 178 245
692 394 590
655 918 196
957 998 890
267 269 441
758 168 443
983 675 279
279 705 458
957 132 987
783 256 427
163 164 627
776 556 940
843 411 389
334 741 99
926 471 955
512 948 318
854 654 567
945 203 475
219 418 75
926 12 217
641 996 662
255 710 8
118 697 577
112 644 840
419 490 523
776 965 222
412 483 127
84 814 145
593 583 429
188 111 957
942 77 959
83 578 702
139 383 558
158 439 151
624 780 16
692 675 190
297 558 55
252 138 647
994 479 61
907 35 720
163 890 500
296 115 408
393 454 814
688 803 247
769 189 723
939 556 716
580 468 693
531 167 391
890 362 236
181 428 566
476 702 951
146 88 945
489 63 695
674 16 808
400 632 0
135 681 824
418 514 464
22 181 352
9 997 464
58 856 882
903 46 333
260 188 354
744 396 535
518 928 303
5 700 40
520 699 155
708 606 42
395 725 284
666 449 11
503 149 703
115 827 939
891 383 487
693 194 989
875 533 80
793 10 712
100 888 413
374 167 294
690 698 176
188 230 809
354 622 307
907 132 817
473 756 744
250 196 309
514 64 369
468 267 398
911 508 97
728 438 688
173 815 381
282 281 715
29 958 450
341 771 564
969 418 938
472 822 948
857 600 137
28 22 179
830 185 985
616 459 124
291 339 870
524 566 595
272 403 907
279 949 454
468 662 69
199 93 985
558 459 679
798 999 443
907 241 523
567 988 651
434 521 8
581 51 55
253 547 742
86 46 276
770 86 356
291 260 711
588 884 655
976 864 274
668 10 860
382 453 618
322 837 257
237 437 341
547 36 619
524 838 529
630 430 920
423 285 661
640 657 727
546 763 145
360 737 767
639 903 256
322 761 976
3 69 555
403 826 139
660 557 73
860 541 66
484 121 194
656 865 943
21 998 698
194 664 697
139 490 393
72 133 867
146 577 702
470 147 149
731 729 597
112 203 972
873 834 275
614 975 611
690 372 931
368 747 401
682 569 758
524 664 993
120 875 75
132 713 461
73 98 67
58 942 848
915 800 474
679 309 974
149 9 214
43 714 661
970 776 335
649 69 298
831 170 457
204 907 858
672 24 944
501 984 613
503 174 211
565 64 935
992 706 42
660 663 585
479 564 875
979 510 341
412 63 342
940 50 236
748 634 521
382 239 466
142 528 903
0 3 577
473 979 382
556 962 912
605 914 126
744 65 420
819 293 613
287 418 85
30 580 265
55 801 599
422 873 533
500 921 846
707 168 486
341 332 13
288 850 815
399 102 939
787 719 541
268 159 634
372 120 640
234 43 378
441 146 762
451 441 825
19 565 468
272 433 230
920 220 264
940 205 168
647 545 343
22 487 875
615 726 421
959 50 572
79 6 928
333 573 197
647 757 704
165 931 971
425 951 915
957 20 534
172 909 290
525 352 400
41 859 480
795 162 452
894 730 166
309 387 875
126 311 792
952 815 887
498 6 10
640 790 725
751 609 500
66 319 637
370 830 82
187 650 805
619 514 322
363 77 937
497 513 193
817 720 28
843 118 171
25 196 455
187 211 759
339 753 932
780 876 752
700 47 654
464 243 418
959 177 271
128 727 368
679 830 462
744 207 671
953 99 191
860 271 326
316 723 34
754 303 862
469 33 865
61 80 78
483 626 789
813 724 659
855 658 988
192 453 353
246 899 798
314 12 489
641 546 236
859 32 388
392 417 476
794 145 413
931 519 125
885 119 646
899 87 795
373 374 755
897 72 130
488 752 358
997 796 14
763 187 342
71 390 827
900 144 8
406 240 248
756 582 322
753 720 350
484 669 325
471 223 724
78 919 967
499 60 893
137 156 937
52 56 779
614 146 561
524 963 356
737 893 154
711 577 411
779 895 660
756 786 227
379 497 912
510 723 461
563 612 0
809 9 867
10 108 72
229 745 165
780 199 583
17 904 206
866 553 548
841 62 993
840 264 770
788 404 484
242 986 230
179 174 51
493 711 754
137 799 79
360 363 574
412 660 724
790 166 846
569 562 106
620 443 830
97 589 679
989 647 494
405 527 726
850 716 262
384 465 56
458 180 3
883 632 247
793 582 799
428 882 403
543 546 765
293 706 931
133 132 479
458 659 643
264 252 732
596 858 300
495 165 794
866 235 413
15 432 410
26 51 109
545 463 215
730 207 172
745 617 26
13 196 587
795 569 965
95 797 997
905 832 975
781 754 780
207 256 28
284 946 785
844 731 159
969 921 336
542 611 663
24 694 822
901 703 867
965 462 660
432 549 781
177 335 726
939 204 78
824 17 359
180 500 203
155 271 154
187 480 900
728 602 413
923 130 59
913 715 89
772 133 981
643 827 42
840 116 699
256 285 391
24 766 696
137 700 693
181 157 345
524 2 253
761 343 108
949 250 657
861 982 289
0 813 493
102 491 414
19 432 417
582 656 518
36 745 199
635 753 80
821 608 650
288 574 721
503 580 299
950 836 981
594 293 851
579 253 481
520 904 466
869 181 574
705 407 894
1 157 308
213 676 963
555 956 186
171 16 963
467 39 779
270 320 172
835 981 703
489 794 969
982 492 856
594 401 182
784 511 209
520 93 347
444 890 801
13 213 202
952 224 633
852 97 337
474 643 806
375 515 425
849 315 899
540 177 184
255 97 337
926 52 953
501 511 35
312 318 570
469 735 133
938 681 433
16 49 394
636 92 323
608 341 770
895 390 711
422 404 647
17 394 884
268 329 80
656 431 346
556 731 159
620 302 835
226 422 63
68 117 196
977 476 425
357 520 461
424 80 997
564 552 872
398 781 932
464 877 654
441 324 439
342 214 412
380 416 32
992 655 50
821 167 960
573 872 366
457 362 477
408 193 879
476 321 564
271 615 450
548 855 855
827 642 515
833 120 466
309 55 309
268 224 265
558 367 820
657 379 307
963 505 799
155 971 389
105 700 202
588 383 512
342 317 986
584 0 915
665 250 815
370 678 140
150 35 392
841 364 625
361 839 647
650 210 973
712 442 881
92 262 229
255 604 308
871 669 908
168 326 396
996 930 951
836 390 170
597 32 991
667 417 254
220 553 511
834 257 149
831 340 703
505 103 151
501 838 842
172 656 830
89 881 858
0 871 363
286 843 465
73 255 426
844 999 510
775 194 306
990 200 98
221 593 314
482 386 568
406 281 806
1 503 24
553 544 502
50 972 235
265 95 281
928 941 82
843 520 618
590 593 132
688 703 30
950 821 82
190 276 714
162 83 438
530 288 938
656 233 435
219 858 196
898 139 104
896 633 895
458 294 804
76 46 63
78 330 41
684 416 953
404 675 411
347 597 134
932 214 354
158 489 619
797 826 235
646 222 914
604 671 859
903 887 114
770 254 380
869 428 224
130 233 913
130 988 397
908 521 965
163 887 464
882 976 112
219 823 688
3 133 526
768 883 448
739 259 766
957 873 930
820 814 817
691 219 128
158 245 895
591 80 262
975 805 144
720 237 528
283 395 362
101 778 471
81 372 295
755 438 460
390 147 899
163 590 984
618 809 221
413 717 779
194 842 496
494 394 332
311 794 342
479 764 110
399 545 420
479 631 509
644 567 26
188 19 554
673 32 853
979 258 333
443 24 824
747 784 768
380 623 134
667 484 931
248 884 1
727 273 875
882 809 346
565 974 765
937 617 282
173 209 824
283 503 124
962 930 451
150 678 808
601 605 117
432 543 117
200 960 223
876 960 429
418 816 132
957 575 509
435 985 959
882 259 174
434 682 973
50 92 391
533 359 948
157 225 309
617 954 45
580 740 661
794 573 894
508 342 942
889 134 930
48 368 405
186 150 366
655 703 604
114 595 304
252 867 428
365 891 800
626 556 833
727 163 618
349 172 994
300 363 574
442 142 443
266 195 649
894 535 627
907 696 59
780 867 837
533 696 380
347 656 713
464 901 325
214 367 449
68 260 327
546 555 105
725 379 162
98 830 202
338 48 26
616 494 782
350 672 547
206 825 89
554 477 13
487 351 647
6 416 587
388 45 156
535 482 753
168 206 639
82 957 454
949 549 308
994 435 445
30 638 485
680 321 768
692 537 469
440 291 89
435 295 718
310 750 808
730 527 125
586 900 56
238 512 955
108 307 18
94 653 621
157 639 432
139 841 498
233 672 704
981 854 954
132 254 797
781 130 907
26 463 385
889 238 564
195 243 68
751 794 271
524 832 517
549 765 821
370 61 365
157 125 286
481 234 632
882 986 835
902 818 774
267 734 709
834 236 441
767 986 681
137 52 390
768 970 224
639 153 209
131 229 587
749 717 717
773 541 443
421 230 994
426 776 862
314 323 209
987 337 366
391 20 135
863 138 551
334 984 581
818 538 513
594 699 715
220 239 463
565 773 585
304 827 759
492 562 277
126 756 928
824 273 230
867 824 601
678 711 427
915 379 373
938 355 406
204 862 660
141 903 100
492 787 964
857 592 601
300 822 919
260 646 940
302 836 334
807 229 872
253 484 945
174 931 936
720 106 310
949 760 698
808 319 708
58 117 308
197 397 747
376 606 932
20 416 507
772 669 789
515 334 432
992 752 62
272 839 402
599 709 559
704 171 762
802 115 804
526 59 840
280 299 500
93 64 243
877 459 115
860 872 896
454 970 166
485 633 681
668 273 767
605 202 193
997 482 406
718 132 717
76 219 292
45 73 941
382 673 234
196 969 103
548 636 144
665 10 927
524 697 27
710 582 551
311 366 963
417 79 422
586 304 969
360 473 734
857 629 992
973 852 224
523 538 396
669 244 464
848 912 873
426 704 881
699 82 248
987 999 139
719 174 977
495 241 636
308 873 526
582 300 223
810 179 352
861 939 150
732 667 776
854 681 449
503 717 283
851 758 984
431 132 551
54 123 434
975 709 725
239 767 752
352 110 33
912 965 308
132 843 696
447 36 568
375 958 342
837 94 839
925 307 727
528 437 90
550 678 577
500 36 795
992 323 68
415 651 88
107 237 492
756 469 835
662 733 129
861 297 167
677 348 458
201 350 824
127 11 973
545 714 784
689 373 471
707 844 290
798 116 702
132 455 790
139 84 719
853 464 402
345 103 471
802 810 175
990 903 355
618 654 984
52 871 521
599 14 197
566 50 103
98 239 639
970 457 357
965 291 711
206 474 307
535 380 146
146 344 251
356 686 902
15 156 651
802 183 917
324 611 972
500 914 8
433 594 601
314 424 307
149 938 926
682 415 25
584 370 482
469 307 456
386 628 703
548 589 730
188 834 41
565 643 806
575 437 625
360 910 334
130 675 3
886 453 836
879 810 621
18 506 25
907 933 283
507 985 157
980 327 455
679 102 185
581 940 520
567 488 529
529 992 916
852 857 586
982 327 482
781 850 80
51 968 843
523 482 345
524 818 622
213 373 116
770 794 325
18 13 669
14 829 30
994 957 82
8 636 28
316 966 154
462 686 171
186 870 907
95 584 7
106 112 954
787 138 146
595 217 319
942 604 93
352 686 20
317 153 430
768 186 344
430 912 28
603 122 661
219 106 408
5 254 746
415 205 539
213 578 650
510 745 324
218 211 374
803 669 265
480 937 261
30 330 608
60 898 527
576 905 592
413 234 838
659 872 688
939 105 295
536 842 624
538 500 830
832 830 250
147 840 328
741 204 741
758 629 601
322 22 192
495 555 927
830 803 806
106 764 834
214 950 117
790 510 242
700 512 952
77 557 765
917 375 489
822 656 718
666 932 748
455 449 80
921 187 58
233 516 326
482 4 648
413 749 805
796 920 448
224 348 631
378 330 572
182 320 71
715 796 924
787 295 225
444 820 524
143 593 40
745 75 469
191 861 854
982 568 831
482 57 427
552 816 605
64 656 739
270 901 851
827 862 449
181 748 576
871 330 477
560 989 83
120 872 839
164 867 857
773 91 827
182 768 380
352 462 738
74 634 560
54 242 504
598 335 340
536 623 862
302 253 423
560 386 59
809 648 707
703 94 161
97 91 153
83 201 754
518 144 425
92 766 249
103 440 926
187 18 575
678 682 59
832 993 261
389 21 391
794 844 502
806 439 465
837 860 421
403 377 708
895 73 274
512 384 864
258 827 175
365 149 716
581 160 64
537 702 778
32 364 619
553 732 687
314 827 163
548 346 423
970 57 110
888 119 784
164 952 447
621 506 406
487 773 716
172 766 688
920 499 591
338 463 954
316 499 466
378 563 658
662 709 359
416 919 330
338 59 360
393 936 524
17 837 599
593 771 933
25 73 45
688 616 171
776 176 885
474 179 42
194 569 58
852 385 955
724 447 339
54 294 649
650 538 8
81 614 319
9 254 585
772 209 823
683 36 473
883 262 103
622 254 728
897 530 926
72 483 365
536 828 574
377 362 294
956 888 341
700 957 228
344 361 419
462 153 396
306 847 887
681 93 534
587 922 416
882 56 363
152 8 314
648 431 332
801 20 198
797 906 924
596 655 677
580 407 23
582 600 243
432 520 828
430 299 113
218 138 941
368 867 471
53 248 187
46 869 424
987 896 131
14 608 244
471 117 424
704 310 225
830 547 268
261 938 843
833 402 136
128 244 257
419 159 549
487 438 499
327 64 699
465 958 178
830 580 51
16 636 8
345 397 706
551 575 419
82 711 745
806 863 191
264 997 911
789 634 606
590 577 678
292 420 278
691 605 682
204 130 369
328 684 158
363 953 896
229 674 195
460 267 975
458 609 940
543 23 996
493 318 709
890 424 729
648 876 417
948 50 76
304 410 455
957 762 159
851 120 443
719 127 510
138 608 829
845 843 899
796 534 210
312 738 524
759 856 302
848 593 542
670 843 106
217 464 120
545 910 553
424 929 970
913 845 134
991 629 597
316 317 166
725 743 962
220 423 551
97 361 672
594 986 419
791 470 544
650 245 76
540 439 852
398 714 155
638 586 372
775 727 328
235 824 639
24 239 232
777 819 450
30 584 622
984 789 574
357 49 797
758 814 356
912 618 685
584 156 833
755 187 299
22 896 315
438 714 198
765 343 291
684 234 494
185 184 994
221 393 718
911 919 314
661 439 644
349 505 506
767 174 324
466 627 75
125 678 656
749 535 477
840 525 853
869 449 526
519 721 639
54 555 117
888 439 624
933 297 312
62 416 271
418 766 468
514 62 176
88 346 183
928 473 899
155 661 183
205 684 64
802 258 238
691 833 141
738 623 536
725 665 776
2 274 204
635 568 5
950 79 286
239 498 418
9 207 931
257 189 307
898 0 474
885 128 974
205 145 629
378 138 901
310 884 54
155 892 883
381 228 726
462 573 995
635 641 572
794 175 957
34 870 555
181 767 505
285 757 957
779 796 66
662 870 208
331 479 298
810 454 977
975 731 565
512 600 73
415 881 157
207 471 805
438 291 7
323 992 111
862 550 960
959 716 237
826 868 390
264 660 890
717 892 593
181 758 695
263 675 763
113 445 497
492 406 365
441 687 477
681 678 597
49 546 508
414 402 668
504 773 382
770 539 574
488 971 876
391 481 756
739 876 278
906 216 199
817 608 41
710 374 623
171 307 376
372 676 423
103 100 386
529 528 393
680 930 160
381 188 843
359 12 78
631 354 660
222 386 536
224 807 286
974 473 149
343 999 21
33 807 892
875 702 181
0 993 117
506 997 164
764 644 194
399 479 484
634 825 318
178 823 759
278 572 397
60 913 461
57 312 841
212 490 568
502 671 812
68 582 832
559 315 810
841 135 776
844 52 926
281 231 709
720 762 493
324 965 592
418 904 90
33 744 461
279 66 641
432 915 40
368 356 919
146 180 611
88 475 539
752 892 520
246 508 11
10 647 119
854 252 533
771 221 156
910 932 218
944 879 754
871 372 10
649 412 828
936 846 381
374 815 753
488 512 164
754 28 582
11 636 631
725 733 242
567 681 430
725 474 271
75 823 640
617 223 801
534 47 295
258 287 661
603 183 595
794 790 270
711 476 223
854 714 301
24 259 804
313 309 526
49 536 245
862 963 880
114 944 771
312 820 106
872 721 454
578 186 155
498 50 427
803 378 130
736 635 390
595 539 825
314 281 401
509 25 589
955 292 234
993 812 191
61 808 131
481 89 389
343 539 270
510 66 871
567 682 17
421 614 896
14 46 848
835 824 600
962 46 518
602 179 406
473 58 123
492 889 551
470 933 230
450 414 121
928 663 977
44 153 735
915 620 11
137 553 217
73 766 286
852 142 30
781 785 246
764 39 839
611 693 848
447 254 31
432 535 850
268 878 591
892 247 899
260 276 929
523 316 822
654 627 160
74 101 265
944 588 921
324 396 777
197 887 406
141 159 719
320 520 152
966 909 66
527 207 88
723 820 143
640 988 319
602 677 818
107 953 914
226 841 636
443 666 730
816 556 55
396 774 586
189 993 201
640 492 95
663 671 941
105 872 44
589 227 776
694 512 272
911 835 790
845 520 774
926 431 832
979 259 550
499 286 940
919 306 443
316 703 302
593 209 298
674 569 182
772 351 362
115 688 977
771 393 926
382 577 837
981 678 54
624 499 149
745 49 41
982 635 30
381 13 614
793 988 455
233 729 465
657 815 836
925 869 279
375 771 972
938 103 68
523 464 778
670 718 19
105 755 194
832 134 810
515 422 244
894 787 208
179 423 623
704 917 249
710 91 754
278 508 382
752 715 946
854 294 273
977 490 791
891 776 64
927 539 539
11 660 395
941 278 583
835 992 90
415 339 130
295 558 324
916 750 471
218 693 276
75 620 41
718 812 383
722 843 807
663 471 78
85 863 280
539 473 262
166 869 753
875 463 558
778 558 23
834 123 724
329 739 988
282 477 841
81 935 205
209 409 603
525 713 409
573 276 263
221 187 238
553 491 395
255 956 212
485 42 243
766 155 252
808 432 737
96 468 38
282 736 837
786 973 268
724 452 899
838 951 573
592 513 647
403 755 284
603 839 393
245 154 357
49 4 27
757 29 948
621 221 78
615 99 947
348 859 182
803 869 129
301 944 131
975 972 413
133 900 312
691 246 517
414 814 638
411 456 341
65 416 188
952 815 13
668 333 954
721 985 192
103 816 220
105 886 103
890 985 382
575 827 863
731 322 284
237 227 663
139 335 788
47 2 365
994 724 960
109 527 831
192 698 646
710 400 419
729 337 483
861 948 243
119 854 505
199 328 854
597 505 20
220 402 100
116 239 243
511 975 538
5 930 428
309 73 898
717 911 713
492 206 582
599 727 761
394 921 847
700 819 176
768 31 878
929 431 680
251 431 541
601 43 785
410 460 585
636 665 105
955 39 917
934 28 713
133 631 257
873 802 21
76 779 122
965 585 158
158 485 152
3 153 118
669 624 577
304 741 55
150 931 11
87 348 371
968 829 656
747 802 565
138 685 924
833 333 812
833 25 663
132 554 740
268 447 129
759 654 393
686 766 886
909 605 180
590 394 855
725 331 421
349 918 610
849 244 750
786 91 182
680 343 75
718 769 783
871 336 539
737 138 295
250 197 122
751 44 368
512 692 210
241 90 889
848 74 287
12 694 394
658 422 799
553 795 543
969 709 927
140 332 814
161 694 322
940 702 531
514 881 402
326 258 486
813 158 726
416 315 982
733 816 530
690 255 78
518 256 377
468 827 559
669 870 289
400 410 452
910 380 196
500 942 585
375 372 400
718 108 29
814 569 319
503 835 290
202 631 79
551 833 160
622 73 153
905 437 822
857 534 268
191 42 945
69 241 706
753 756 574
440 337 458
907 305 441
415 231 147
119 134 341
713 26 299
621 295 896
998 525 998
317 173 237
864 725 27
958 367 137
142 99 939
471 261 594
73 38 634
241 722 114
57 150 233
305 887 284
166 710 282
247 666 327
84 89 451
885 681 133
999 948 204
246 428 785
21 544 614
879 192 782
343 598 210
815 904 295
383 192 162
970 10 53
53 150 235
831 473 728
837 605 115
669 513 400
650 620 541
458 772 459
350 404 96
16 98 919
266 758 630
57 824 447
589 666 757
232 171 413
438 128 264
775 609 126
625 850 18
740 780 620
348 786 825
754 483 706
655 13 957
861 364 569
764 392 277
799 812 950
687 639 400
714 242 139
333 905 907
763 926 268
513 801 564
0 718 863
463 611 402
901 939 40
83 978 545
153 992 94
876 504 948
474 690 602
467 410 523
915 262 977
638 964 563
476 765 370
448 505 724
592 37 44
958 774 670
766 230 681
75 370 207
247 943 48
934 270 714
942 923 56
790 770 390
870 176 508
169 699 406
529 898 929
256 695 174
300 708 624
862 258 887
807 32 988
470 615 573
331 512 431
274 51 832
984 623 9
939 847 646
182 551 273
171 377 600
199 365 93
637 422 29
192 212 693
885 217 147
452 556 296
327 825 902
511 384 134
575 327 852
796 852 432
512 988 73
485 717 974
169 531 442
988 628 281
648 583 969
838 626 650
92 677 472
149 490 521
740 753 111
34 968 649
252 927 571
720 208 924
903 558 403
761 961 794
450 927 855
280 981 150
592 976 843
999 626 464
664 445 341
113 552 272
845 425 246
174 243 755
970 998 17
777 113 153
744 701 355
242 732 683
255 714 530
802 929 494
94 780 220
283 843 438
747 608 281
419 81 755
755 976 80
380 933 271
614 295 138
177 973 346
890 682 335
813 46 753
32 241 749
525 835 688
279 542 747
688 247 82
745 227 264
41 71 734
310 140 684
1 71 725
157 85 712
16 639 44
389 239 546
512 732 267
859 412 731
59 711 175
635 542 826
768 899 494
706 709 846
258 521 787
655 366 573
221 384 560
818 999 112
523 409 251
538 43 648
381 117 456
834 960 521
118 981 830
860 558 483
78 351 184
924 192 201
113 269 713
816 250 53
65 225 616
929 972 277
129 848 58
599 319 970
206 214 624
691 240 761
271 501 939
805 993 433
440 212 921
548 249 839
136 819 726
719 315 806
543 485 303
767 292 382
99 763 19
301 664 120
276 832 786
206 482 736
273 912 396
862 204 711
444 106 670
741 674 834
669 350 515
385 145 856
355 182 710
160 785 943
760 594 578
408 790 217
233 63 766
48 699 578
869 225 998
975 496 277
930 146 516
845 566 424
745 201 589
17 335 367
442 383 648
135 713 763
635 731 771
795 819 158
486 315 708
998 218 812
634 547 129
954 846 437
655 560 106
619 496 630
695 743 520
325 533 877
794 541 921
227 898 458
474 885 261
126 9 948
302 382 293
567 797 649
641 697 840
983 293 517
321 142 90
276 631 699
336 762 644
246 716 714
211 778 860
594 350 420
443 700 195
663 973 890
534 274 229
181 571 998
513 487 147
611 319 111
827 701 843
147 826 647
597 886 607
866 199 81
951 158 543
780 614 420
126 233 621
263 310 869
207 216 143
148 544 400
163 132 423
806 815 801
974 272 845
170 250 319
507 478 607
203 321 562
752 461 152
149 919 22
265 177 916
83 884 965
7 313 683
454 9 560
879 608 423
85 737 584
628 376 573
304 606 771
602 429 490
583 101 32
803 618 551
917 98 859
659 225 432
889 712 421
521 923 541
991 145 215
762 639 102
486 150 389
857 650 886
980 973 197
875 41 413
977 258 490
486 645 283
944 723 598
742 640 737
54 758 508
735 246 622
623 421 621
121 543 869
297 49 270
830 725 726
228 120 220
588 514 226
956 180 453
648 480 118
667 54 209
96 349 700
461 72 901
537 574 444
604 630 985
904 786 211
213 423 467
12 155 359
511 230 34
45 604 429
619 909 603
874 281 289
537 270 265
538 949 590
232 57 615
531 13 377
26 264 915
544 739 30
145 620 554
78 312 963
757 626 397
691 703 710
238 320 972
963 27 185
97 472 430
312 503 38
258 830 488
440 58 410
927 446 174
836 556 303
784 27 14
4 319 260
442 551 754
134 915 691
0 949 131
217 598 401
745 378 32
772 6 595
951 465 163
870 892 622
186 148 579
13 360 685
879 835 63
972 61 69
531 957 646
906 483 975
87 326 603
739 311 894
94 470 830
660 971 557
308 200 433
867 335 953
131 306 968
309 114 861
773 456 399
247 66 316
614 340 845
508 541 243
702 602 826
35 865 86
170 63 248
555 404 291
571 798 929
290 497 741
977 804 884
622 82 443
126 476 211
19 553 416
517 47 828
278 995 492
922 547 788
263 647 849
658 572 817
761 297 983
399 152 432
41 189 747
708 722 191
894 887 506
144 957 421
417 393 705
97 404 36
308 564 201
947 847 354
808 243 483
957 206 548
518 142 683
761 495 701
156 781 413
585 200 190
927 237 296
115 342 807
977 346 382
502 207 705
138 944 547
128 613 180
826 330 251
89 526 150
391 914 749
319 803 570
960 430 518
431 675 841
335 700 472
697 412 816
437 501 502
314 510 449
610 478 99
811 158 304
342 542 993
753 416 330
311 880 164
181 118 822
285 574 269
929 883 635
820 116 511
590 644 307
921 9 396
786 514 786
917 838 998
820 562 697
795 664 296
875 648 229
770 562 747
803 783 976
654 781 798
865 813 891
971 963 515
437 547 725
528 328 400
599 858 48
982 38 250
402 272 180
815 362 414
894 20 523
886 170 771
83 174 704
844 727 673
637 316 763
441 872 420
629 966 575
713 752 699
982 507 187
897 967 89
391 207 593
591 171 514
495 775 226
863 440 533
562 967 387
565 35 295
321 293 24
793 426 648
772 548 89
915 633 350
501 712 824
863 226 366
26 258 336
969 312 881
881 228 846
911 340 209
524 114 127
65 264 803
123 780 966
690 200 451
130 400 709
235 128 254
755 937 552
110 948 333
834 700 822
51 767 623
67 485 883
330 235 282
942 985 360
576 797 258
731 15 128
674 302 906
999 381 76
900 22 322
17 551 12
919 6 110
835 912 218
713 609 693
387 446 40
219 4 983
612 111 550
997 894 330
316 580 96
119 526 244
656 624 305
401 220 361
655 791 877
631 523 967
199 630 396
172 680 684
64 458 760
633 25 746
194 75 961
44 952 709
156 558 355
404 657 279
185 518 180
328 767 643
921 287 116
525 294 157
871 147 399
132 204 686
122 407 203
472 828 344
301 908 97
121 749 203
805 42 242
671 147 448
604 42 803
965 514 736
382 116 971
768 525 793
231 663 216
721 187 795
282 109 376
198 186 28
513 917 366
511 388 684
572 612 29
587 11 818
722 879 318
12 273 962
156 974 240
878 98 768
845 27 253
410 713 47
482 942 765
999 167 806
209 123 38
706 522 948
250 597 964
799 827 355
764 554 397
103 188 703
435 945 724
553 62 938
945 605 60
528 112 355
856 128 682
145 298 271
237 575 555
125 950 79
645 560 644
747 117 793
543 647 903
272 277 477
36 877 266
547 521 87
741 816 935
726 452 376
808 267 973
408 614 379
981 388 655
763 545 795
358 558 389
923 957 937
24 438 772
348 501 69
0 906 164
310 561 292
352 931 31
754 631 530
353 96 91
462 427 577
450 658 686
792 600 286
55 425 327
476 784 942
925 27 608
680 218 431
636 957 993
254 395 101
73 194 731
27 318 263
476 558 957
616 122 19
157 94 191
122 311 144
497 214 435
910 484 846
703 47 898
202 69 568
996 681 946
547 309 916
278 49 730
489 321 133
982 851 420
714 24 885
494 309 433
639 195 641
697 993 863
185 688 645
220 404 490
831 158 690
30 734 42
267 934 522
35 405 580
711 515 232
972 862 809
652 527 589
44 145 329
14 894 602
497 559 93
729 174 296
179 805 64
987 847 668
307 289 820
546 397 193
458 662 166
68 548 654
359 55 991
157 492 741
473 943 553
39 987 661
723 173 456
101 808 550
845 106 386
472 195 679
607 925 29
955 980 946
910 315 900
668 573 938
660 549 344
403 580 934
951 103 62
946 913 588
965 466 248
362 646 912
687 350 132
142 91 107
915 721 108
210 723 420
681 548 338
91 508 670
112 286 409
422 103 791
805 523 240
962 836 546
162 53 177
98 370 85
955 853 227
88 518 641
730 41 741
250 700 972
479 449 73
887 581 908
66 384 511
379 801 870
454 579 191
439 96 468
444 623 820
313 248 333
95 52 649
661 626 756
319 134 104
396 510 600
799 470 508
754 253 948
98 456 159
774 831 807
581 325 83
616 854 900
131 778 405
277 540 688
409 391 457
873 288 62
344 188 393
714 113 147
536 539 309
760 943 163
489 354 696
958 449 195
587 683 350
47 150 79
888 12 558
802 647 221
731 239 640
477 863 212
15 396 115
568 854 77
108 144 341
479 675 395
248 598 277
924 790 149
934 683 126
427 690 834
445 554 197
963 573 452
289 471 666
434 857 827
240 220 925
265 965 898
510 196 422
598 502 837
942 467 210
885 255 182
191 606 187
246 809 76
115 721 469
815 352 434
354 281 223
0 77 98
777 806 624
669 834 924
837 37 678
699 217 862
100 653 495
476 143 965
713 966 489
127 575 795
206 701 335
585 695 749
834 716 615
463 699 374
35 128 364
755 748 422
954 721 899
755 165 581
728 944 447
700 586 129
640 237 442
734 923 579
316 681 304
974 837 653
708 106 834
321 804 5
352 26 80
530 346 742
346 125 544
637 645 977
192 79 590
18 24 83
852 495 184
303 666 388
329 731 515
575 645 800
865 666 355
126 896 679
483 236 959
13 743 504
68 160 350
795 123 82
256 787 973
374 112 648
136 107 480
7 769 739
368 786 407
882 950 620
524 940 964
752 233 588
181 707 344
413 210 969
592 771 1
989 69 222
69 358 909
260 41 304
173 569 179
704 142 997
524 979 24
650 224 423
526 301 339
691 423 521
771 781 215
867 154 300
310 534 107
68 444 131
175 959 268
142 386 347
512 563 91
491 118 943
318 586 394
397 747 123
486 870 946
648 865 179
923 300 609
265 293 503
132 911 357
890 755 419
755 415 177
600 48 614
755 765 941
251 12 764
32 338 990
84 546 738
767 237 551
175 248 272
72 980 574
780 13 479
864 724 351
527 132 955
671 393 668
60 895 994
92 688 541
36 889 828
93 713 677
801 938 767
909 920 717
58 144 391
896 746 898
841 792 698
543 72 878
997 916 838
599 733 878
42 880 530
921 554 94
652 584 391
668 625 350
174 636 874
65 982 786
125 283 395
472 651 408
553 259 908
482 617 215
225 973 163
535 608 735
850 744 163
804 666 887
506 616 345
376 590 637
155 275 11
707 481 475
956 149 887
393 326 264
710 741 115
348 380 453
148 198 119
721 774 978
241 899 876
869 732 119
335 226 804
599 972 748
822 11 532
876 761 287
432 598 567
128 499 134
75 21 671
747 897 644
235 411 213
711 271 978
798 102 347
789 682 62
625 945 629
305 3 668
874 296 301
633 650 277
6 652 293
565 799 892
641 201 42
575 316 910
287 138 538
389 720 114
100 811 195
633 235 558
427 825 162
607 393 575
519 693 364
812 120 471
603 536 220
455 578 66
997 381 415
886 599 782
30 896 547
313 292 552
129 649 252
59 300 958
977 399 584
523 547 549
99 106 298
408 99 745
450 896 925
394 854 285
160 88 465
718 908 818
682 117 123
329 319 754
678 306 398
737 102 672
569 130 461
24 62 230
129 654 202
99 942 816
177 390 577
282 427 688
374 780 811
911 738 398
134 729 744
578 250 523
284 105 84
233 370 35
603 81 429
724 517 163
750 987 420
233 227 39
877 208 845
389 720 990
895 878 987
935 970 364
425 793 559
377 610 320
319 704 922
78 266 787
722 74 51
609 591 739
946 422 476
625 65 175
288 625 253
754 460 645
256 742 376
957 387 836
187 737 492
252 709 197
165 512 35
27 319 180
179 737 824
209 335 973
534 351 371
329 765 505
511 885 922
790 837 507
845 894 446
974 285 434
9 60 447
478 453 943
912 184 298
38 982 341
372 422 941
691 47 310
777 994 731
10 121 665
922 468 331
801 982 868
518 151 453
105 359 971
303 398 600
709 848 210
412 445 629
789 579 277
799 894 219
788 547 424
36 868 907
427 804 880
506 876 291
594 318 440
763 322 208
676 876 392
134 794 261
442 490 530
660 218 203
45 316 255
165 720 802
183 483 875
1 835 480
606 2 56
435 817 944
956 167 204
757 337 79
166 221 371
720 11 293
601 693 396
234 161 419
145 474 586
413 302 70
883 559 103
299 978 866
117 867 508
366 306 71
78 218 63
493 620 366
759 660 942
745 211 507
895 826 988
552 682 948
3 992 31
180 978 83
354 57 762
727 695 845
964 781 888
100 657 925
924 719 913
47 88 198
641 317 929
360 273 111
705 620 582
599 273 577
969 719 539
776 833 278
916 723 950
253 485 351
80 110 133
396 861 381
223 526 300
880 370 175
918 608 90
131 413 961
193 940 894
611 37 890
706 778 302
9 426 489
466 351 736
337 146 1
111 576 915
56 838 935
925 7 703
386 320 659
158 910 392
35 738 49
4 856 161
668 67 569
432 825 28
164 731 964
356 860 523
306 218 82
977 166 460
76 399 851
476 631 656
65 217 731
915 676 621
336 90 58
485 433 700
548 907 316
510 545 960
493 17 575
638 24 58
734 211 294
197 270 240
728 906 624
358 486 978
208 770 749
251 369 992
175 182 124
937 635 786
511 837 217
820 702 682
643 24 444
255 876 764
207 643 207
239 26 554
276 191 187
685 218 688
361 510 655
987 571 502
834 702 415
478 638 495
369 688 245
590 890 886
483 866 912
143 176 827
85 335 237
797 569 744
138 787 498
954 745 743
901 653 272
864 627 930
333 723 12
15 848 618
203 292 67
243 172 871
168 382 461
882 93 380
884 507 461
234 160 382
979 703 696
392 664 392
222 77 315
763 980 548
980 249 720
494 454 255
738 252 431
439 485 856
366 171 623
990 525 490
818 933 23
398 507 747
269 149 575
765 753 196
360 396 857
945 804 324
53 354 204
238 452 427
679 619 857
781 406 495
608 295 575
533 853 646
601 173 875
830 231 607
324 365 148
430 481 232
921 959 632
231 87 952
117 604 930
971 356 347
201 373 754
104 435 402
159 803 994
717 246 406
107 116 924
85 767 415
500 920 929
221 90 472
511 312 300
852 595 436
690 11 289
49 179 673
32 85 355
481 423 213
963 296 796
891 358 286
889 916 458
661 282 369
312 596 751
287 588 303
97 811 938
632 587 365
333 127 713
696 780 542
578 307 747
429 567 51
524 277 212
138 572 333
483 128 472
428 315 702
791 428 264
973 937 75
126 38 884
368 393 494
493 565 216
880 297 871
897 87 299
302 526 615
141 536 319
638 372 233
205 671 19
495 501 343
726 527 887
241 815 436
8 939 257
549 993 684
892 239 47
752 298 512
561 145 646
875 587 227
949 958 730
960 891 720
26 765 665
269 120 566
511 45 232
798 380 936
335 308 150
988 975 513
387 131 62
574 64 598
931 342 744
576 501 489
723 818 34
939 358 385
881 795 578
763 812 479
442 468 920
402 411 387
636 401 973
877 598 536
870 397 911
690 357 24
110 148 900
976 173 172
691 868 254
679 163 13
446 87 416
127 135 850
308 930 91
217 533 14
156 895 114
941 93 556
595 378 348
972 393 333
973 534 594
815 144 66
55 77 862
522 507 625
766 895 602
256 868 535
95 809 684
570 752 327
576 654 635
795 628 959
783 867 341
710 641 176
153 846 25
701 543 195
761 172 594
332 711 902
408 85 639
477 800 281
146 442 488
671 163 470
793 799 304
662 256 66
741 734 964
697 424 607
445 987 496
577 549 34
260 806 358
335 803 850
159 343 864
514 445 941
318 221 431
505 734 195
85 264 553
890 52 50
893 251 37
352 226 488
556 300 988
849 778 650
929 536 523
482 343 649
963 667 642
821 242 525
781 279 934
107 774 258
156 773 334
9 553 45
51 753 891
553 106 685
634 726 300
328 320 210
587 795 562
56 437 393
652 158 478
968 591 569
985 390 98
867 787 575
350 926 390
34 879 244
627 188 355
177 93 277
755 137 262
790 855 838
918 842 723
144 51 103
910 222 535
218 307 343
744 503 975
405 589 737
190 528 275
604 548 892
437 49 608
172 124 285
143 708 634
409 897 488
730 26 72
809 997 939
437 7 569
401 176 481
525 808 958
659 423 884
857 778 647
284 29 816
754 847 591
622 15 450
515 44 315
961 985 796
869 414 859
980 372 883
702 424 491
967 87 439
952 548 868
904 914 56
747 512 3
27 152 299
445 781 34
87 510 600
210 316 716
42 963 923
267 466 840
289 546 333
619 856 902
278 642 855
868 276 250
725 54 380
251 160 793
969 456 959
760 677 207
351 406 154
375 630 156
24 69 20
178 710 998
496 26 402
155 54 160
596 594 745
451 161 651
371 98 39
243 536 165
591 967 258
850 755 799
71 747 547
596 390 210
392 160 591
53 219 919
986 491 449
768 669 464
792 531 193
215 955 789
954 166 54
153 646 750
292 383 482
32 684 539
397 140 152
494 719 606
390 862 898
965 699 676
389 655 884
842 784 112
808 918 876
160 49 20
769 748 209
659 390 796
92 238 454
114 453 65
526 69 283
519 404 407
91 580 556
503 573 323
408 805 258
509 273 195
338 839 145
645 404 687
987 280 455
861 59 160
830 469 776
567 147 308
638 52 731
563 47 927
44 190 429
642 196 174
671 179 908
280 662 152
276 8 636
717 180 514
283 681 674
329 463 133
865 260 527
273 854 252
570 983 570
515 168 563
133 471 999
594 756 238
95 922 896
219 896 578
948 535 704
819 544 10
822 271 699
699 676 783
564 786 909
352 398 310
176 547 312
784 676 769
420 627 797
332 285 916
490 508 157
730 565 864
488 78 962
558 969 32
687 11 731
73 37 594
10 969 957
215 872 381
382 155 436
160 400 404
229 561 319
619 85 466
453 849 211
338 62 505
260 340 975
564 690 4
79 92 660
34 276 943
826 495 764
928 216 634
833 697 969
498 509 739
514 453 705
610 606 179
643 275 440
834 242 221
894 218 498
729 698 806
116 469 369
357 464 153
618 584 850
537 963 69
416 248 483
77 406 135
485 492 526
849 815 622
974 486 482
973 147 242
187 789 731
753 361 276
667 142 333
108 273 361
593 811 353
372 506 261
952 281 894
339 550 166
730 52 72
761 724 852
684 542 399
284 338 148
522 420 748
929 711 58
776 856 690
955 882 617
897 185 934
610 347 216
896 793 649
613 549 147
441 909 49
376 497 998
347 895 209
402 773 58
378 576 366
886 213 749
338 903 219
400 338 198
538 939 276
376 295 582
880 501 948
976 753 580
326 476 473
245 288 295
296 155 40
696 437 623
72 803 967
200 240 212
313 618 261
527 278 204
839 277 713
751 0 889
267 317 784
56 99 803
726 902 372
480 782 867
664 126 599
956 951 888
865 965 386
824 949 407
363 584 703
186 409 322
575 834 570
404 251 337
197 140 306
640 305 848
823 176 65
476 491 386
697 448 449
737 29 624
995 923 861
972 24 518
588 58 893
575 388 380
848 7 516
818 286 351
828 692 906
770 861 601
140 914 474
539 144 764
268 361 433
805 564 142
665 972 78
778 272 416
902 596 564
376 332 813
734 541 269
925 394 723
684 236 113
879 95 389
706 228 668
694 326 943
202 79 895
661 634 378
715 602 206
664 996 404
89 314 939
533 312 312
17 325 198
774 138 385
819 846 625
83 767 624
731 124 317
969 690 822
695 466 702
28 671 436
50 180 453
873 261 939
186 108 830
262 53 700
304 966 494
441 367 446
799 863 686
93 249 313
453 962 408
63 725 251
908 224 421
621 426 453
992 106 92
410 75 360
616 604 368
244 494 901
638 769 304
984 344 988
372 529 343
21 100 540
707 585 499
237 266 729
448 615 419
700 17 669
431 257 709
707 849 629
156 609 457
379 4 297
781 798 495
559 821 250
222 131 179
371 233 669
305 456 87
155 106 416
89 361 573
822 224 982
485 43 434
530 64 572
613 768 87
117 584 778
801 330 257
25 666 165
364 413 530
458 145 761
712 976 816
813 869 221
643 12 331
166 796 339
412 109 64
683 548 827
348 594 857
804 92 285
905 119 748
27 573 626
89 313 268
654 508 502
722 540 719
716 330 812
621 181 755
434 506 514
884 514 428
174 526 557
740 826 123
662 826 468
838 825 775
132 127 826
869 667 291
849 316 355
240 857 959
635 992 716
785 50 85
6 448 378
839 222 777
939 407 488
828 175 535
825 573 886
52 738 329
917 900 786
811 775 250
367 667 615
575 277 246
358 756 741
315 921 690
420 639 166
788 922 455
927 415 500
749 251 252
975 310 577
738 376 387
771 892 997
431 200 403
958 670 262
119 859 490
947 260 302
364 327 523
982 407 112
524 365 706
607 870 553
436 966 24
370 263 179
332 418 457
386 260 997
614 923 191
235 820 966
709 377 978
11 866 332
560 807 463
736 448 410
747 759 327
362 102 552
45 192 990
430 818 586
704 924 874
4 154 394
724 134 500
600 274 11
403 175 783
887 786 566
100 545 335
427 553 518
770 619 108
49 973 365
624 522 795
208 721 935
823 955 340
414 664 921
541 608 974
649 106 964
942 603 347
578 656 976
186 969 317
506 625 65
939 55 946
119 362 445
339 456 3
946 951 114
277 592 873
313 322 103
119 588 965
246 543 870
510 546 243
502 910 160
633 611 90
956 562 223
379 810 596
53 101 964
843 974 409
507 721 694
702 240 667
111 760 462
642 563 549
195 449 39
918 636 955
915 287 345
126 615 633
168 53 967
0 675 828
95 653 215
477 638 53
279 678 354
342 842 705
434 827 6
86 536 417
62 921 465
399 146 474
576 461 364
657 42 849
8 74 763
367 265 102
906 126 353
262 724 574
543 151 563
702 902 156
42 809 608
630 660 270
403 137 953
176 837 548
68 877 591
670 833 601
139 36 284
492 913 964
668 482 159
860 428 880
905 609 690
15 311 764
553 433 386
697 641 481
752 835 387
557 577 566
647 347 961
750 928 207
958 338 737
191 81 859
984 517 347
246 741 187
777 618 255
274 644 461
625 539 55
699 508 456
406 652 929
419 390 184
351 831 971
530 277 883
886 609 465
254 283 159
732 860 655
967 678 626
71 987 330
860 349 249
701 931 975
979 137 664
86 310 862
489 758 100
552 857 369
668 289 628
863 678 329
