250
51
241 158 510
243 40 336
73 124 605
201 147 265
74 211 687
197 196 558
94 226 643
198 175 780
114 89 177
19 193 382
58 28 807
37 59 23
224 223 742
180 41 106
209 221 329
237 66 251
124 130 96
179 204 7
2 9 6
62 26 168
240 5 181
50 58 425
191 137 90
123 113 18
0 122 294
105 54 169
133 121 337
177 73 500
215 139 580
16 233 388
40 64 672
67 218 637
49 61 115
92 37 556
176 80 15
62 103 186
165 147 71
199 237 878
192 98 362
28 4 710
229 160 747
2 37 104
186 209 675
0 39 216
231 140 415
96 16 988
209 173 436
96 128 729
192 20 634
86 110 756
9 28 998
