1000
6167
84 630 507
36 262 670
293 846 914
226 938 914
238 649 450
876 444 527
324 207 533
707 32 560
525 122 798
748 562 319
197 629 279
465 143 768
658 500 764
94 747 284
762 217 807
377 426 686
622 428 893
791 928 926
136 914 639
676 649 511
381 53 740
919 284 102
626 47 382
901 239 592
891 426 737
999 203 580
999 756 585
246 459 867
336 559 704
949 508 500
205 891 773
848 209 976
771 157 623
375 510 467
520 799 898
481 997 28
561 710 964
661 10 667
303 755 19
934 217 866
443 347 406
550 489 65
561 544 923
99 642 268
91 702 774
514 446 800
550 406 592
142 725 27
124 915 17
292 553 95
555 738 403
610 570 607
456 113 744
708 94 461
142 986 765
577 149 896
704 686 387
937 457 931
98 366 743
689 12 402
882 604 256
193 352 356
191 44 580
253 433 234
22 445 418
8 89 400
846 279 658
914 108 686
769 416 134
128 722 961
623 774 981
766 689 225
336 338 236
965 480 757
262 738 768
961 984 199
725 24 672
242 904 940
135 863 805
53 734 991
739 834 115
635 451 276
500 387 386
935 119 281
152 811 602
953 520 165
414 687 542
507 338 399
375 733 302
544 861 929
508 693 475
545 304 135
387 446 764
491 981 907
815 321 466
671 909 143
959 65 264
566 241 65
434 791 720
516 273 317
777 286 261
691 547 970
498 123 137
157 987 508
466 578 718
217 41 503
358 93 214
898 332 929
622 32 898
900 478 253
893 823 487
429 740 874
267 656 438
923 271 12
781 246 204
87 560 940
825 951 151
451 976 235
378 898 964
131 773 430
24 867 962
736 2 211
536 894 799
403 109 476
797 941 289
424 144 723
959 989 459
181 73 932
468 607 306
477 469 527
439 191 267
443 945 217
660 671 810
33 870 758
309 816 258
903 807 727
845 779 864
110 810 600
358 437 657
939 957 679
410 946 73
726 280 346
702 599 992
88 707 635
559 351 927
921 411 211
688 426 498
581 562 295
803 776 508
216 38 959
944 436 224
814 589 355
612 424 837
90 982 453
285 727 175
853 159 125
325 850 362
268 941 700
324 737 538
199 80 316
25 905 882
93 508 360
244 997 181
174 558 990
974 100 303
182 786 941
856 508 966
94 742 350
200 400 748
611 736 775
69 807 164
751 503 224
687 505 912
967 471 554
664 688 734
143 818 343
401 203 994
515 465 462
637 123 479
96 468 63
827 503 275
711 553 479
184 193 476
359 406 850
730 383 156
451 233 200
273 20 529
550 726 88
953 898 742
85 727 637
567 953 354
741 301 379
334 527 450
825 323 970
571 840 552
406 753 110
948 58 716
782 911 243
70 15 417
838 688 500
659 865 446
598 673 753
890 581 328
552 235 147
927 276 977
9 183 57
199 411 196
534 417 960
914 172 787
582 960 775
233 683 688
630 273 289
65 964 433
691 752 129
954 72 291
257 823 264
811 760 42
973 523 891
36 251 618
908 737 6
372 628 105
697 765 545
962 974 175
72 671 762
274 147 279
369 968 866
119 220 339
595 716 433
915 162 248
449 508 164
23 698 86
278 546 145
846 291 460
849 449 70
508 169 990
187 230 989
410 951 864
410 708 667
866 19 60
954 984 600
611 948 441
570 782 459
110 137 173
187 63 186
757 590 974
435 483 57
979 512 940
81 734 103
360 762 42
656 267 641
422 379 887
108 882 330
362 698 870
549 110 980
960 909 281
205 119 420
421 596 344
350 880 78
363 898 115
273 773 722
195 901 986
581 295 277
919 791 246
496 839 469
369 182 581
780 183 691
768 116 145
282 335 319
1 479 40
625 737 529
390 407 210
140 585 651
798 894 140
131 135 656
905 913 921
129 692 715
471 127 903
358 771 339
54 301 843
499 649 270
876 116 961
151 955 143
797 510 459
438 616 605
842 384 294
764 32 394
805 314 245
590 8 247
318 719 163
485 111 374
415 785 225
982 602 263
666 324 835
819 201 530
795 398 326
25 818 646
18 838 898
296 807 411
234 549 294
464 844 72
663 854 802
934 659 335
937 422 646
442 947 76
908 1 560
141 897 235
124 150 762
325 186 592
775 152 775
721 503 233
66 337 971
845 5 258
231 344 890
573 227 410
556 738 716
878 482 691
865 316 127
160 148 940
820 610 319
80 823 685
712 400 199
543 314 235
912 854 581
465 439 626
387 674 735
813 204 590
280 914 695
788 154 400
989 435 327
635 717 395
48 431 586
504 795 54
105 274 521
285 892 328
724 170 947
617 869 550
188 47 158
28 125 872
145 504 791
698 885 259
914 837 482
182 557 213
285 810 128
379 365 702
79 96 624
909 508 13
786 352 427
33 620 134
844 525 692
231 293 589
802 97 622
700 962 511
925 707 995
553 493 35
418 609 80
226 975 226
181 616 395
220 842 719
903 484 544
486 485 367
472 990 133
41 485 174
798 179 543
909 989 25
452 411 250
928 570 771
374 444 323
338 211 265
843 77 261
959 414 623
689 872 324
818 248 189
160 278 488
694 827 365
100 250 409
179 416 578
25 169 297
298 69 849
381 184 981
921 734 566
952 313 572
93 137 188
441 657 775
673 852 515
670 696 834
946 998 610
455 568 719
619 677 310
58 899 278
242 501 308
927 136 797
92 509 514
200 143 958
430 208 47
273 556 650
760 192 316
333 526 996
120 543 871
658 364 260
289 343 798
974 110 471
433 467 343
677 177 484
698 463 483
177 228 971
623 205 119
192 42 519
438 142 315
117 623 850
17 711 993
15 550 766
231 414 182
886 877 375
673 442 364
173 135 172
309 562 998
514 108 671
126 18 236
119 441 824
813 631 361
199 743 407
301 638 725
579 679 801
927 174 941
300 65 215
48 983 104
513 855 283
627 315 866
616 523 748
47 887 662
751 422 569
154 737 170
471 10 323
848 438 497
813 875 447
11 330 419
862 258 935
34 212 982
626 533 25
576 468 594
121 385 170
723 94 840
225 690 716
495 811 998
295 456 582
884 984 24
925 384 78
291 413 104
868 513 244
412 875 477
953 756 629
141 223 81
95 969 56
450 419 705
42 771 948
519 521 930
457 312 943
950 832 247
864 696 291
259 790 235
343 404 452
261 139 484
8 575 758
524 174 645
84 820 169
477 962 966
366 623 42
256 354 235
10 424 969
81 295 559
588 509 338
89 429 262
996 21 730
671 640 123
672 703 252
198 593 845
449 438 40
380 478 158
72 361 159
807 166 361
990 443 724
35 216 885
916 104 689
222 62 764
290 426 817
862 510 456
781 918 661
522 343 57
170 789 380
33 143 201
987 378 68
30 81 807
846 844 246
8 706 16
115 627 440
694 545 527
806 550 468
434 925 444
294 80 321
445 521 229
571 999 39
823 883 296
648 233 510
496 776 598
494 320 499
161 967 172
839 903 614
527 148 598
129 251 888
647 765 956
698 866 349
21 548 299
825 20 729
82 874 546
341 506 42
24 517 32
230 404 645
631 312 272
210 845 955
905 534 915
82 515 165
672 600 959
940 481 494
397 572 548
54 683 558
987 482 322
518 729 956
866 164 948
485 696 173
722 952 119
773 386 183
527 225 226
595 645 813
226 604 901
700 690 359
481 949 946
860 636 343
568 487 851
631 875 699
732 850 683
457 14 948
140 228 811
200 969 577
836 335 469
434 231 892
834 278 847
154 635 316
388 917 861
390 427 352
102 338 908
104 722 855
890 984 68
867 975 557
378 401 815
244 321 468
720 161 587
565 211 4
49 416 441
685 436 34
564 650 551
754 643 351
983 351 282
950 285 976
222 396 224
303 883 228
665 517 616
62 460 981
578 902 889
532 633 454
436 568 235
254 308 515
75 47 500
656 978 543
411 881 323
360 363 336
871 52 61
508 823 119
177 151 404
730 83 157
931 773 329
119 243 974
149 14 175
360 362 445
505 45 984
878 439 316
974 357 757
535 572 591
569 340 867
883 596 37
446 936 598
781 157 25
202 825 559
206 596 643
21 115 601
609 423 568
158 312 588
776 392 248
919 940 981
306 17 96
786 923 31
215 667 225
788 719 256
478 66 613
678 466 39
460 516 127
826 748 510
719 740 939
70 818 920
206 245 522
958 849 738
217 491 22
161 10 69
891 153 308
210 836 451
66 612 163
770 844 559
488 836 5
385 165 340
803 293 850
550 939 661
286 725 371
675 221 625
671 443 469
362 833 694
708 950 940
57 817 719
715 875 959
459 126 502
3 946 647
54 645 921
377 931 75
937 916 835
89 936 660
954 119 408
133 994 593
528 451 333
384 781 573
418 192 979
143 568 270
135 593 825
155 860 535
170 452 179
441 611 939
168 834 59
675 466 463
631 494 909
782 463 603
889 33 290
97 442 535
394 820 398
956 525 229
251 469 787
350 471 472
709 928 383
921 762 273
638 244 196
549 524 688
531 442 361
357 933 557
552 809 478
810 217 653
778 847 861
706 519 886
396 392 885
333 184 652
483 757 333
817 406 443
897 357 851
214 299 419
761 199 439
756 891 819
378 206 722
716 481 735
406 23 598
446 609 116
461 870 585
727 9 181
537 23 628
194 569 984
331 379 994
119 637 939
804 423 273
788 973 926
728 670 889
679 872 29
417 780 463
216 76 83
960 736 174
15 855 531
636 498 128
10 860 245
775 254 820
471 87 834
933 578 987
736 203 118
139 443 805
130 764 368
772 731 51
431 844 644
288 235 171
970 74 325
287 505 416
718 577 882
513 802 100
352 358 645
608 264 711
267 999 648
481 915 892
829 500 789
834 284 8
714 686 302
21 893 251
213 327 940
381 802 659
793 726 67
676 567 863
201 729 231
12 722 254
167 28 511
677 662 409
28 226 17
403 99 640
675 841 923
21 420 10
603 493 480
794 186 577
876 24 690
477 400 746
928 443 606
649 471 389
250 768 26
859 725 458
865 121 881
791 533 264
605 368 332
634 438 282
127 474 408
164 25 576
307 519 410
942 23 126
36 998 94
181 439 230
369 773 325
564 708 957
336 965 144
341 836 410
362 300 494
19 52 499
802 209 108
796 329 223
724 204 363
840 5 286
869 341 948
933 974 604
981 98 449
936 848 958
724 816 310
585 739 789
592 193 791
170 216 185
141 245 138
626 225 495
333 442 219
891 116 371
523 211 962
341 532 81
950 644 646
582 706 929
433 240 103
535 651 180
19 433 619
529 9 572
843 549 635
740 981 555
881 923 267
189 337 192
767 706 615
727 940 812
972 966 594
42 779 313
699 953 573
59 166 278
79 196 729
738 652 427
44 560 104
879 975 848
224 620 963
261 412 21
768 292 876
27 301 491
255 121 626
739 18 144
143 19 117
793 273 587
731 676 327
174 352 281
977 835 82
122 334 428
965 271 310
965 275 715
414 123 770
491 696 624
363 964 357
571 938 950
275 616 446
374 784 508
34 918 408
309 325 906
39 553 363
126 179 901
155 515 539
609 278 492
287 165 780
250 5 302
475 298 677
236 674 140
333 421 961
911 161 200
71 924 531
962 117 332
559 0 972
850 436 98
548 543 92
442 169 192
73 203 961
646 425 72
292 822 984
18 449 446
468 322 744
603 973 724
373 654 805
559 427 277
949 112 303
230 409 29
298 891 346
328 783 247
705 198 777
42 312 2
595 176 462
311 755 254
646 185 366
284 42 827
317 229 541
91 115 766
167 709 379
106 912 953
266 760 752
988 529 39
520 828 48
532 519 927
599 124 567
143 94 864
555 444 260
573 450 741
379 61 267
58 55 483
566 843 869
243 517 289
479 348 823
917 76 188
39 77 445
576 350 466
295 94 235
639 978 95
902 386 215
258 727 382
291 860 376
444 104 672
45 703 362
314 448 707
424 866 973
119 68 95
514 324 279
656 615 908
794 967 694
421 879 916
860 293 196
396 450 508
874 416 16
476 194 562
509 436 585
193 304 684
624 590 830
51 744 232
399 981 15
985 855 893
359 368 218
642 310 808
259 517 909
325 675 213
594 488 59
565 726 516
124 931 264
8 343 96
303 444 825
911 16 561
976 612 821
277 907 129
994 351 195
820 89 490
252 359 131
933 950 247
538 628 865
455 849 361
118 149 705
610 873 456
83 284 938
412 536 503
14 194 146
530 364 159
95 611 909
538 528 27
723 581 41
834 215 205
571 704 956
763 569 574
739 158 952
785 477 812
337 272 258
17 41 942
75 962 637
827 336 292
462 617 278
899 121 363
560 818 418
200 756 500
758 437 86
215 111 419
173 447 161
392 852 568
567 176 506
194 256 85
379 331 631
657 407 460
436 829 115
493 248 547
582 108 673
441 486 101
344 914 835
121 583 32
63 908 405
513 619 553
818 66 947
221 358 959
859 9 80
702 705 152
123 388 46
510 169 389
116 791 503
167 182 622
920 192 187
470 846 936
785 779 755
415 523 366
532 59 194
788 283 698
954 69 198
658 566 775
198 922 460
827 841 418
10 402 566
433 837 922
595 256 102
942 562 512
901 9 753
684 31 924
948 863 235
574 413 66
190 402 301
174 164 197
509 828 392
500 854 863
990 645 306
92 365 484
696 920 952
704 158 774
836 346 313
138 160 336
979 572 852
777 408 784
866 433 414
944 19 209
274 331 603
115 357 897
384 483 754
981 875 645
157 194 896
745 316 221
400 70 110
850 588 641
57 169 915
58 116 936
826 865 12
84 202 250
424 338 940
479 965 947
860 831 770
407 55 684
809 937 743
59 511 0
438 642 90
30 0 8
672 781 586
232 918 99
791 386 292
257 350 438
916 807 338
959 683 78
422 160 912
343 230 291
95 583 990
298 53 954
943 214 195
260 839 445
116 615 953
469 464 681
587 867 689
877 604 151
866 163 966
468 252 468
504 913 778
271 275 671
823 918 226
186 385 253
740 712 601
486 282 924
518 479 653
122 499 563
887 803 265
102 191 344
421 810 421
101 204 482
528 195 834
784 138 564
920 627 471
949 331 611
340 100 886
116 546 445
995 39 849
700 837 605
274 722 254
782 487 473
665 284 254
465 86 645
259 307 536
378 110 0
200 97 162
543 84 317
644 487 130
537 300 809
516 136 295
624 725 608
305 361 748
441 602 967
179 848 375
664 646 741
225 612 212
546 353 726
504 330 315
808 457 942
868 144 618
325 1 169
879 552 702
296 638 610
590 292 239
971 446 956
906 433 24
541 535 302
557 176 785
495 437 860
586 65 750
75 550 196
58 183 946
895 280 652
156 42 317
176 89 148
143 584 713
670 110 820
505 253 451
233 83 903
524 449 544
974 663 508
750 848 148
26 587 436
543 719 914
550 139 70
543 670 586
675 29 389
816 592 120
245 533 809
552 704 586
529 984 916
684 472 72
168 387 778
996 522 859
943 8 940
482 132 356
229 383 178
417 75 560
595 860 406
603 438 933
390 532 580
862 168 276
872 724 799
65 92 318
988 328 879
881 183 971
550 900 180
364 217 84
941 88 926
2 214 549
888 976 372
913 231 681
334 313 418
689 890 191
216 205 927
612 68 223
52 664 145
89 937 23
303 900 468
375 788 543
935 943 917
546 466 199
344 884 488
929 758 60
670 184 105
232 15 358
661 803 21
558 148 188
237 351 803
866 775 946
97 864 206
862 286 546
297 199 22
992 5 203
615 883 13
389 901 457
893 603 274
450 75 612
737 870 44
239 249 322
837 414 170
613 475 934
45 506 76
586 26 615
734 460 839
352 423 315
812 399 157
783 123 299
72 33 905
278 540 526
161 23 433
507 959 59
626 430 848
333 78 139
250 499 364
656 396 248
972 455 711
463 764 329
609 894 494
265 492 980
487 770 639
551 36 946
379 331 77
173 692 771
849 719 738
410 912 381
5 117 553
851 70 694
673 481 41
97 206 775
619 538 410
474 451 271
924 797 815
224 92 46
192 10 789
743 818 896
81 82 667
644 305 834
712 468 607
241 537 981
771 780 904
588 952 118
365 954 976
533 732 93
700 96 590
307 623 716
647 200 257
188 131 580
774 458 991
325 678 32
966 402 856
711 282 419
985 102 160
542 833 788
767 248 730
947 389 3
286 334 955
405 492 676
401 979 653
810 74 798
962 744 727
684 716 157
460 984 834
258 440 858
763 117 466
382 187 204
669 911 143
596 538 278
65 344 59
434 712 950
654 130 890
131 529 696
29 41 41
842 214 865
243 231 527
340 894 816
261 273 479
737 722 704
89 851 230
501 169 384
594 735 964
364 974 17
886 354 371
734 396 657
35 332 976
780 6 264
663 883 174
399 155 363
806 485 957
804 798 792
410 245 426
139 880 615
484 929 172
627 759 49
517 864 204
474 58 149
198 99 239
531 829 528
886 373 990
583 877 299
881 74 512
36 546 302
343 522 388
686 354 972
845 430 794
540 636 276
874 611 363
840 135 458
444 247 864
572 129 195
174 755 679
654 670 68
454 978 543
354 641 273
353 581 35
122 735 181
401 862 349
671 159 853
936 489 283
496 686 899
733 23 224
537 454 176
490 937 475
279 868 986
57 603 360
26 678 57
567 602 794
475 982 532
312 296 143
960 308 896
513 671 69
613 951 833
542 853 758
937 523 799
821 560 821
136 400 534
979 108 685
336 906 897
8 240 673
731 175 273
905 747 582
72 470 224
784 68 165
982 524 713
749 384 107
759 245 328
74 856 310
708 117 121
383 676 370
132 349 321
252 765 486
518 731 477
735 394 142
479 248 321
513 819 43
438 257 267
161 514 926
895 826 132
745 201 153
923 385 914
185 994 371
19 435 882
830 859 910
35 606 815
332 47 883
758 166 640
87 884 458
337 830 672
347 286 218
983 27 29
459 970 186
126 629 941
479 235 500
297 859 95
912 631 726
598 828 247
265 18 456
287 119 487
196 436 815
855 884 505
17 454 185
669 96 869
732 725 279
998 799 699
260 192 912
168 602 600
897 597 399
931 260 890
850 742 329
389 633 698
264 667 636
364 210 849
175 780 397
311 954 41
262 291 741
158 946 645
113 313 212
889 517 99
868 688 915
226 758 469
542 245 465
846 452 148
487 419 637
48 563 522
379 259 611
61 886 493
318 472 925
444 182 610
201 750 949
562 704 456
615 200 668
934 146 155
269 375 561
649 59 866
58 144 984
586 358 602
548 121 442
940 600 435
152 492 153
159 116 536
748 187 123
755 347 464
121 221 914
616 724 813
271 274 138
1 991 922
659 327 53
803 667 64
552 278 407
136 628 473
537 95 678
52 671 80
485 42 171
958 454 182
130 207 566
419 824 118
917 672 694
757 780 967
696 221 589
805 538 607
517 605 238
345 483 716
983 209 698
248 860 296
961 416 654
514 7 716
239 422 45
222 823 329
776 273 945
71 619 812
329 24 114
227 944 407
562 263 2
743 244 726
379 407 420
623 907 722
664 365 494
416 254 99
903 961 386
637 158 815
574 413 767
545 759 636
286 182 350
500 608 998
444 105 671
834 130 789
726 632 376
647 59 898
642 712 469
597 544 774
826 905 472
935 110 107
690 29 995
497 584 554
723 692 86
127 654 416
635 27 775
80 550 214
635 579 986
983 213 759
36 11 753
935 475 328
211 434 16
552 440 247
657 617 781
338 190 221
628 260 817
1 259 544
494 788 487
907 150 39
284 315 646
681 461 969
758 605 270
469 9 401
885 753 374
163 393 227
293 420 782
620 963 67
211 788 475
214 428 666
527 702 410
741 433 838
4 642 396
553 889 63
150 928 601
818 890 384
661 278 686
992 558 460
134 228 922
299 980 197
308 227 655
59 331 538
433 88 597
137 637 65
216 955 780
598 393 852
106 392 270
684 578 682
576 823 553
924 248 276
124 724 66
727 920 905
89 485 996
815 773 710
788 76 569
734 467 658
254 272 396
604 265 953
618 619 307
413 732 504
38 425 3
562 114 753
94 238 829
645 714 974
828 954 14
592 394 719
930 527 974
288 814 787
578 883 303
587 54 327
564 527 750
821 484 432
957 71 496
358 802 586
600 793 664
997 259 209
653 32 45
483 494 663
943 999 557
592 939 84
628 167 717
47 469 687
815 476 246
461 791 414
60 602 342
43 599 955
643 341 375
241 941 963
489 679 602
346 665 637
983 414 553
116 631 149
543 383 766
735 259 688
575 946 99
858 427 770
744 88 162
51 698 493
802 156 577
21 16 716
115 24 233
393 195 847
321 366 183
436 907 77
113 793 45
240 426 229
965 245 909
363 105 987
920 160 336
739 751 466
378 837 41
14 675 90
940 843 395
855 408 586
913 492 331
225 986 651
365 190 573
243 72 552
164 849 319
146 33 358
200 509 73
112 733 457
161 343 665
374 511 530
478 899 255
144 824 408
841 100 922
848 872 945
577 308 33
576 113 638
538 617 893
160 208 272
12 653 301
435 679 706
594 246 277
330 741 296
805 804 760
206 343 699
64 706 494
907 375 231
534 824 745
333 93 70
685 954 669
369 327 661
905 743 809
989 765 401
706 589 48
613 686 306
588 804 2
909 949 893
492 297 355
403 480 270
808 952 554
300 938 348
868 965 932
73 381 550
981 413 9
36 762 77
428 261 735
249 485 400
776 981 467
524 242 459
924 6 834
999 341 696
818 842 594
631 915 290
837 508 331
168 170 495
251 6 772
793 651 991
818 566 528
626 357 846
800 764 82
702 38 727
494 402 118
758 455 562
751 289 244
271 628 948
675 694 403
476 544 682
123 900 334
536 786 223
967 566 983
288 952 920
583 834 51
679 81 498
370 503 958
354 626 304
901 786 524
484 318 117
492 192 204
970 226 67
858 202 267
750 122 719
39 537 826
5 588 579
323 279 797
461 809 31
968 726 468
504 984 827
77 100 94
644 748 314
964 743 2
495 728 322
256 452 411
867 130 750
920 359 268
958 492 768
481 58 866
999 40 639
463 283 824
437 338 493
12 20 215
900 762 932
499 893 950
575 401 192
57 751 141
473 661 960
159 129 646
919 567 241
367 821 258
381 438 515
553 235 168
25 260 604
638 240 515
660 531 904
633 364 131
942 153 723
115 655 881
673 855 37
429 244 512
66 856 904
632 972 202
761 892 722
481 491 658
526 744 997
152 144 572
391 209 322
276 30 624
632 4 650
308 230 54
16 131 817
135 740 440
275 822 636
150 496 358
301 908 477
788 423 86
45 441 574
875 773 650
337 604 865
456 486 826
475 442 512
865 835 5
337 624 342
86 269 396
95 588 572
267 191 896
987 468 317
203 928 221
74 526 54
580 52 971
629 55 468
734 133 332
979 372 952
715 29 917
337 445 981
708 839 470
30 563 820
300 9 162
831 920 905
668 307 754
105 563 658
822 610 719
958 522 903
198 136 326
193 222 444
651 141 284
58 543 325
689 451 899
642 317 693
629 621 556
527 343 855
897 654 46
147 660 318
895 738 331
552 611 793
282 591 653
278 931 766
596 22 457
703 363 893
928 828 278
33 452 836
820 77 24
464 445 532
785 649 686
566 250 701
301 38 692
474 836 901
957 330 907
308 981 670
978 318 784
567 134 31
734 218 717
352 222 884
286 726 226
280 328 328
791 147 981
244 474 448
428 291 260
190 469 364
611 260 489
718 907 695
179 649 53
168 342 948
564 445 68
477 555 583
372 601 348
834 852 188
95 979 847
5 187 530
520 618 196
51 446 703
34 317 396
89 698 84
703 479 191
939 196 823
97 664 70
694 121 973
67 138 3
213 792 996
274 155 652
655 177 82
700 149 548
310 851 271
715 46 292
370 284 156
151 822 807
120 918 860
295 469 726
358 705 139
46 219 313
163 119 376
494 107 783
950 234 169
602 8 855
811 171 111
449 805 612
209 296 182
298 356 745
206 785 259
765 860 531
722 228 974
567 958 691
715 299 489
324 279 608
499 795 830
479 210 892
364 469 675
746 983 815
272 806 405
624 499 528
811 869 678
793 101 581
630 822 828
11 736 520
44 599 765
250 308 816
633 718 682
127 428 978
376 431 749
922 588 724
598 790 561
206 685 449
722 642 297
712 214 236
215 900 912
792 288 420
120 732 837
424 299 428
574 70 229
279 604 742
655 650 712
56 78 115
990 634 884
486 210 504
37 619 570
154 514 896
805 627 966
461 684 814
577 668 695
175 711 956
799 647 209
444 140 425
772 839 314
154 29 645
219 55 539
37 157 882
109 19 169
627 121 497
380 840 573
642 871 993
792 827 874
223 584 398
593 844 708
125 660 398
438 862 797
997 108 757
255 817 822
63 550 888
782 566 745
637 608 293
753 853 786
882 718 286
385 474 377
814 398 169
346 212 302
721 886 673
890 638 498
524 580 644
97 249 551
16 596 516
866 766 372
833 68 492
705 6 436
424 515 33
842 206 681
513 139 258
163 973 978
77 194 379
986 108 237
517 275 999
444 298 926
906 544 264
581 198 143
413 994 892
364 432 183
193 770 106
997 848 86
98 340 707
567 625 503
849 859 657
737 723 164
268 84 439
994 863 650
655 151 272
707 509 95
544 671 483
786 91 193
724 216 618
470 188 959
589 379 140
73 115 935
543 551 260
959 801 295
85 378 681
624 362 146
240 889 798
388 249 319
645 210 761
444 858 721
811 276 953
353 867 16
361 878 663
754 982 661
680 511 313
172 956 90
478 793 414
350 857 253
921 7 954
285 47 180
420 975 851
68 946 422
13 667 693
140 177 353
464 528 836
884 948 197
410 694 858
645 442 680
557 201 229
896 944 115
43 60 564
947 684 231
49 302 529
719 970 406
571 762 121
345 263 583
70 745 453
457 951 838
912 223 853
288 307 137
626 678 206
937 49 513
259 187 300
811 359 76
71 810 195
115 89 56
18 993 38
998 780 941
879 215 278
709 122 961
567 184 333
343 404 260
774 707 614
872 57 982
718 788 185
585 832 221
901 544 388
25 255 602
493 899 676
966 2 874
947 552 958
730 822 99
92 422 198
345 572 726
0 685 764
351 976 774
576 495 51
458 725 478
368 111 257
142 975 254
339 717 840
840 334 862
868 885 38
131 35 241
150 833 504
910 659 604
664 943 959
470 616 897
122 218 545
971 383 378
334 686 331
280 210 682
760 931 680
164 409 119
935 400 73
778 838 643
361 530 514
697 803 382
748 907 741
472 620 857
539 181 942
134 130 653
145 292 44
24 304 168
862 158 626
617 340 678
127 291 643
441 736 266
63 968 548
414 173 62
814 178 241
794 965 423
291 526 19
768 755 865
885 524 386
835 563 141
760 316 920
787 635 941
985 925 760
703 891 249
496 366 920
533 614 504
553 590 871
376 465 126
150 824 358
475 574 629
231 882 998
198 42 665
141 912 14
91 452 894
103 871 479
567 518 973
74 705 501
829 426 881
720 81 467
817 682 505
822 458 241
134 173 707
602 661 14
935 729 388
758 940 792
581 597 571
778 564 215
468 363 286
357 247 518
812 697 352
852 213 354
170 78 113
616 7 510
657 131 579
35 564 918
728 886 611
254 638 322
164 250 357
509 547 528
509 894 358
367 689 399
267 984 515
743 625 810
751 791 749
690 154 68
649 36 229
547 132 67
93 487 655
482 431 171
643 965 170
588 116 717
809 324 796
118 144 611
373 611 224
923 874 800
508 994 907
913 326 877
869 804 941
891 66 383
374 8 604
798 905 966
729 407 251
252 765 878
739 898 665
97 817 280
195 628 961
990 272 678
391 862 376
517 958 84
450 463 290
994 685 206
668 719 439
318 427 553
758 633 39
776 675 328
700 752 764
696 815 981
446 607 783
537 374 462
65 203 897
899 783 347
786 676 868
952 945 251
950 49 200
466 96 511
621 747 35
315 136 577
162 4 545
216 745 942
750 827 335
805 746 664
575 487 704
137 396 634
11 316 676
348 304 173
417 446 820
40 998 986
183 931 473
462 77 685
413 430 42
16 418 58
154 967 466
843 942 234
715 404 974
661 134 610
211 256 572
750 895 250
342 691 491
880 761 551
182 902 21
620 367 776
598 619 454
555 839 526
733 305 542
767 450 861
86 66 14
536 132 616
961 94 845
222 144 138
47 290 232
794 107 882
346 293 680
372 8 374
647 725 863
164 378 247
395 408 698
496 352 245
807 369 529
158 177 838
106 848 254
327 812 936
79 490 508
693 623 611
61 991 351
679 208 152
758 378 422
794 801 236
421 44 438
35 911 712
277 158 379
649 576 400
729 114 146
907 752 27
740 79 422
842 262 849
213 579 226
7 756 305
820 631 659
563 474 121
470 562 176
577 677 431
73 312 535
711 652 698
214 788 87
951 313 711
475 687 196
331 764 934
371 395 894
368 641 980
485 970 921
335 160 259
851 920 602
175 74 675
115 62 755
395 220 864
172 325 498
923 677 329
688 546 41
162 888 188
77 377 290
971 764 977
912 818 381
889 224 725
824 531 100
467 295 966
390 653 805
186 334 415
761 967 880
271 232 371
825 790 897
883 993 916
429 921 237
586 324 190
640 431 287
100 14 734
864 427 483
975 132 775
513 742 841
56 136 731
322 848 572
389 233 714
48 65 823
767 575 446
123 169 239
941 918 361
559 234 753
525 646 752
714 169 634
625 387 479
471 142 599
589 362 683
683 70 358
404 978 160
1 40 982
337 37 957
856 91 579
329 90 72
161 949 899
906 606 897
535 72 331
48 930 226
824 866 733
234 819 543
485 122 756
325 586 702
979 30 52
571 465 608
176 611 270
784 71 769
427 596 556
167 516 696
55 60 585
16 947 926
522 466 696
209 595 369
43 392 799
146 161 979
253 368 75
33 860 5
700 886 187
529 566 376
689 94 861
634 136 648
453 803 379
460 239 289
319 315 13
353 945 887
532 794 47
568 335 564
757 271 473
211 456 566
352 672 638
663 22 219
345 207 463
722 209 698
659 670 149
441 106 81
747 399 614
609 851 372
866 972 527
0 445 182
353 488 871
494 582 930
770 878 314
0 810 437
858 34 23
36 881 663
808 427 362
386 251 972
489 69 615
779 384 380
697 224 291
998 876 77
110 381 433
486 934 394
525 642 176
665 568 147
295 683 421
984 90 258
896 473 708
328 924 833
113 729 43
821 935 577
560 815 363
74 609 512
700 678 538
806 97 143
118 87 850
42 217 418
430 880 594
650 885 709
281 352 559
854 764 369
175 161 869
733 798 328
15 807 510
235 14 210
465 501 325
228 442 862
666 262 363
37 302 737
754 697 402
290 839 142
432 34 387
129 329 125
969 645 589
115 875 757
237 899 492
696 51 881
533 520 611
650 782 131
89 295 791
294 70 832
319 174 348
373 26 14
355 137 815
388 220 872
921 716 757
663 409 961
347 152 71
797 608 683
6 33 547
280 676 118
850 679 681
223 228 589
148 67 639
185 365 74
25 442 165
586 65 211
1 694 875
11 419 67
124 209 208
607 354 942
315 530 3
793 752 137
276 847 190
474 68 481
555 532 592
861 980 235
863 100 586
421 273 502
216 464 923
820 380 826
534 19 689
643 597 536
639 990 996
226 573 194
225 163 377
492 873 949
624 443 622
821 572 136
580 235 941
609 164 933
319 503 652
132 909 856
51 292 255
891 158 403
6 413 785
421 381 930
607 85 535
905 46 514
638 514 672
194 908 851
901 918 934
199 688 506
110 175 625
149 514 960
401 858 465
620 792 765
737 722 883
705 978 818
931 608 914
487 42 530
321 905 851
27 752 295
945 590 395
811 210 232
293 995 367
284 429 854
818 312 330
988 949 395
704 183 122
555 780 889
226 707 314
128 762 734
706 384 140
830 698 787
243 141 831
560 756 82
799 911 996
753 978 966
621 276 701
199 333 248
733 686 176
672 15 819
0 577 652
521 947 132
504 846 445
297 562 369
851 558 273
889 665 507
364 253 510
409 790 326
312 308 525
348 680 149
412 667 892
114 88 843
614 72 977
341 513 8
586 288 935
482 393 452
85 159 61
29 779 49
432 712 686
198 111 546
642 777 187
129 695 945
150 329 897
935 431 121
31 660 266
625 515 755
312 944 694
318 248 33
75 491 228
4 365 498
112 575 326
188 962 365
405 188 972
585 126 894
30 308 525
69 82 678
953 678 530
666 515 558
36 103 628
140 0 555
977 927 532
845 22 731
701 955 96
127 871 406
219 943 960
876 764 512
189 2 693
505 443 267
513 654 626
712 413 986
221 199 542
35 132 874
506 121 853
961 628 549
170 440 677
224 595 922
437 945 438
556 605 26
978 45 985
960 813 998
171 371 323
245 752 697
309 294 336
260 892 65
546 365 679
721 221 675
891 327 326
833 322 257
776 343 355
632 33 444
2 263 717
814 933 317
715 505 83
518 499 997
846 456 649
954 740 389
707 223 803
73 13 539
180 534 185
574 443 807
655 755 147
676 400 85
965 25 493
745 945 870
542 712 997
657 705 598
91 684 228
16 397 210
150 531 831
555 351 251
338 300 617
462 375 575
897 272 732
204 900 702
397 781 957
708 271 905
120 906 598
785 103 620
176 113 437
309 334 918
781 227 733
553 469 751
355 845 506
239 626 486
181 116 69
736 97 880
15 454 794
927 201 797
682 867 287
140 497 446
548 426 957
668 774 194
77 194 506
123 536 341
125 354 739
473 545 284
104 17 280
665 166 284
250 739 461
334 802 156
136 958 688
69 411 140
851 922 261
97 941 132
709 50 67
210 671 75
837 122 825
58 625 169
915 62 398
314 336 923
364 376 825
623 949 704
96 614 765
137 631 206
277 786 832
739 153 567
503 990 855
559 256 819
387 435 113
8 991 435
10 221 976
819 359 751
31 201 670
586 917 203
30 449 924
564 97 967
689 576 220
506 214 911
274 137 221
800 449 323
830 886 758
499 766 745
923 876 249
953 199 325
901 740 704
240 924 628
800 141 142
837 631 208
669 575 786
428 581 643
33 137 478
184 696 162
422 652 677
730 764 257
271 774 635
976 920 99
637 553 200
438 337 833
246 346 891
833 312 657
919 231 272
393 697 110
481 582 244
228 237 489
907 34 32
908 737 422
107 71 435
460 666 462
311 286 914
285 231 82
94 954 83
186 177 350
367 965 88
509 829 666
751 594 952
225 573 504
841 752 860
633 375 772
944 767 819
57 369 947
487 544 121
796 575 883
764 37 93
268 875 563
978 988 971
19 351 346
904 966 209
110 291 715
675 512 962
714 169 873
397 745 320
415 264 356
391 621 58
521 694 446
547 234 962
158 666 928
91 405 947
213 815 85
419 118 179
83 552 436
319 366 407
265 4 767
859 555 843
526 130 842
383 476 815
431 31 0
767 716 346
930 6 933
571 447 15
257 735 727
239 870 88
624 356 465
659 26 172
844 787 931
641 735 295
157 381 689
176 985 680
746 446 899
864 514 436
407 79 652
264 127 929
786 518 445
339 519 540
326 384 86
881 796 954
176 153 435
103 181 19
371 228 701
860 730 155
300 733 623
246 684 582
890 770 749
863 947 735
276 630 749
246 842 590
109 522 902
576 171 862
69 521 102
782 574 394
159 495 681
570 889 367
564 327 656
76 791 198
421 856 375
605 587 764
789 854 141
334 222 965
390 825 465
960 804 166
620 482 788
824 852 37
335 390 476
877 892 434
793 533 427
3 889 941
249 104 699
558 438 188
936 411 71
4 685 134
679 612 22
576 857 208
501 830 74
288 992 887
388 195 333
342 25 309
759 82 205
396 557 960
648 492 794
180 365 428
695 236 311
614 618 349
247 885 569
316 578 6
729 351 599
538 827 134
582 504 421
379 919 816
880 204 623
95 350 52
965 206 513
285 941 136
302 262 53
621 976 801
590 364 468
352 331 468
227 187 855
484 569 192
841 556 77
849 265 754
425 814 770
93 560 338
910 795 827
644 683 815
632 244 799
467 606 576
247 280 931
507 741 515
128 588 502
160 990 769
493 554 589
867 335 837
138 140 428
861 19 757
385 923 740
779 516 832
488 155 347
927 830 320
981 575 44
316 827 882
646 483 770
367 245 897
473 448 161
707 337 409
17 890 244
86 672 379
132 933 810
537 162 498
190 383 769
553 763 652
970 189 523
465 350 176
179 101 49
51 754 47
970 872 405
249 59 128
620 129 322
469 315 951
287 425 754
679 873 313
805 389 988
797 739 228
685 126 385
973 804 909
428 457 249
555 46 708
846 665 225
922 508 963
556 950 430
454 825 392
637 750 402
42 450 861
539 607 653
596 24 54
741 341 83
326 494 916
941 222 516
563 985 498
128 227 942
996 43 42
374 39 246
394 101 710
726 43 269
977 481 3
148 16 192
81 400 595
224 392 134
312 127 110
428 593 417
735 944 958
232 260 447
395 118 751
872 367 72
463 738 548
439 535 234
347 784 510
434 811 887
553 416 356
550 487 415
916 52 853
716 348 676
901 368 830
711 280 484
894 52 259
795 624 507
970 662 555
74 809 483
68 297 428
998 204 77
912 622 118
115 308 817
271 184 217
451 278 696
390 332 639
564 413 800
223 759 335
854 999 370
599 321 367
475 484 508
140 102 561
193 444 69
785 524 585
559 61 551
359 791 632
328 442 919
816 613 607
16 749 137
976 181 499
260 497 89
713 82 717
158 716 699
12 956 461
935 775 225
423 56 406
766 113 741
610 727 248
745 993 365
748 697 153
720 271 590
364 223 890
309 278 505
379 374 423
629 402 417
143 564 40
426 533 968
170 877 333
259 970 496
757 24 470
530 571 543
76 863 102
171 375 878
324 456 661
911 66 404
643 516 908
73 341 620
238 378 971
370 105 16
243 679 433
553 680 384
793 754 305
833 670 475
771 431 188
393 94 42
741 123 940
704 432 707
94 512 318
663 250 125
621 171 829
864 625 879
665 622 570
552 43 875
997 510 504
47 91 19
135 783 294
501 45 184
815 675 315
126 186 230
121 984 583
769 848 949
252 989 592
429 471 972
393 977 38
828 23 86
852 397 458
890 637 346
840 256 902
509 909 62
414 359 951
168 126 208
521 133 30
982 265 410
339 37 26
154 214 486
367 58 274
392 585 703
245 235 758
480 758 400
300 491 108
917 605 130
129 402 563
26 315 530
325 909 950
605 759 548
708 8 859
740 460 357
936 823 366
724 508 962
148 587 186
501 309 347
526 571 138
941 947 435
892 130 49
831 143 284
221 47 873
867 174 208
524 9 148
666 114 129
690 574 206
802 52 940
918 270 435
217 955 720
620 746 753
500 273 744
735 822 104
443 480 40
653 158 687
416 531 560
512 513 480
53 934 868
935 84 138
614 421 99
807 826 808
848 740 415
623 991 856
860 47 717
951 140 962
183 472 800
808 831 854
648 340 131
205 56 680
27 163 392
781 821 95
53 760 755
745 726 799
217 417 848
362 95 194
797 828 218
394 689 150
234 6 721
876 851 331
489 742 251
286 579 317
619 711 933
262 737 954
808 493 498
385 224 59
269 862 144
20 988 309
886 799 86
12 316 948
477 488 244
777 557 753
708 246 723
680 923 806
397 362 958
908 669 761
896 897 877
944 629 768
490 14 52
437 702 585
70 985 827
176 78 432
374 212 591
964 882 279
469 46 499
29 393 754
862 63 309
284 709 561
815 418 963
671 920 700
495 402 902
620 583 838
393 466 411
18 390 802
854 843 11
981 579 972
368 717 676
989 479 422
377 551 345
337 454 603
721 895 127
93 605 643
621 232 409
863 996 187
994 430 780
910 721 319
604 792 380
846 129 216
6 166 305
758 622 769
558 633 87
809 637 432
357 659 597
144 135 704
459 181 758
403 265 944
810 648 602
100 934 812
49 702 320
73 419 781
279 944 839
977 884 463
672 973 85
653 800 206
24 141 103
913 291 995
788 736 22
322 602 770
158 923 178
670 428 255
285 905 845
84 534 119
446 910 772
977 650 186
286 924 100
975 231 997
587 182 792
812 843 760
304 944 972
727 987 923
171 860 436
255 504 541
95 321 641
720 537 208
141 176 544
515 9 46
49 246 92
174 46 190
876 224 458
52 606 580
118 780 94
961 395 124
719 650 57
202 141 484
667 615 31
483 80 444
865 166 182
334 570 957
21 90 99
833 809 952
467 74 654
481 719 266
810 328 45
973 912 771
662 797 856
266 144 707
506 112 302
777 826 301
967 766 896
959 348 905
909 977 693
497 395 481
271 777 346
762 834 601
890 852 113
921 752 272
628 117 784
751 303 873
431 924 387
956 395 694
236 365 722
801 816 684
177 677 615
514 847 337
741 914 270
995 984 388
131 653 327
411 436 922
656 24 780
982 829 275
550 71 67
361 212 537
184 259 134
590 795 588
784 71 899
207 667 621
630 25 377
552 136 675
972 133 817
555 814 685
295 788 353
463 840 716
481 553 533
608 97 898
764 972 848
418 596 899
736 809 218
495 543 634
827 712 81
437 485 202
786 23 268
977 511 401
789 94 473
102 294 21
811 600 14
716 531 886
521 127 877
194 802 147
650 996 808
75 459 986
136 606 116
389 395 803
70 42 298
701 54 270
316 605 864
688 65 488
954 855 760
531 394 331
329 31 243
934 87 755
221 785 186
350 455 429
555 152 551
138 763 44
197 224 463
12 842 694
209 218 434
553 417 637
835 361 773
407 695 32
437 26 944
217 21 476
415 839 332
869 994 411
501 446 300
907 61 713
460 354 11
242 186 520
564 450 757
428 150 362
210 500 489
690 619 334
75 431 929
243 688 777
64 53 110
768 905 68
207 856 640
343 14 733
110 867 419
511 624 354
257 351 16
837 569 989
546 325 600
300 143 236
658 473 324
126 334 899
502 961 283
330 888 239
363 455 740
818 431 289
992 897 496
485 153 404
892 785 470
193 222 138
259 814 244
712 297 550
194 163 807
533 363 974
542 510 3
145 601 90
662 423 790
747 576 36
332 295 257
769 655 198
151 775 399
95 3 898
305 533 835
421 910 116
186 827 74
875 377 966
21 897 879
847 216 56
52 735 228
984 534 324
591 57 913
371 423 670
511 791 462
398 38 95
901 86 677
209 600 695
748 303 183
71 950 70
850 495 760
873 264 313
939 596 484
640 372 415
203 654 747
375 569 730
783 337 61
363 217 647
661 510 931
597 9 934
997 515 778
420 683 858
127 988 334
20 100 799
431 863 975
553 685 967
512 841 805
874 372 419
705 835 293
63 866 283
50 926 11
945 22 670
98 192 353
951 754 236
661 812 180
551 380 283
931 733 464
854 481 984
554 884 234
957 294 664
364 418 522
733 749 987
549 959 7
279 507 433
239 471 677
645 547 493
697 832 389
11 19 587
988 411 248
492 962 85
681 556 262
800 660 566
275 947 42
312 933 530
487 202 117
207 475 979
589 598 444
805 10 814
289 844 318
821 263 517
512 332 233
338 952 883
899 58 217
14 295 839
989 919 898
675 709 521
834 536 519
430 901 812
378 639 881
948 822 167
188 319 393
732 650 965
387 250 677
933 701 271
569 713 980
278 834 903
735 608 139
73 252 352
145 394 940
26 299 786
999 859 431
947 872 42
129 853 329
484 814 375
978 408 38
363 611 250
720 127 127
230 728 359
517 860 38
458 215 572
407 320 28
586 419 233
594 912 908
141 834 145
947 49 948
77 655 414
220 565 549
226 6 455
56 721 997
516 793 238
560 860 611
844 610 799
711 71 82
208 705 664
245 757 814
944 68 934
194 131 963
75 18 937
1 465 812
590 199 75
510 397 806
769 904 411
690 520 813
769 237 214
491 964 645
629 997 185
483 589 486
747 438 799
365 923 585
751 172 804
654 984 234
367 33 400
604 664 784
506 336 793
59 317 199
417 967 904
751 45 984
575 666 568
527 881 78
417 447 116
497 175 317
573 419 478
825 745 632
291 640 692
902 617 357
493 304 276
222 984 448
132 795 344
192 292 217
852 810 682
964 8 521
119 555 543
696 211 23
926 132 503
167 942 543
872 350 152
648 861 400
298 67 51
232 675 386
691 686 221
954 321 917
291 738 838
758 644 121
546 57 447
647 574 646
861 277 289
849 885 105
151 942 498
515 672 668
913 863 543
74 658 801
964 890 997
807 163 456
888 225 930
953 539 790
423 538 530
205 484 396
179 606 298
15 407 347
604 436 253
113 164 670
132 962 930
950 128 808
315 656 437
619 939 130
194 437 619
939 995 7
289 842 877
731 964 973
382 68 746
352 155 834
101 381 870
567 974 481
735 527 142
922 363 786
994 949 75
176 936 729
24 438 950
477 907 466
533 885 292
374 421 474
456 732 382
271 987 752
461 124 95
662 31 560
671 340 771
523 872 937
425 550 787
598 527 283
814 585 758
450 720 879
608 925 314
445 545 652
521 872 218
497 556 688
670 673 989
281 473 231
814 133 118
989 641 793
921 723 587
360 898 352
91 670 708
445 568 786
512 704 572
244 677 644
950 204 208
730 798 107
598 53 303
138 522 78
767 711 306
961 965 429
43 841 475
528 376 688
533 869 885
494 433 911
39 618 184
956 362 94
644 390 114
636 726 472
591 592 510
349 59 195
466 58 657
721 870 654
264 52 717
377 249 964
157 597 588
165 665 608
388 315 842
687 141 832
999 269 436
286 873 790
560 429 808
888 610 366
788 427 133
610 209 184
512 919 201
187 374 159
568 101 628
284 824 529
896 611 64
183 85 993
473 145 334
887 662 478
281 176 245
632 179 510
669 756 222
551 883 469
312 585 834
370 399 323
599 236 774
801 743 193
205 596 862
280 515 292
681 582 883
407 418 439
707 660 316
562 160 120
654 353 83
768 44 93
647 984 440
915 342 750
644 295 905
241 864 85
380 384 455
72 172 703
394 755 794
687 703 456
832 898 244
894 174 496
942 292 154
699 415 658
59 544 870
965 239 286
282 316 272
1 494 960
681 81 764
973 170 482
824 16 683
194 958 734
890 505 4
651 77 758
792 117 666
378 975 321
265 106 95
368 504 907
352 663 92
890 947 311
142 278 276
883 720 707
832 250 896
287 744 825
655 679 512
169 530 1
50 577 595
198 273 552
65 989 923
414 565 14
818 761 799
615 633 730
926 845 30
168 308 121
561 116 1
179 951 194
803 548 93
312 879 108
939 566 412
791 486 19
687 465 675
267 966 575
858 886 983
31 54 614
206 965 903
978 877 5
511 10 854
208 215 824
445 277 42
37 626 355
426 141 843
687 781 549
826 57 814
725 372 793
936 514 145
833 534 66
837 393 663
628 53 175
571 9 589
393 782 989
686 569 76
142 330 355
395 624 271
677 584 89
551 35 49
340 806 497
847 866 993
965 989 203
615 969 542
702 620 253
708 646 366
330 189 468
668 363 272
618 537 357
884 121 119
970 140 453
474 16 504
965 867 557
101 200 538
209 403 9
636 934 274
668 501 402
330 137 922
778 189 434
876 226 731
367 925 682
483 252 827
443 763 697
989 153 658
742 888 701
808 608 636
495 890 926
552 643 822
787 373 277
459 768 765
837 884 408
179 764 170
119 415 263
714 624 635
997 599 845
920 401 667
359 39 646
664 71 593
0 443 959
406 753 531
129 175 552
634 105 384
595 572 523
153 906 265
978 751 146
456 65 9
684 538 877
288 947 812
509 40 853
868 834 319
788 161 933
837 719 202
231 804 494
183 242 63
767 87 285
402 797 444
926 566 442
524 429 675
822 274 71
385 309 263
255 804 279
774 127 908
911 762 877
636 98 396
604 358 531
183 274 155
422 326 933
738 395 737
839 75 229
376 53 687
959 533 562
463 818 405
424 807 538
49 106 233
586 388 963
526 261 741
562 801 568
566 64 77
913 783 181
191 673 918
310 745 359
679 16 313
14 993 595
720 914 314
381 108 640
965 782 358
515 633 181
582 228 136
738 906 367
303 430 37
199 701 42
913 323 330
460 309 923
410 217 812
307 537 89
915 655 377
641 137 97
111 645 897
27 147 509
108 979 322
941 524 843
108 501 589
19 220 970
681 178 747
310 852 719
78 452 443
717 8 560
637 110 13
887 171 660
909 3 736
34 342 587
431 438 440
480 753 722
305 144 437
631 105 923
429 664 202
960 369 601
111 294 172
957 837 448
356 228 962
635 996 853
160 699 82
896 833 409
487 614 959
507 901 261
379 685 720
540 17 155
332 764 668
358 119 19
754 666 986
916 376 525
922 719 414
68 419 909
26 436 181
951 730 88
293 992 763
678 756 830
783 99 947
252 651 351
82 427 131
580 239 417
338 868 247
581 648 133
869 205 119
283 245 58
33 402 185
218 450 779
402 197 957
88 579 341
379 985 285
626 126 11
871 440 528
78 898 612
673 690 346
98 128 296
708 648 917
428 177 212
377 43 736
114 678 81
652 1 991
661 989 414
106 686 572
939 808 719
214 306 852
88 232 94
41 263 702
749 275 68
496 425 935
366 758 403
878 525 64
980 338 274
787 673 529
522 89 63
297 556 956
216 474 638
810 769 233
825 700 542
646 633 848
639 29 811
798 641 381
97 319 591
241 113 634
231 251 499
173 242 330
631 656 490
62 563 199
178 28 499
760 358 700
331 126 897
677 654 523
880 704 272
204 600 607
708 68 744
240 433 91
523 672 525
882 167 149
265 978 589
70 589 941
393 363 986
658 743 126
13 641 854
480 526 136
588 426 642
447 837 462
389 592 809
346 556 598
268 830 648
211 208 608
186 129 89
363 141 412
688 741 708
320 347 758
186 187 271
848 819 330
0 31 1
421 499 235
298 330 535
376 206 220
776 742 955
87 397 297
597 636 76
720 531 446
742 773 990
75 522 650
758 525 824
259 119 723
102 495 537
611 721 690
258 921 31
645 978 152
269 806 99
58 840 917
833 827 814
768 894 745
615 939 340
360 442 428
978 401 170
718 810 183
431 969 995
555 223 18
705 748 566
835 557 816
138 818 539
940 185 34
760 700 352
544 413 555
958 512 414
251 584 689
168 15 18
926 452 846
459 553 62
446 848 175
297 658 421
858 501 355
918 759 543
321 158 507
255 952 300
748 256 718
638 831 31
212 649 785
198 899 51
996 148 433
404 586 958
27 62 512
373 219 444
464 360 239
326 781 138
668 601 546
700 407 424
502 821 222
986 549 623
778 883 169
929 34 835
170 675 321
474 144 516
625 228 594
62 918 30
189 524 130
791 443 265
572 528 94
484 801 91
649 723 10
157 842 8
10 785 646
786 819 801
430 141 226
265 555 325
276 291 49
901 796 49
468 183 1
755 938 418
823 97 726
206 185 851
873 386 407
13 902 46
347 498 968
653 564 91
733 646 341
883 638 871
302 25 345
942 575 935
20 864 14
265 626 532
13 737 231
838 851 929
96 228 663
219 321 559
451 520 295
20 14 904
272 851 135
153 35 791
781 744 418
15 370 473
177 944 473
629 790 644
222 792 859
622 435 345
987 684 140
301 492 950
702 638 451
331 152 741
92 347 231
388 681 423
939 250 686
617 614 444
367 717 340
331 820 327
256 629 413
209 813 194
361 123 197
687 449 665
430 624 570
465 448 338
367 319 281
284 632 129
295 875 230
670 300 667
19 703 882
543 623 107
486 570 60
484 269 510
111 800 891
62 723 546
440 156 813
845 993 251
162 567 69
911 173 250
521 652 37
779 957 595
84 727 329
761 316 692
330 921 583
372 964 933
968 177 707
79 629 344
763 766 971
319 977 122
103 209 17
934 516 373
336 322 442
888 707 243
658 976 579
881 11 538
870 772 724
296 394 369
101 188 730
867 75 975
76 78 860
788 319 300
21 345 248
704 300 444
376 984 343
506 818 87
491 908 399
425 77 388
347 197 652
686 223 744
893 843 815
66 530 261
61 748 986
365 623 122
669 876 461
356 562 369
354 511 422
491 804 565
909 254 292
607 692 473
66 981 773
673 904 762
310 32 765
839 750 717
156 17 279
341 967 492
146 477 31
194 960 712
278 689 43
146 476 419
358 274 119
212 448 256
191 237 254
698 61 415
764 207 898
396 151 553
269 172 351
558 600 894
518 269 525
975 661 855
558 605 443
28 18 29
815 783 911
219 927 137
324 282 248
391 707 767
259 931 861
722 277 517
69 780 135
743 487 706
766 20 836
136 597 15
63 780 646
213 424 444
966 227 940
360 561 871
423 723 255
172 951 711
165 770 698
456 447 817
134 384 251
835 165 653
295 266 745
269 686 692
27 571 594
232 567 293
775 322 482
178 419 70
303 57 727
634 16 736
392 111 913
267 978 848
733 680 312
885 866 664
358 645 722
166 329 7
675 85 328
143 329 182
473 886 94
491 345 333
641 804 997
829 159 146
470 54 531
219 581 294
515 868 767
698 684 941
836 375 694
311 527 911
935 957 474
788 847 838
668 35 87
499 743 484
335 247 419
876 850 993
640 310 801
663 520 784
56 679 907
489 106 900
416 682 602
317 233 326
14 393 741
312 19 150
809 30 186
995 30 891
653 141 630
908 523 303
666 171 134
675 72 770
741 910 917
625 763 192
918 294 740
893 601 636
532 738 839
286 384 977
151 350 532
692 813 466
981 526 893
121 439 341
402 662 344
855 225 195
263 786 761
544 836 205
911 967 584
40 363 343
1 265 313
690 838 562
595 779 736
796 561 718
252 441 966
416 351 718
494 601 676
208 522 796
332 518 121
964 830 945
795 342 385
413 361 492
54 506 36
621 880 46
360 197 735
295 775 361
245 993 449
431 244 866
267 8 4
714 689 118
233 915 112
675 958 721
152 266 324
169 638 195
806 453 619
470 93 85
595 852 7
312 575 518
464 694 914
450 263 24
469 838 41
617 858 921
602 448 921
931 511 672
87 374 885
699 897 152
495 78 148
56 851 431
969 478 3
926 0 201
423 334 256
770 586 237
172 275 777
167 834 472
843 344 430
469 458 949
295 365 701
965 802 277
754 232 16
539 833 732
309 908 698
283 321 363
973 331 423
506 531 980
213 446 364
540 830 556
851 205 74
450 278 810
510 3 204
257 9 305
117 763 442
509 627 483
229 410 217
824 414 808
310 175 846
544 552 579
530 64 372
144 704 321
513 944 154
882 219 31
727 804 715
904 429 56
138 167 305
869 610 254
198 437 138
393 464 868
839 384 610
392 552 207
912 650 752
453 306 382
168 403 104
168 896 855
904 390 831
437 992 992
37 54 639
500 794 808
0 512 385
955 847 184
357 542 969
882 375 935
426 926 886
535 137 800
641 54 741
276 958 142
307 532 704
878 783 619
20 487 542
600 846 143
605 833 495
252 304 126
740 280 104
114 549 7
277 834 411
283 859 584
902 560 526
980 910 299
285 565 603
220 881 981
903 385 951
685 51 981
726 585 14
982 262 924
233 958 997
526 612 206
474 349 220
575 888 997
279 66 40
165 418 9
486 971 599
70 983 857
24 352 701
728 596 120
646 854 11
935 635 160
786 134 883
756 163 895
136 212 425
679 439 904
846 723 632
737 832 469
137 831 542
444 116 372
678 178 621
431 579 749
734 809 704
642 266 106
382 137 131
45 292 831
880 650 350
534 336 456
997 302 616
105 796 156
36 172 997
732 153 98
577 274 5
843 900 552
49 964 630
139 693 912
218 332 839
870 775 31
676 123 768
657 555 507
783 601 901
706 477 48
748 436 611
547 600 858
438 857 847
166 649 825
485 767 263
549 867 815
41 361 74
199 578 886
920 374 894
870 342 326
583 323 129
399 884 700
934 876 823
266 708 906
535 895 33
267 700 379
494 64 834
969 840 922
821 41 413
3 98 648
120 122 312
469 827 469
203 481 44
420 445 286
299 160 920
218 160 465
389 378 427
821 890 664
740 698 397
594 126 720
245 696 314
18 355 532
121 54 261
405 207 887
954 306 600
989 905 791
29 945 628
814 630 630
625 301 651
31 671 73
344 517 615
53 889 785
562 698 861
996 128 279
609 700 445
567 474 605
765 760 759
636 377 327
805 382 278
710 741 425
832 966 546
59 129 548
912 506 904
335 278 122
542 480 955
314 659 240
908 411 231
992 573 849
21 530 623
798 489 205
935 487 441
993 678 739
341 772 835
491 883 533
968 127 459
248 199 486
550 644 121
952 97 707
880 540 890
151 700 95
932 784 788
428 416 856
216 594 227
576 801 957
177 713 257
425 653 652
234 882 731
614 893 168
440 486 292
980 503 65
656 655 7
30 491 541
927 505 386
474 115 202
902 354 889
741 485 859
393 120 732
252 577 703
327 795 728
207 734 968
594 916 5
152 140 263
78 271 611
734 201 980
380 203 17
44 482 744
811 971 126
217 919 800
473 689 627
870 310 85
685 814 733
818 237 533
828 987 104
947 393 529
266 315 185
620 362 758
831 804 854
536 419 320
578 322 590
814 478 274
298 812 269
348 468 379
502 17 376
188 755 492
330 620 832
405 62 853
133 238 368
968 501 597
391 817 130
587 739 626
790 400 638
139 606 958
515 239 747
440 106 945
291 501 786
923 540 740
652 862 526
443 524 852
562 841 774
412 750 730
206 426 113
484 836 844
460 650 309
119 319 617
431 861 926
486 304 158
486 814 393
570 322 31
509 370 372
124 217 456
484 485 685
431 534 716
374 177 492
965 639 962
846 360 174
254 805 371
368 362 639
450 57 907
37 367 699
148 82 764
460 286 280
984 785 456
323 971 323
252 489 128
842 292 657
292 84 671
408 750 175
870 517 547
927 608 873
152 210 226
607 288 295
373 191 12
384 330 156
923 583 450
426 704 656
783 794 50
237 67 622
561 302 967
567 779 385
473 91 642
585 211 791
28 240 360
636 879 566
557 965 260
123 344 316
536 239 551
731 893 665
927 335 117
611 474 806
77 841 334
755 937 78
63 160 807
80 129 908
790 542 633
666 926 60
48 83 603
459 556 794
263 40 959
593 720 466
323 451 130
627 781 792
825 947 941
970 519 997
845 148 797
507 590 987
459 996 106
201 760 21
440 94 106
271 5 952
831 589 309
108 526 297
143 290 270
43 480 668
167 856 164
607 829 99
597 419 274
820 447 364
697 457 883
601 829 595
724 807 567
73 289 60
780 278 527
266 733 247
102 404 257
118 453 60
606 247 354
937 561 366
889 898 337
214 33 242
347 54 555
528 661 776
689 523 285
384 635 20
302 462 292
113 862 860
97 492 511
430 470 794
441 52 757
572 149 549
674 690 901
61 256 189
963 210 904
675 187 619
689 696 976
276 13 561
834 433 16
18 357 685
173 197 312
355 914 635
50 173 753
445 364 698
343 399 333
168 957 246
456 38 592
61 911 424
896 957 521
822 508 758
972 297 297
977 545 471
633 153 808
459 181 328
917 851 513
481 657 658
271 805 401
488 47 642
745 670 490
382 337 552
473 740 591
679 813 317
727 450 704
724 402 559
49 694 484
368 753 593
188 56 496
206 790 765
632 306 985
536 747 438
911 837 309
702 537 838
538 381 217
718 682 443
156 499 665
635 720 179
396 369 316
575 514 702
177 379 937
880 500 975
724 380 872
577 485 517
938 826 182
5 551 625
703 215 347
518 612 233
515 780 233
138 79 968
342 5 305
935 748 869
589 654 953
793 687 537
423 24 775
408 887 979
331 865 367
610 369 456
521 572 642
922 385 972
41 284 830
87 261 840
331 843 275
611 215 217
681 107 861
144 457 924
286 907 294
165 959 825
554 70 797
1 562 314
278 301 202
204 583 420
778 564 771
750 52 640
847 277 166
960 756 701
154 302 511
651 453 58
508 989 165
299 704 808
621 377 622
120 218 65
54 193 120
361 321 482
452 871 580
498 16 398
842 908 10
884 692 106
513 245 427
262 337 14
392 549 644
303 643 848
560 466 837
785 779 988
715 99 447
355 594 169
899 107 450
851 660 221
81 914 219
85 643 369
428 184 707
110 685 349
290 824 524
41 695 561
613 673 546
516 136 467
83 945 58
762 799 372
783 43 304
933 684 919
85 317 796
638 516 316
736 613 778
588 249 967
933 663 246
767 631 997
751 481 807
438 462 968
593 336 335
166 3 250
540 355 759
422 59 440
598 738 120
544 714 658
171 434 242
922 306 961
898 872 701
626 65 178
730 638 53
527 596 597
695 975 647
295 39 26
464 941 936
11 783 223
40 478 760
813 80 499
351 630 31
788 61 556
879 698 40
713 508 751
269 324 425
721 600 641
457 229 953
124 637 633
578 531 589
751 907 770
898 250 857
627 542 367
886 622 294
100 653 732
530 865 195
483 324 498
170 936 710
76 463 72
354 163 945
260 46 800
731 776 788
776 282 203
401 523 652
677 188 884
422 634 775
50 512 50
617 230 834
678 593 196
356 984 432
768 161 560
972 622 722
674 553 967
936 946 469
543 705 723
556 540 733
840 781 16
411 960 574
461 145 920
435 627 960
908 532 16
156 234 651
146 986 473
915 154 415
455 108 294
724 662 759
500 456 897
87 441 768
317 852 581
10 978 361
731 586 376
603 357 403
549 624 186
718 262 788
932 554 981
730 342 461
650 34 294
476 832 821
560 188 989
287 754 618
418 511 539
636 291 401
397 200 689
538 239 613
839 527 403
984 565 771
491 661 521
841 746 960
17 923 799
658 389 820
354 388 379
466 535 363
472 316 678
531 853 944
187 636 552
278 115 965
844 18 805
821 422 750
460 545 33
830 409 436
367 877 198
37 540 328
360 774 564
84 41 902
630 846 876
178 645 712
651 954 752
140 446 337
770 234 917
666 291 333
273 627 758
466 121 123
184 351 869
368 381 78
580 723 14
776 233 51
224 648 726
483 967 664
823 227 521
673 9 117
63 384 268
676 256 316
205 454 788
30 172 394
583 492 703
760 890 487
208 853 81
31 867 67
955 598 104
424 791 899
300 768 221
997 27 706
269 976 409
568 382 767
676 890 370
572 495 530
416 75 411
870 518 912
779 697 353
607 968 456
573 358 263
730 848 873
534 615 90
73 235 66
434 461 958
310 243 318
79 712 245
341 554 987
446 433 171
364 99 878
518 583 343
403 826 815
982 150 445
375 365 861
935 337 133
293 133 811
930 133 202
372 192 9
493 767 937
103 980 754
531 375 447
926 583 971
536 824 751
22 320 993
693 225 210
601 77 424
400 930 602
41 4 411
393 490 583
751 621 109
70 411 371
146 79 46
607 664 816
195 490 424
12 332 329
900 190 430
278 931 141
654 491 184
732 595 387
148 911 724
108 138 144
80 118 217
631 778 451
499 655 402
724 266 655
412 911 141
403 796 657
754 410 293
548 633 208
480 793 223
934 584 856
324 312 973
360 546 132
270 453 96
345 718 234
0 711 533
916 628 934
695 685 594
164 725 244
670 930 403
279 564 963
56 895 547
580 554 452
260 171 658
477 490 354
549 291 168
269 892 670
291 954 21
74 193 579
111 206 505
126 988 581
207 567 65
468 601 79
941 432 128
642 380 360
940 471 877
975 822 888
989 93 391
369 127 325
409 231 488
105 27 950
211 799 576
671 376 856
277 695 78
610 890 560
734 478 630
350 363 522
627 719 34
643 662 788
796 595 581
171 540 107
219 199 690
279 836 467
235 841 192
656 533 44
128 549 760
69 154 509
861 220 317
58 998 244
64 171 938
520 546 563
322 269 650
933 874 692
225 260 479
76 938 78
610 744 664
342 552 400
664 55 773
873 236 312
85 113 946
474 418 197
273 271 908
250 635 540
429 14 736
292 414 810
38 784 913
985 542 10
136 182 831
261 29 633
882 278 420
410 195 864
998 875 851
951 747 120
874 458 500
505 876 494
62 312 920
85 208 992
125 418 367
659 270 342
530 539 955
36 64 565
728 738 666
953 875 825
161 103 123
225 16 154
510 985 374
716 674 504
860 512 583
58 176 121
291 573 497
3 183 241
123 859 678
82 468 262
960 220 756
408 636 888
295 533 125
763 587 446
616 12 66
856 336 53
137 709 740
684 551 958
951 665 65
40 668 718
528 606 813
790 984 13
529 335 960
96 739 327
366 396 174
295 120 727
895 742 343
900 6 155
532 758 936
401 868 345
113 283 912
228 987 708
410 448 809
523 542 167
475 467 331
900 510 830
737 592 639
43 680 957
398 94 336
841 873 687
410 458 620
555 281 452
916 9 135
907 346 284
598 672 949
541 184 255
801 902 376
841 666 918
824 713 648
377 82 262
165 412 813
3 115 808
326 569 299
160 630 134
976 557 393
39 147 974
4 166 465
552 787 602
175 923 275
744 690 566
952 995 114
635 228 798
891 965 269
556 52 229
492 433 861
557 849 537
7 172 304
944 161 54
60 219 247
370 486 711
125 778 569
456 561 766
29 202 550
67 57 145
836 216 573
712 102 99
81 837 923
257 408 391
992 876 636
315 456 802
837 160 266
633 166 288
677 631 239
613 900 303
450 871 701
749 618 760
40 442 983
971 152 115
318 571 112
160 144 401
473 851 776
946 801 213
651 838 960
730 598 496
363 970 826
578 727 19
869 317 142
199 903 368
263 713 437
223 488 979
645 641 578
666 89 578
547 379 496
35 487 628
441 149 685
636 629 551
599 863 120
941 999 847
774 376 157
605 561 150
503 979 771
311 219 73
144 961 887
949 203 8
959 280 721
251 662 896
927 625 974
918 618 200
237 158 632
574 466 706
459 172 851
332 469 815
210 40 239
717 198 245
746 852 54
949 86 206
716 971 864
23 230 122
609 52 417
530 636 597
303 468 969
389 776 710
100 786 652
930 366 244
662 618 705
931 341 615
480 206 125
380 507 839
20 416 714
889 855 202
325 455 763
302 409 124
573 9 179
898 428 828
865 981 650
533 930 758
411 353 741
250 334 983
473 906 821
547 122 821
651 129 436
855 923 632
291 688 473
384 400 594
795 510 43
773 423 211
839 581 898
792 340 598
152 916 785
653 483 816
49 388 19
988 194 434
595 585 945
857 994 555
247 31 367
834 867 625
386 433 590
322 64 636
681 183 838
57 736 276
846 180 937
10 156 343
181 486 531
682 85 329
453 399 612
789 669 204
527 229 706
116 587 689
441 72 392
869 30 732
321 441 269
447 15 157
75 477 451
620 846 605
965 832 675
395 936 441
141 150 973
293 16 355
174 671 185
86 503 814
573 738 730
29 693 540
990 633 502
628 0 555
818 657 937
705 29 148
669 624 727
218 826 368
520 551 698
482 673 435
507 684 863
636 777 948
90 262 439
921 756 550
142 653 793
215 811 995
431 575 237
893 273 559
874 164 802
359 49 924
988 936 979
746 551 348
314 456 254
215 615 361
288 278 899
823 420 351
540 6 8
81 947 485
193 632 132
663 198 8
812 733 284
955 235 544
516 563 745
401 418 556
497 692 126
252 0 673
627 433 9
493 873 200
591 102 532
121 925 912
578 779 116
414 667 618
93 340 884
86 546 772
442 223 104
148 758 312
946 439 586
620 624 447
29 706 412
667 604 369
369 361 621
112 556 458
919 284 205
666 373 774
640 134 264
810 660 481
208 446 21
276 398 434
317 543 360
846 839 561
618 26 246
957 62 708
280 854 347
420 328 839
890 190 218
408 276 559
581 701 856
526 529 264
817 241 298
807 312 69
337 779 512
319 478 934
403 470 226
998 288 24
985 672 667
289 161 795
70 805 602
469 414 803
741 238 871
511 254 517
394 758 673
0 133 551
748 742 149
719 406 176
804 691 728
920 480 410
504 831 769
797 646 527
41 791 980
210 652 216
248 537 795
426 542 840
491 150 257
444 115 299
388 882 217
880 954 367
631 182 596
573 929 586
335 14 138
154 903 348
924 947 713
200 214 807
236 88 670
128 344 561
395 675 799
158 884 771
999 86 323
147 465 286
495 961 396
105 782 564
96 744 932
788 280 820
971 320 480
619 160 621
167 987 371
6 353 874
981 122 104
89 856 223
281 655 25
507 358 345
88 376 305
513 695 704
12 54 293
731 456 77
793 998 315
793 770 768
188 90 896
674 278 379
962 688 643
999 211 563
364 948 684
650 854 856
793 486 523
232 358 653
97 26 142
985 623 588
50 955 892
226 652 179
134 768 666
53 501 620
935 825 492
747 80 529
527 660 28
31 853 749
364 818 165
168 603 141
796 701 604
966 507 927
55 280 307
327 134 503
937 761 342
759 436 972
162 264 577
439 622 307
303 85 19
298 849 519
77 143 555
798 326 599
222 261 851
33 941 940
98 981 158
521 437 617
0 731 684
470 672 288
797 239 902
173 106 449
174 268 86
810 923 678
174 320 243
726 254 685
306 524 500
471 132 570
290 212 720
128 938 671
844 248 819
305 123 545
708 327 787
820 538 560
225 670 576
650 200 166
622 956 489
799 370 173
1 417 810
249 743 47
205 833 792
984 750 397
479 837 874
853 903 356
22 66 783
140 505 690
181 29 633
692 825 400
869 891 902
712 106 395
747 794 546
489 937 56
766 948 514
203 323 869
419 858 941
0 837 844
147 436 360
415 859 694
547 175 607
50 666 389
975 808 794
444 523 286
465 698 195
401 659 978
465 23 832
140 871 663
76 46 245
39 915 596
149 105 281
258 835 812
594 660 849
627 827 546
670 779 119
728 613 751
780 742 986
809 654 92
609 354 506
146 117 764
840 231 475
209 339 351
123 928 721
893 147 42
377 815 789
920 181 871
439 776 398
25 778 507
378 722 626
360 765 122
979 127 650
227 477 551
705 818 740
753 232 616
225 272 710
92 240 229
751 473 545
742 753 872
678 762 388
761 271 100
337 357 213
63 652 257
862 3 709
829 437 576
381 261 414
304 879 797
785 177 141
32 973 421
385 504 48
762 838 832
56 160 389
801 569 629
790 222 992
512 985 230
176 427 918
885 367 35
968 321 176
230 417 109
767 360 399
856 273 489
854 425 816
924 988 312
692 977 849
344 661 519
116 840 668
611 410 245
191 72 824
224 563 252
73 149 488
206 779 364
267 410 549
656 318 728
34 786 514
117 88 610
251 264 833
270 246 442
979 687 281
209 698 355
616 709 415
401 156 438
696 503 12
67 927 871
365 302 540
908 884 276
820 511 122
955 859 350
764 897 191
873 617 475
486 627 122
925 212 802
798 676 954
896 572 845
929 429 938
814 869 574
327 174 775
599 771 638
282 182 159
858 927 491
101 751 896
644 411 338
682 4 555
692 90 513
301 924 901
689 39 942
304 48 725
873 899 147
577 688 235
629 805 522
476 877 105
851 572 960
25 417 825
461 103 882
340 948 677
195 21 262
368 601 486
969 604 872
324 445 388
914 180 663
726 937 60
979 105 31
567 602 248
874 941 489
658 178 214
255 276 51
198 39 446
78 933 697
404 807 697
223 47 692
617 463 274
997 943 747
501 968 136
225 773 885
102 645 538
292 514 421
459 41 422
555 29 88
959 942 16
42 169 375
809 470 381
904 233 180
509 522 770
538 168 696
432 55 412
541 198 627
477 151 237
265 150 723
648 923 328
841 769 194
811 406 784
601 283 327
532 802 400
488 78 87
54 526 249
776 68 437
743 744 356
355 986 634
927 737 4
476 637 895
482 872 662
633 638 896
437 930 879
114 99 698
596 538 855
183 972 969
426 553 970
994 934 224
48 362 419
973 420 796
972 577 993
348 940 35
622 903 395
25 466 311
70 889 268
974 545 116
111 160 59
278 492 452
724 932 322
75 710 57
432 997 991
227 175 29
390 77 412
229 654 37
517 246 594
516 710 713
189 39 89
62 71 78
900 490 170
601 615 266
208 419 241
97 44 773
63 312 722
805 338 839
275 626 620
672 846 810
875 494 962
159 426 889
667 118 142
976 172 901
676 415 90
351 224 592
732 842 329
547 707 678
393 695 362
711 801 960
110 280 846
789 958 643
370 306 561
423 758 966
938 770 188
477 44 245
883 658 659
479 891 110
599 256 46
939 476 344
469 837 47
204 234 562
750 283 650
413 586 824
813 261 145
366 339 57
339 574 607
184 260 947
476 567 663
796 222 206
616 391 598
731 326 120
787 215 294
139 3 664
917 21 749
55 609 359
403 958 550
40 819 812
862 260 503
92 9 150
668 78 405
332 862 401
483 469 432
829 672 922
138 18 313
680 27 924
172 284 982
728 688 523
478 225 148
279 120 120
153 698 702
653 525 232
906 489 65
425 961 166
896 507 227
881 515 588
48 716 238
61 955 878
810 87 956
389 373 376
560 609 702
521 480 396
568 89 505
863 551 525
505 817 593
421 202 938
840 3 114
780 678 260
345 514 62
346 711 363
155 67 31
724 374 613
8 565 519
58 95 864
933 458 2
355 913 953
682 900 357
310 879 292
26 250 851
345 496 457
790 871 225
622 846 980
678 335 356
682 267 624
456 780 641
157 126 596
889 979 231
987 472 371
269 475 555
728 843 928
252 899 752
808 656 85
747 739 954
908 202 979
645 989 171
545 397 679
26 952 852
345 653 216
246 388 652
295 306 407
89 700 569
597 518 935
481 106 765
768 177 484
129 57 795
249 649 354
556 881 688
208 61 267
620 227 836
463 131 287
751 431 258
87 680 342
523 601 497
997 262 827
516 638 831
166 339 12
351 670 117
1 645 650
629 288 111
469 550 368
285 401 82
151 518 927
321 541 309
187 141 325
21 861 630
826 406 111
557 748 14
243 568 413
604 113 502
862 280 689
406 110 705
254 771 290
76 252 970
474 389 534
160 665 421
739 565 193
146 919 634
923 598 724
431 87 122
379 218 601
77 318 503
546 980 175
21 853 64
426 775 946
663 36 593
52 351 266
575 505 956
871 943 422
318 770 88
210 66 136
398 569 626
745 111 660
236 592 638
425 888 331
673 20 663
969 94 783
291 598 655
367 467 14
47 631 689
611 137 686
751 567 955
223 124 474
255 489 61
294 340 998
442 743 290
125 209 578
950 733 525
611 130 652
3 631 347
398 714 31
444 136 660
249 91 715
137 924 366
781 970 19
434 99 311
392 173 865
74 483 512
123 802 304
10 36 850
731 188 644
275 936 852
793 993 7
591 865 139
487 935 147
260 646 319
707 493 703
805 881 624
806 312 27
645 324 690
803 369 880
637 266 771
237 199 438
489 408 257
376 43 966
148 499 709
847 596 333
418 596 247
773 10 483
810 165 26
999 296 32
238 893 625
836 603 866
402 90 951
855 625 869
657 453 979
335 409 65
527 348 907
853 399 262
990 21 796
299 383 933
821 282 425
18 638 982
953 623 126
690 731 910
360 973 536
42 105 532
247 101 237
743 920 410
504 851 775
713 889 247
970 297 556
861 948 948
190 462 424
863 920 18
55 67 208
658 6 270
685 878 33
568 644 364
978 205 621
965 915 928
593 744 403
528 114 86
860 959 653
904 808 5
543 323 624
235 839 563
210 375 615
865 562 688
530 836 524
59 883 639
119 819 587
437 704 3
444 856 377
60 438 126
192 301 227
181 516 74
316 735 983
123 921 728
475 305 567
703 13 767
253 908 407
189 542 476
997 450 900
213 643 858
799 748 712
33 223 688
353 244 854
926 57 734
136 869 194
507 774 366
802 491 956
331 665 440
650 794 376
565 645 831
201 671 458
190 245 662
777 644 617
937 380 198
624 621 578
245 709 386
136 750 592
172 537 144
39 753 966
345 378 703
152 370 439
612 673 150
184 578 52
949 686 40
184 852 797
513 940 269
852 762 495
910 723 568
321 678 953
594 718 678
137 561 531
310 595 155
114 56 12
75 364 447
640 216 874
205 51 207
195 884 801
796 45 663
866 186 769
917 915 301
607 786 839
257 661 282
771 895 964
851 4 992
787 428 536
431 996 23
42 756 664
43 623 74
900 617 89
109 561 99
905 103 18
674 518 600
365 73 304
667 859 524
750 920 99
290 697 612
102 85 321
532 852 39
284 778 291
802 589 310
746 604 153
543 694 367
60 872 345
433 323 274
658 591 679
516 643 868
50 942 694
465 867 21
206 214 351
262 12 183
230 830 693
706 486 979
219 808 303
545 34 613
815 239 410
997 575 90
754 963 801
684 31 693
803 618 579
974 990 264
748 696 708
467 530 180
81 143 845
558 173 935
446 118 264
123 76 996
220 888 358
109 572 508
213 724 984
55 384 884
850 461 245
875 412 867
266 96 996
343 577 580
666 838 375
663 238 229
725 489 953
584 842 858
457 569 813
246 840 89
478 915 668
162 342 728
321 945 833
976 958 90
372 153 206
973 179 311
884 325 780
859 714 89
524 825 129
632 366 731
476 619 869
764 186 619
261 425 154
610 233 382
619 756 656
683 750 59
617 454 169
611 532 19
521 783 655
355 527 186
889 227 208
222 577 362
987 684 172
106 302 849
518 352 11
903 331 112
878 480 741
363 40 412
224 966 914
349 33 728
32 482 538
350 719 862
884 10 505
111 304 242
258 186 405
449 30 856
597 123 730
714 571 373
990 738 404
107 986 162
796 159 749
562 630 380
523 569 620
265 575 255
679 215 211
825 748 825
147 826 876
30 481 324
349 438 590
652 546 87
785 916 682
141 638 478
565 992 255
788 227 364
848 225 819
167 152 563
704 54 120
48 792 545
96 390 645
258 161 894
378 727 280
264 521 554
3 295 524
186 372 677
9 775 979
503 535 81
24 685 563
20 477 661
313 674 772
132 191 495
626 692 165
463 935 582
524 915 349
378 757 670
887 923 650
517 359 823
555 987 510
400 723 372
306 367 298
965 838 45
835 746 516
122 68 384
117 924 768
951 815 41
878 837 950
90 207 725
483 502 570
362 543 569
886 962 815
907 138 114
560 917 291
374 382 323
876 473 378
957 398 98
504 659 191
343 643 559
143 854 259
687 574 406
583 429 0
773 286 655
379 566 849
38 567 384
615 512 150
170 490 355
307 188 453
106 485 900
89 595 819
179 486 893
511 723 869
389 296 206
540 708 931
554 967 938
868 579 596
75 470 425
646 889 590
13 715 269
283 404 171
637 20 315
250 727 182
523 721 904
286 228 480
814 581 481
10 968 500
359 416 842
898 2 701
144 731 847
895 174 263
111 774 783
584 359 824
590 460 929
788 2 553
843 352 400
917 3 654
330 236 924
513 544 87
590 92 797
891 768 90
59 684 445
549 488 378
5 829 557
446 571 230
753 111 622
718 705 350
142 822 945
220 816 949
551 965 518
166 250 617
786 361 810
308 350 52
108 242 296
463 271 542
157 53 897
789 645 78
44 200 515
188 652 542
642 886 295
782 657 217
252 728 598
661 264 675
626 536 520
86 171 462
588 39 362
444 493 203
313 971 37
533 312 650
411 3 992
820 292 119
682 70 525
420 958 608
496 741 208
392 748 64
522 675 484
778 391 294
339 253 705
694 839 750
90 810 639
592 252 921
551 945 922
192 114 726
68 806 36
626 901 848
852 392 292
215 669 132
455 865 571
73 217 574
172 818 26
659 634 155
882 468 785
865 390 642
27 904 531
436 172 202
88 280 130
546 896 121
65 98 230
281 929 793
349 851 769
324 43 429
294 592 284
963 879 707
976 714 149
852 807 559
228 779 92
304 737 877
818 179 865
655 72 892
825 526 518
334 878 10
711 44 793
33 125 688
575 436 723
736 786 560
648 80 701
997 670 949
303 84 474
214 549 84
935 439 308
805 120 94
689 189 262
197 590 937
672 47 115
667 531 671
91 330 725
128 236 66
652 192 451
477 472 874
547 482 631
558 375 294
17 495 767
394 954 122
727 32 714
540 328 279
40 836 332
531 71 176
365 791 30
767 386 364
440 987 10
611 208 311
765 179 550
340 261 451
881 391 630
293 805 665
652 180 677
252 131 637
314 262 194
606 194 320
379 484 892
394 582 185
575 882 732
777 297 611
414 192 284
464 713 513
883 159 878
680 29 362
517 971 860
119 582 17
557 169 824
549 333 520
940 316 182
278 163 566
601 666 120
798 808 717
672 45 633
668 971 492
289 835 6
407 301 833
363 333 577
999 651 550
987 888 129
561 621 416
791 909 959
283 190 408
346 418 559
204 649 981
354 410 951
135 124 669
336 157 153
384 976 337
126 388 629
558 250 272
572 385 344
910 543 191
191 194 532
126 603 632
43 935 686
541 991 564
598 338 308
164 492 252
466 200 919
547 935 811
405 197 505
745 726 937
823 657 74
695 208 492
496 714 342
904 17 808
410 570 215
19 854 385
462 667 335
534 478 707
190 410 269
344 687 433
837 680 146
687 802 774
930 544 442
587 202 994
564 577 328
293 644 509
805 193 548
416 21 679
399 112 182
612 276 58
133 220 616
745 725 606
591 221 230
350 866 943
850 716 941
933 745 284
794 605 829
760 527 731
29 384 493
174 794 44
633 798 999
108 781 290
526 879 496
179 613 689
763 753 424
897 381 878
821 461 545
119 177 721
148 892 684
749 520 100
694 743 472
515 266 321
238 499 956
964 817 506
636 292 31
213 795 561
597 452 306
338 763 978
42 32 659
98 724 240
499 742 967
387 143 926
289 232 160
607 161 48
666 818 108
148 920 955
990 292 479
579 606 684
784 919 54
385 407 855
684 37 931
675 305 418
896 752 695
423 478 821
221 751 551
369 781 586
753 410 764
5 13 57
801 132 935
93 495 543
988 771 459
276 204 936
370 535 315
203 557 999
551 660 483
779 993 569
599 8 947
739 236 133
944 374 294
449 999 286
869 310 129
534 963 617
246 927 318
15 864 466
296 415 73
562 532 1
801 59 889
884 602 910
244 74 587
308 493 634
749 304 477
188 590 72
30 94 120
80 147 647
186 707 549
864 787 836
49 221 125
533 887 8
319 166 499
110 508 652
747 866 256
871 14 642
31 858 565
435 316 815
11 557 791
25 580 342
500 327 755
842 210 321
284 765 852
3 693 539
283 226 597
451 367 492
222 947 432
672 772 538
414 150 481
370 248 297
902 595 413
127 870 84
605 262 153
726 576 970
202 474 824
332 178 809
849 96 108
897 189 732
23 441 27
787 935 922
373 800 629
786 426 736
884 297 964
426 186 962
721 194 597
403 954 615
914 951 584
949 899 429
999 251 823
256 676 319
625 693 769
775 737 989
882 806 643
148 736 574
922 656 66
717 905 118
615 383 782
875 925 602
275 934 898
509 135 62
471 948 509
738 892 326
400 610 219
219 593 611
923 529 805
610 114 930
700 991 449
935 291 80
796 117 781
962 570 503
757 317 240
141 332 677
909 630 571
8 911 80
743 815 266
531 315 43
867 894 445
497 134 673
237 603 398
486 372 875
43 42 588
321 476 629
964 959 36
772 383 483
653 408 195
207 694 276
560 316 295
698 89 647
267 108 865
219 467 455
985 942 646
996 317 192
50 381 858
739 479 603
836 809 479
754 939 797
126 481 936
231 65 631
559 739 414
803 513 368
138 98 10
242 624 808
976 590 110
287 362 222
72 366 474
570 406 387
695 134 28
596 760 48
872 892 365
326 485 6
69 833 35
192 466 658
90 508 958
884 428 583
691 351 297
761 676 74
208 687 850
375 684 86
735 411 979
222 666 876
22 851 922
74 764 466
114 239 616
182 484 748
968 795 709
830 602 307
265 214 848
