1000
259
798 877 797
870 117 409
160 727 393
287 915 761
110 574 543
919 332 574
929 335 248
737 758 236
872 420 215
565 898 345
365 504 755
456 550 875
681 706 608
711 371 30
883 577 630
609 961 203
574 420 907
483 63 579
835 591 351
216 433 347
849 456 74
116 310 353
51 335 567
359 45 816
370 525 966
435 366 601
926 620 653
831 253 940
654 385 11
506 802 623
791 199 742
527 314 484
433 544 128
495 334 590
641 533 483
307 864 238
471 629 183
142 473 583
283 166 441
891 62 179
366 385 364
82 457 87
635 669 127
726 569 690
61 859 731
728 70 302
375 855 989
739 704 562
182 279 94
887 242 32
483 352 14
630 188 725
217 97 91
369 993 563
822 629 827
276 260 73
128 193 558
895 380 19
73 26 122
44 778 960
69 800 506
959 265 937
200 34 105
34 325 575
769 101 16
866 488 296
774 127 729
315 560 934
730 960 352
389 677 183
851 640 380
790 512 507
557 633 105
434 601 131
62 93 456
838 215 506
118 291 607
929 284 187
248 215 677
743 332 162
389 427 976
244 439 774
304 283 789
801 532 861
380 235 841
446 765 634
658 106 639
505 295 788
590 271 663
926 223 872
574 703 581
611 418 297
49 655 8
1 738 549
442 514 361
670 620 956
505 245 612
884 517 536
897 193 672
104 441 79
796 81 536
499 486 182
837 832 929
116 936 888
446 804 508
489 130 129
713 86 718
752 551 322
455 589 419
110 366 686
549 362 702
571 973 898
755 145 593
737 687 302
843 304 468
952 895 395
307 889 122
250 216 139
735 401 929
988 130 235
981 331 274
580 755 305
522 735 443
612 148 816
865 816 279
238 437 497
558 597 543
312 799 625
945 140 165
790 977 438
660 58 875
708 508 110
576 91 365
671 164 295
505 169 784
185 359 632
506 122 476
624 13 871
822 137 326
317 21 953
460 102 512
638 81 927
11 803 742
546 635 558
667 364 625
681 311 158
609 756 300
330 516 544
638 569 949
512 187 965
269 209 33
452 866 867
110 860 740
916 744 667
700 630 680
142 812 860
22 308 332
147 184 706
765 820 940
184 116 409
755 359 989
382 115 577
711 320 431
892 213 730
914 894 203
167 143 378
188 886 142
484 857 521
504 117 213
74 62 269
16 796 636
71 377 920
479 27 730
513 956 461
160 936 871
368 969 787
920 790 317
208 83 352
472 502 632
6 698 977
261 16 722
458 640 213
303 212 647
356 564 106
602 244 751
782 771 67
135 252 120
574 932 373
196 109 669
186 410 119
770 608 253
592 844 991
212 15 120
861 499 211
639 725 183
177 64 321
990 21 305
277 211 516
71 416 80
463 214 705
404 107 229
816 174 818
882 310 754
250 487 104
704 726 974
204 690 583
315 334 786
145 468 567
703 41 61
441 9 252
963 893 665
549 198 100
21 935 744
470 829 683
240 309 480
285 578 130
418 650 419
69 522 212
415 331 452
349 882 546
832 595 893
910 304 173
164 354 138
281 65 761
493 276 48
894 287 457
696 59 293
567 630 985
26 81 271
811 835 740
940 836 733
451 423 606
79 244 846
618 302 244
953 513 11
677 27 160
597 457 599
99 329 50
443 716 102
602 432 709
936 20 621
3 772 831
752 158 868
766 346 306
62 923 85
55 603 229
168 580 789
782 822 857
64 539 963
366 372 86
178 901 962
572 106 806
776 369 995
482 275 33
524 122 768
609 376 93
930 828 934
410 633 85
998 917 163
