250
51
17 101 232
166 52 277
196 206 868
163 77 270
161 72 649
136 73 595
75 90 57
101 146 775
119 157 200
152 50 503
54 139 41
203 8 407
74 81 775
78 46 237
132 83 324
27 149 954
70 175 976
88 228 467
78 114 898
229 230 297
129 144 819
76 152 313
176 203 804
112 5 385
94 75 111
24 134 383
127 191 653
164 12 668
93 233 667
246 142 305
50 177 46
27 195 807
221 139 796
110 220 633
226 54 150
27 144 410
50 206 378
152 224 25
199 226 823
249 131 709
164 171 692
176 62 603
89 43 972
63 71 495
34 25 345
79 198 575
188 125 819
150 168 846
115 90 301
63 10 373
159 105 828
