120
5364
0 18 934
0 73 753
0 102 270
0 71 860
0 93 48
0 92 730
0 4 686
0 94 997
0 56 984
0 32 642
0 86 841
0 107 156
0 25 870
0 52 811
0 117 125
0 99 339
0 53 13
0 68 223
0 84 353
0 24 292
0 87 186
0 38 436
0 74 353
0 43 800
0 114 59
0 6 587
0 40 763
0 2 406
0 20 186
0 14 316
0 72 643
0 7 174
0 116 958
0 3 400
0 105 6
0 27 664
0 45 480
0 11 466
0 13 356
0 30 806
0 119 13
0 101 349
0 36 18
0 67 249
0 96 718
0 61 968
0 59 507
0 76 62
0 33 138
0 39 810
0 48 311
0 47 20
0 1 9
0 55 591
0 77 801
0 70 263
0 54 147
0 103 508
0 111 347
0 50 667
0 63 590
0 46 393
0 51 359
0 37 378
0 42 922
0 21 791
0 75 985
0 5 813
0 112 310
0 62 304
0 19 354
0 89 154
0 41 49
0 16 955
0 29 590
0 8 181
0 22 574
0 65 464
0 15 952
0 106 187
1 46 808
1 114 432
1 89 596
1 13 858
1 31 67
1 92 188
1 74 677
1 71 1000
1 8 370
1 34 691
1 60 811
1 115 965
1 38 147
1 18 483
1 36 240
1 78 236
1 59 88
1 29 735
1 80 683
1 21 11
1 14 31
1 62 932
1 70 305
1 76 902
1 2 632
1 41 344
1 35 607
1 111 728
1 83 491
1 20 223
1 95 847
1 47 222
1 112 485
1 105 980
1 107 992
1 9 94
1 118 237
1 11 333
1 91 488
1 33 872
1 68 688
1 87 741
1 42 284
1 30 235
1 51 920
1 49 482
1 103 869
1 3 56
1 117 666
1 79 159
1 55 224
1 24 576
1 85 389
1 45 543
1 23 798
1 98 309
1 90 218
1 32 956
1 27 747
1 108 886
1 67 751
1 12 782
1 109 341
1 48 997
1 7 715
1 25 381
1 37 703
1 75 48
1 73 673
1 28 104
1 63 894
1 22 743
1 6 941
1 113 395
1 4 599
1 26 631
1 69 982
1 50 857
1 84 793
1 19 287
1 65 813
1 101 607
1 39 606
1 40 377
1 102 867
1 110 872
2 30 74
2 41 982
2 115 546
2 84 497
2 103 77
2 71 945
2 13 286
2 46 835
2 107 533
2 96 842
2 3 763
2 100 122
2 110 594
2 58 884
2 6 101
2 14 226
2 109 269
2 98 745
2 20 230
2 62 989
2 111 553
2 36 992
2 57 806
2 34 951
2 47 834
2 114 246
2 82 260
2 91 114
2 19 345
2 83 502
2 22 471
2 29 485
2 66 725
2 99 622
2 102 698
2 17 281
2 25 666
2 81 601
2 21 754
2 16 945
2 42 521
2 49 638
2 88 896
2 87 801
2 56 983
2 59 306
2 4 977
2 69 582
2 106 852
2 27 664
2 72 751
2 113 175
2 53 835
2 112 343
2 40 109
2 61 358
2 28 734
2 80 286
2 24 500
2 12 472
2 105 794
2 104 656
2 73 75
2 92 60
2 79 572
2 90 866
2 37 954
2 117 731
2 11 311
2 119 458
2 32 825
2 51 115
2 26 839
2 95 560
2 64 417
2 85 897
2 97 733
2 93 425
2 52 118
2 55 298
2 8 236
2 15 479
2 118 592
2 5 778
3 63 623
3 15 84
3 54 744
3 47 598
3 23 854
3 111 549
3 102 107
3 45 606
3 75 476
3 80 532
3 70 353
3 27 36
3 101 752
3 51 691
3 21 912
3 89 260
3 81 616
3 49 253
3 41 864
3 84 781
3 12 487
3 91 655
3 105 252
3 42 897
3 7 384
3 39 252
3 43 446
3 90 994
3 33 95
3 64 421
3 11 964
3 74 290
3 60 288
3 53 910
3 69 357
3 25 697
3 110 950
3 18 151
3 20 409
3 82 687
3 52 467
3 107 913
3 61 408
3 19 879
3 36 797
3 29 53
3 62 149
3 108 331
3 103 212
3 8 129
3 116 854
3 109 444
3 4 340
3 118 493
3 96 954
3 114 449
3 13 767
3 92 152
3 83 907
3 46 952
3 95 552
3 50 306
3 22 464
3 59 849
3 115 706
3 66 321
3 48 262
3 17 886
3 58 80
3 97 393
3 28 42
3 77 937
3 104 230
3 56 51
3 10 239
3 93 250
3 55 369
3 113 608
3 32 451
3 117 69
3 85 255
3 112 413
3 57 394
3 73 566
3 88 97
3 24 683
4 68 451
4 7 707
4 110 88
4 45 469
4 28 585
4 40 994
4 16 133
4 117 434
4 80 86
4 6 970
4 115 57
4 109 774
4 21 965
4 44 628
4 19 375
4 8 108
4 23 390
4 48 770
4 9 38
4 76 416
4 29 576
4 25 603
4 24 954
4 65 512
4 55 416
4 67 87
4 41 970
4 53 613
4 85 477
4 111 255
4 91 987
4 13 632
4 66 959
4 89 582
4 39 743
4 104 842
4 114 214
4 74 497
4 64 801
4 57 203
4 14 190
4 90 967
4 18 46
4 60 175
4 17 149
4 84 684
4 11 234
4 98 959
4 10 228
4 46 460
4 113 595
4 97 104
4 94 516
4 22 479
4 38 987
4 112 676
4 54 656
4 82 541
4 26 851
4 88 188
4 51 595
4 77 590
4 52 301
4 116 755
4 70 216
4 86 560
4 106 323
4 92 184
4 73 491
4 42 157
4 102 93
4 59 483
4 56 395
4 99 146
4 43 292
4 69 23
4 37 66
4 58 389
4 61 473
4 83 736
4 32 968
4 119 522
4 34 666
4 20 534
4 103 873
4 71 761
4 72 669
4 47 521
5 51 891
5 73 345
5 21 793
5 109 533
5 71 398
5 117 479
5 40 795
5 11 154
5 20 764
5 108 30
5 119 425
5 76 913
5 28 24
5 114 953
5 92 145
5 91 331
5 79 849
5 94 206
5 99 980
5 110 126
5 46 134
5 48 306
5 10 941
5 25 828
5 26 989
5 101 24
5 85 66
5 13 641
5 27 602
5 47 833
5 60 887
5 118 667
5 97 526
5 88 93
5 62 93
5 102 804
5 67 438
5 57 22
5 16 612
5 61 702
5 39 147
5 95 157
5 55 155
5 78 735
5 23 340
5 107 346
5 38 697
5 82 316
5 115 265
5 66 525
5 50 945
5 96 490
5 70 50
5 31 782
5 33 549
5 103 238
5 41 479
5 65 717
5 15 438
5 89 980
5 44 917
5 54 731
5 37 57
5 104 536
5 75 946
5 59 540
5 111 774
5 32 837
5 17 933
5 29 164
5 56 6
5 68 678
5 58 697
5 49 712
5 100 261
5 18 130
5 30 602
5 105 468
5 14 152
5 113 869
5 77 609
5 93 757
5 112 846
5 24 222
5 72 959
5 45 887
5 8 64
5 36 430
5 74 385
5 116 827
6 104 429
6 111 687
6 60 424
6 64 982
6 85 510
6 71 118
6 21 545
6 18 62
6 113 250
6 58 417
6 29 994
6 90 967
6 8 312
6 73 801
6 50 565
6 96 276
6 32 607
6 75 749
6 56 744
6 53 95
6 48 737
6 28 492
6 45 703
6 22 608
6 79 426
6 68 254
6 27 981
6 99 477
6 63 732
6 33 434
6 107 105
6 119 109
6 15 945
6 10 935
6 36 489
6 13 504
6 116 654
6 26 769
6 94 479
6 108 619
6 76 881
6 69 688
6 44 110
6 16 393
6 117 70
6 70 283
6 84 12
6 59 398
6 95 60
6 23 59
6 62 210
6 77 931
6 89 390
6 19 100
6 106 303
6 86 765
6 47 207
6 34 806
6 12 847
6 112 902
6 31 864
6 103 136
6 25 23
6 105 100
6 101 670
6 78 869
6 81 878
6 72 156
6 54 349
6 17 881
6 39 34
6 93 706
6 109 665
6 35 838
6 57 244
6 41 279
6 55 838
6 40 930
6 11 711
6 49 574
6 114 665
6 38 332
6 92 657
6 24 35
7 41 739
7 54 385
7 84 426
7 93 758
7 17 417
7 91 973
7 64 788
7 20 523
7 68 435
7 113 391
7 66 261
7 119 305
7 38 77
7 9 627
7 27 354
7 79 159
7 62 499
7 95 26
7 83 669
7 88 516
7 101 610
7 67 292
7 92 748
7 114 113
7 115 115
7 25 883
7 78 293
7 11 683
7 75 941
7 39 645
7 14 164
7 15 154
7 58 276
7 51 65
7 63 839
7 44 541
7 69 525
7 107 123
7 65 797
7 26 341
7 60 317
7 12 695
7 28 410
7 46 731
7 23 150
7 106 145
7 29 247
7 40 276
7 19 346
7 80 833
7 61 954
7 90 568
7 47 656
7 71 357
7 48 458
7 112 249
7 59 728
7 74 194
7 98 234
7 35 692
7 116 278
7 109 601
7 73 756
7 118 459
7 82 91
7 30 334
7 110 616
7 55 491
7 43 721
7 32 462
7 103 446
7 81 136
7 22 1000
7 10 241
7 89 255
7 8 189
8 96 804
8 86 113
8 105 812
8 58 577
8 21 572
8 67 927
8 92 942
8 62 529
8 103 462
8 68 44
8 102 445
8 30 634
8 49 574
8 56 393
8 89 41
8 75 520
8 59 893
8 72 933
8 77 6
8 113 863
8 83 419
8 76 646
8 22 248
8 63 988
8 65 98
8 40 581
8 26 78
8 20 790
8 70 923
8 117 696
8 28 477
8 25 393
8 80 439
8 107 208
8 109 818
8 16 399
8 81 384
8 115 423
8 93 105
8 44 751
8 51 344
8 79 1000
8 31 255
8 29 975
8 45 699
8 66 512
8 108 205
8 78 254
8 52 832
8 90 474
8 91 476
8 33 415
8 69 25
8 119 188
8 116 865
8 13 529
8 23 3
8 106 658
8 38 296
8 57 61
8 34 395
8 9 465
8 39 92
8 53 231
8 17 313
8 110 490
8 94 80
8 19 681
8 118 154
8 85 249
8 61 22
8 24 534
8 100 250
8 54 940
8 88 6
8 82 465
8 87 720
8 50 701
9 57 318
9 18 639
9 90 420
9 81 108
9 51 817
9 91 561
9 66 554
9 103 896
9 26 127
9 21 970
9 25 166
9 27 479
9 50 714
9 111 24
9 97 318
9 14 663
9 62 266
9 102 53
9 112 400
9 65 77
9 100 378
9 80 579
9 89 153
9 56 262
9 118 51
9 23 902
9 69 964
9 38 912
9 106 109
9 86 965
9 49 813
9 73 884
9 42 995
9 98 712
9 107 872
9 68 323
9 74 947
9 20 683
9 59 230
9 61 813
9 22 695
9 16 538
9 116 51
9 28 719
9 29 920
9 104 263
9 30 262
9 85 299
9 54 933
9 75 495
9 96 145
9 78 817
9 24 319
9 110 890
9 119 636
9 31 597
9 32 193
9 43 326
9 95 471
9 99 1000
9 113 831
9 88 947
9 117 666
9 77 509
9 10 523
9 92 523
9 79 587
9 60 319
9 13 984
9 37 17
9 70 432
9 39 153
9 108 880
9 35 125
9 101 602
9 41 324
9 33 987
9 64 928
9 44 833
9 71 85
9 94 554
9 83 572
10 42 405
10 14 629
10 34 421
10 79 250
10 47 844
10 55 69
10 98 127
10 75 281
10 41 835
10 80 455
10 64 949
10 89 259
10 81 885
10 44 857
10 66 885
10 103 383
10 28 451
10 51 30
10 70 400
10 12 786
10 13 933
10 105 9
10 109 354
10 63 481
10 86 266
10 83 819
10 37 329
10 106 655
10 91 973
10 58 931
10 119 318
10 50 472
10 84 311
10 22 282
10 112 665
10 101 826
10 100 40
10 76 151
10 102 202
10 29 246
10 118 576
10 87 427
10 111 613
10 117 270
10 21 713
10 88 858
10 16 498
10 108 71
10 113 790
10 56 111
10 114 463
10 31 882
10 35 391
10 17 797
10 107 654
10 48 89
10 25 514
10 85 714
10 61 110
10 59 819
10 116 208
10 60 70
10 45 677
10 68 993
10 62 679
10 93 588
10 52 628
10 36 464
10 26 294
10 15 253
10 40 70
10 73 156
10 23 544
10 18 768
10 43 39
10 72 376
10 46 427
10 104 462
10 77 747
10 78 548
10 49 827
10 69 188
10 110 493
10 39 681
10 57 425
10 54 89
10 27 21
10 33 803
10 74 744
10 53 983
11 108 620
11 62 2
11 87 522
11 19 71
11 94 975
11 98 47
11 116 919
11 32 433
11 51 969
11 56 882
11 70 942
11 40 700
11 96 33
11 22 660
11 93 496
11 104 204
11 95 718
11 47 309
11 117 179
11 82 819
11 97 185
11 109 226
11 73 188
11 25 232
11 30 804
11 36 420
11 20 31
11 107 860
11 76 595
11 74 818
11 110 211
11 58 619
11 119 713
11 71 607
11 50 165
11 114 670
11 14 457
11 60 31
11 34 587
11 27 67
11 49 460
11 15 596
11 45 609
11 102 779
11 54 400
11 112 366
11 81 321
11 88 119
11 63 430
11 55 666
11 38 771
11 35 678
11 48 715
11 64 703
11 43 809
11 16 408
11 39 25
11 92 83
11 99 221
11 61 118
11 72 768
11 53 11
11 85 385
11 115 752
11 37 214
11 79 431
11 77 437
11 90 95
11 83 85
11 65 381
11 67 297
11 69 682
11 103 777
11 17 180
11 23 143
11 13 493
11 89 57
11 28 316
11 21 511
12 64 284
12 84 797
12 77 114
12 18 1
12 87 913
12 19 974
12 113 543
12 49 799
12 68 114
12 106 517
12 48 346
12 108 649
12 72 162
12 27 595
12 23 817
12 85 448
12 40 903
12 54 455
12 81 180
12 100 543
12 118 985
12 71 883
12 53 332
12 29 637
12 104 842
12 14 950
12 95 490
12 73 907
12 115 16
12 35 609
12 52 495
12 43 894
12 22 5
12 116 889
12 60 355
12 76 539
12 17 793
12 42 390
12 33 895
12 38 932
12 75 680
12 13 42
12 45 420
12 56 531
12 114 146
12 26 870
12 78 140
12 47 959
12 69 141
12 119 142
12 90 525
12 80 980
12 66 227
12 89 773
12 24 396
12 110 567
12 61 145
12 37 506
12 16 376
12 55 430
12 98 626
12 111 504
12 21 507
12 34 915
12 46 396
12 107 296
12 62 662
12 88 913
12 79 524
12 50 983
12 20 455
12 93 173
12 109 152
12 97 532
12 25 376
12 28 155
12 15 194
12 67 260
12 102 415
12 92 804
12 31 86
12 58 706
12 91 337
13 84 648
13 16 348
13 119 556
13 69 135
13 20 464
13 76 230
13 47 444
13 14 511
13 28 624
13 40 559
13 100 14
13 48 191
13 73 229
13 111 460
13 92 237
13 66 743
13 70 956
13 26 964
13 83 639
13 18 139
13 99 83
13 49 138
13 97 261
13 60 22
13 64 93
13 53 778
13 68 206
13 54 132
13 24 368
13 61 595
13 29 483
13 98 793
13 52 927
13 112 995
13 88 854
13 33 880
13 108 77
13 44 964
13 30 695
13 114 988
13 23 603
13 85 281
13 102 737
13 36 928
13 21 417
13 51 663
13 101 645
13 115 328
13 38 634
13 34 675
13 91 400
13 118 75
13 107 116
13 27 144
13 59 150
13 94 818
13 72 619
13 25 534
13 78 642
13 17 681
13 89 41
13 22 360
13 31 778
13 105 656
13 39 831
13 104 708
13 41 191
13 62 418
13 67 180
13 116 181
13 55 410
13 58 307
13 113 117
13 87 455
13 37 381
13 74 261
13 42 436
13 103 81
13 79 319
13 56 461
14 46 177
14 51 690
14 60 495
14 24 198
14 117 229
14 50 762
14 43 266
14 74 130
14 42 442
14 112 352
14 27 971
14 100 929
14 83 368
14 87 161
14 29 198
14 96 405
14 21 724
14 20 115
14 59 553
14 93 808
14 16 591
14 103 720
14 84 919
14 28 942
14 37 448
14 47 577
14 40 995
14 31 450
14 72 545
14 22 603
14 110 998
14 111 447
14 62 882
14 33 105
14 26 94
14 86 681
14 107 714
14 92 486
14 119 768
14 73 874
14 82 938
14 76 89
14 23 549
14 19 145
14 91 520
14 85 831
14 25 904
14 81 635
14 88 785
14 34 170
14 77 418
14 68 322
14 102 256
14 101 165
14 55 178
14 63 447
14 38 797
14 35 417
14 49 132
14 99 753
14 64 282
14 114 447
14 17 486
14 32 594
14 115 346
14 52 675
14 65 251
14 41 399
14 104 775
14 48 267
14 116 924
14 108 49
14 80 723
14 53 66
14 97 714
14 95 619
14 98 4
15 83 986
15 51 794
15 78 790
15 82 936
15 30 58
15 86 475
15 16 162
15 49 723
15 77 421
15 25 290
15 61 504
15 97 160
15 40 862
15 38 557
15 53 705
15 72 435
15 52 521
15 47 571
15 107 744
15 91 338
15 41 786
15 103 642
15 95 315
15 17 898
15 60 665
15 80 502
15 90 466
15 81 345
15 58 560
15 87 959
15 48 719
15 71 741
15 54 35
15 117 956
15 59 723
15 102 448
15 119 679
15 73 915
15 26 287
15 46 7
15 45 839
15 88 472
15 105 170
15 24 204
15 94 724
15 111 877
15 92 971
15 21 424
15 43 253
15 32 945
15 89 21
15 113 862
15 70 211
15 27 972
15 116 33
15 106 137
15 76 560
15 115 826
15 42 182
15 63 570
15 20 505
15 74 67
15 66 975
15 69 589
15 18 261
15 28 748
15 62 558
15 57 833
15 100 376
15 19 750
15 67 319
15 110 888
15 33 482
15 50 691
16 34 976
16 83 490
16 35 731
16 43 738
16 76 534
16 19 564
16 46 153
16 28 719
16 107 89
16 53 686
16 115 943
16 61 790
16 86 402
16 51 57
16 36 875
16 95 814
16 103 427
16 104 568
16 75 244
16 87 161
16 113 555
16 21 543
16 23 562
16 32 832
16 116 67
16 58 365
16 77 505
16 29 324
16 65 426
16 111 600
16 74 946
16 48 177
16 73 171
16 69 436
16 67 866
16 52 453
16 25 208
16 110 30
16 63 40
16 44 536
16 68 774
16 79 867
16 99 190
16 105 834
16 114 106
16 98 752
16 33 731
16 24 471
16 54 269
16 50 941
16 41 244
16 112 741
16 117 300
16 45 519
16 31 548
16 78 60
16 94 815
16 108 856
16 71 36
16 37 223
16 100 775
16 106 570
16 82 729
16 27 103
16 62 377
16 17 862
16 119 113
16 84 207
16 88 725
16 92 289
16 26 715
16 40 883
16 66 185
17 48 645
17 83 371
17 96 137
17 99 5
17 105 500
17 67 791
17 93 562
17 54 538
17 47 63
17 118 706
17 24 272
17 29 493
17 81 278
17 62 542
17 37 350
17 117 664
17 77 775
17 57 391
17 38 240
17 110 267
17 87 185
17 61 292
17 97 54
17 46 75
17 41 893
17 53 553
17 40 457
17 100 517
17 35 276
17 28 174
17 26 755
17 51 361
17 43 509
17 115 974
17 106 712
17 56 536
17 104 619
17 42 763
17 36 279
17 71 168
17 64 682
17 69 311
17 59 305
17 85 790
17 70 449
17 52 252
17 112 320
17 119 189
17 22 899
17 102 116
17 92 460
17 23 825
17 72 70
17 45 382
17 20 222
17 114 236
17 113 110
17 103 524
17 76 205
17 88 915
17 27 825
17 78 618
17 108 386
17 94 152
17 31 553
17 79 31
17 107 896
17 19 146
17 50 977
17 25 215
17 90 981
18 59 959
18 24 75
18 76 402
18 106 102
18 39 503
18 36 576
18 105 239
18 81 255
18 85 281
18 86 170
18 68 311
18 88 643
18 51 894
18 92 665
18 89 314
18 26 497
18 98 886
18 48 702
18 31 200
18 34 597
18 110 57
18 101 486
18 103 338
18 71 231
18 57 952
18 83 879
18 58 48
18 55 110
18 45 697
18 73 989
18 60 663
18 64 771
18 109 494
18 115 565
18 82 773
18 27 423
18 38 2
18 25 771
18 90 658
18 46 184
18 33 954
18 62 34
18 32 155
18 61 510
18 119 583
18 113 571
18 111 414
18 19 328
18 41 507
18 74 241
18 102 149
18 118 835
18 112 435
18 47 544
18 37 920
18 53 692
18 75 595
18 114 827
18 108 440
18 66 12
18 54 181
18 72 217
18 91 552
18 52 944
18 29 193
18 95 100
18 84 536
18 117 250
18 42 947
18 80 944
18 79 768
18 56 525
18 69 570
18 100 187
18 20 874
18 65 863
18 28 707
18 49 453
18 99 169
19 68 565
19 44 102
19 35 999
19 111 150
19 91 139
19 73 277
19 74 432
19 55 155
19 106 209
19 31 414
19 105 904
19 76 814
19 72 468
19 23 118
19 80 77
19 83 672
19 99 533
19 79 424
19 36 557
19 98 486
19 60 926
19 104 987
19 95 534
19 42 613
19 78 477
19 61 456
19 40 972
19 33 356
19 45 322
19 81 322
19 24 121
19 119 875
19 94 867
19 50 881
19 90 741
19 46 422
19 89 415
19 58 443
19 93 939
19 70 332
19 101 841
19 21 879
19 20 298
19 84 587
19 25 784
19 41 618
19 48 176
19 115 238
19 37 896
19 49 195
19 103 140
19 28 70
19 114 719
19 30 587
19 63 674
19 109 912
19 29 647
19 116 432
19 26 283
19 65 237
19 97 306
19 64 497
19 34 490
19 112 669
19 88 559
19 118 905
19 87 168
19 57 311
19 85 608
19 39 965
19 38 900
19 32 464
19 56 557
19 62 366
19 82 465
19 54 246
20 37 299
20 103 515
20 87 734
20 50 557
20 90 754
20 97 924
20 79 90
20 41 428
20 48 689
20 53 785
20 31 773
20 96 348
20 33 569
20 75 216
20 105 157
20 114 940
20 36 907
20 72 744
20 51 356
20 74 448
20 73 408
20 110 224
20 86 761
20 38 213
20 47 759
20 59 946
20 22 279
20 111 107
20 64 132
20 43 580
20 65 270
20 99 253
20 42 883
20 92 473
20 25 400
20 76 405
20 62 283
20 84 440
20 66 22
20 21 594
20 58 508
20 83 982
20 81 432
20 80 412
20 117 246
20 116 736
20 94 706
20 100 489
20 108 990
20 102 245
20 89 156
20 44 744
20 71 703
20 49 368
20 119 709
20 35 327
20 93 417
20 55 518
20 46 859
20 69 749
20 27 873
20 63 684
20 98 910
20 32 18
20 57 234
20 88 752
20 91 849
20 30 386
20 60 622
20 85 231
20 28 543
20 107 952
20 23 451
20 26 935
20 95 336
20 54 198
20 34 418
20 29 900
21 78 894
21 59 952
21 38 867
21 70 307
21 100 355
21 112 621
21 111 105
21 84 638
21 105 942
21 98 91
21 30 839
21 57 472
21 116 402
21 110 841
21 43 848
21 114 353
21 31 614
21 89 783
21 35 729
21 92 459
21 66 279
21 50 354
21 49 882
21 81 385
21 85 901
21 46 410
21 82 517
21 83 671
21 27 859
21 103 92
21 72 894
21 45 282
21 86 891
21 68 579
21 69 796
21 87 289
21 117 853
21 71 513
21 24 288
21 62 220
21 96 661
21 44 775
21 29 366
21 80 105
21 115 729
21 99 571
21 54 605
21 61 517
21 77 913
21 39 15
21 94 634
21 60 518
21 90 172
21 91 381
21 48 787
21 26 511
21 53 419
21 34 330
21 55 716
21 22 723
21 65 570
21 108 147
21 23 385
21 58 916
21 102 8
21 76 713
21 119 33
21 64 840
21 75 760
21 67 649
21 56 156
21 93 247
21 113 310
22 106 880
22 118 48
22 68 26
22 105 950
22 30 403
22 24 592
22 110 649
22 111 866
22 65 849
22 109 452
22 42 599
22 100 439
22 52 865
22 102 7
22 104 779
22 48 766
22 27 216
22 112 657
22 33 135
22 37 812
22 41 428
22 107 719
22 66 416
22 113 249
22 32 28
22 74 403
22 61 254
22 119 17
22 77 398
22 95 63
22 60 4
22 67 308
22 96 620
22 101 667
22 50 64
22 49 634
22 103 179
22 99 895
22 47 367
22 92 30
22 93 80
22 89 110
22 62 33
22 78 298
22 44 233
22 87 794
22 91 531
22 90 463
22 46 186
22 71 765
22 115 278
22 58 863
22 117 663
22 36 53
22 72 928
22 70 238
22 28 188
22 43 704
22 59 805
22 51 562
22 54 353
22 40 612
22 25 613
22 39 413
22 75 461
22 53 296
22 76 482
22 23 63
22 80 237
22 45 822
23 75 842
23 69 615
23 43 823
23 89 463
23 106 124
23 119 861
23 45 624
23 116 151
23 104 402
23 39 949
23 102 678
23 117 108
23 32 265
23 91 778
23 101 872
23 107 361
23 84 114
23 58 22
23 70 635
23 55 746
23 29 904
23 46 535
23 81 951
23 38 288
23 94 552
23 114 303
23 76 132
23 63 426
23 110 499
23 47 670
23 57 148
23 83 340
23 48 36
23 50 358
23 66 820
23 90 383
23 56 373
23 30 562
23 41 823
23 118 976
23 72 341
23 92 492
23 87 809
23 105 62
23 37 902
23 51 983
23 112 283
23 40 814
23 42 871
23 68 217
23 60 557
23 82 796
23 85 82
23 27 619
23 108 209
23 115 197
23 86 463
23 53 746
23 33 292
23 65 488
23 59 978
23 78 864
23 34 167
23 93 379
23 71 12
23 67 533
23 73 630
23 79 349
23 35 824
23 74 566
23 62 151
23 44 361
23 97 562
24 42 480
24 85 669
24 88 633
24 75 321
24 114 74
24 73 283
24 119 574
24 113 581
24 25 23
24 109 583
24 116 57
24 45 875
24 115 174
24 99 608
24 52 798
24 117 548
24 78 783
24 112 29
24 91 593
24 77 882
24 55 489
24 70 743
24 104 977
24 76 480
24 37 344
24 48 319
24 94 850
24 86 12
24 50 728
24 105 761
24 54 520
24 46 367
24 79 925
24 58 285
24 27 78
24 92 987
24 59 509
24 74 719
24 49 180
24 61 243
24 80 360
24 68 747
24 35 963
24 38 133
24 82 675
24 66 138
24 72 397
24 26 716
24 107 833
24 90 121
24 111 624
24 83 948
24 34 399
24 108 907
24 97 941
24 93 379
24 96 590
24 106 238
24 65 830
24 84 41
24 98 654
24 29 84
24 53 1000
24 95 137
24 64 306
24 67 638
24 33 834
24 43 765
24 103 779
24 89 961
24 118 710
24 47 689
24 87 392
25 60 141
25 33 987
25 71 298
25 99 93
25 75 613
25 81 562
25 100 423
25 101 471
25 69 698
25 96 677
25 43 403
25 56 919
25 64 294
25 31 959
25 65 410
25 47 18
25 118 876
25 29 896
25 72 200
25 89 767
25 74 187
25 42 531
25 59 890
25 35 734
25 66 46
25 111 650
25 97 179
25 51 900
25 54 794
25 78 418
25 73 597
25 28 187
25 87 60
25 112 832
25 114 65
25 88 113
25 50 915
25 76 249
25 32 990
25 67 211
25 77 286
25 36 523
25 34 510
25 53 360
25 46 370
25 116 414
25 80 46
25 61 886
25 106 567
25 41 255
25 83 459
25 119 591
25 102 494
25 82 17
25 30 249
25 40 198
25 26 275
25 55 563
25 91 101
25 58 726
25 95 209
25 98 585
25 48 209
25 79 702
25 117 586
25 63 152
25 68 951
25 39 767
25 37 710
25 49 76
25 85 740
25 38 671
25 57 1
26 80 985
26 36 475
26 28 181
26 91 497
26 57 370
26 52 318
26 101 7
26 99 829
26 54 17
26 60 476
26 78 847
26 86 203
26 98 976
26 40 763
26 88 705
26 106 358
26 59 545
26 63 564
26 103 166
26 56 14
26 31 269
26 81 468
26 107 731
26 74 604
26 65 729
26 55 846
26 51 23
26 62 403
26 38 246
26 39 86
26 30 214
26 117 475
26 94 815
26 111 998
26 37 994
26 87 663
26 29 998
26 119 412
26 75 601
26 92 959
26 102 838
26 70 226
26 85 938
26 77 683
26 42 412
26 100 880
26 114 989
26 61 528
26 34 839
26 69 700
26 44 217
26 58 43
26 115 979
26 84 222
26 73 191
26 118 328
26 82 180
26 46 637
26 32 375
26 43 922
26 72 93
26 53 245
26 48 454
26 113 250
26 83 465
26 68 362
26 89 311
26 95 119
27 100 739
27 44 564
27 113 927
27 64 128
27 58 192
27 104 822
27 91 724
27 74 35
27 54 441
27 62 37
27 79 65
27 39 538
27 43 793
27 90 417
27 82 609
27 32 531
27 98 440
27 92 832
27 102 760
27 55 712
27 89 790
27 94 444
27 110 632
27 29 875
27 112 358
27 116 561
27 37 184
27 93 906
27 40 397
27 52 942
27 34 893
27 36 833
27 66 849
27 38 679
27 114 803
27 33 533
27 97 584
27 49 718
27 80 129
27 108 205
27 77 843
27 75 866
27 85 791
27 83 420
27 50 365
27 69 639
27 95 163
27 35 696
27 84 323
27 119 371
27 117 57
27 63 13
27 53 299
27 103 505
27 111 154
27 73 413
27 76 163
27 78 966
27 70 891
27 105 931
27 68 147
27 57 220
27 65 366
27 56 531
27 115 563
27 101 983
27 42 607
27 88 978
27 72 691
27 41 27
27 107 954
27 47 771
28 119 932
28 81 222
28 69 207
28 104 477
28 117 476
28 93 701
28 52 372
28 32 533
28 84 3
28 57 976
28 98 104
28 99 586
28 74 223
28 44 784
28 62 186
28 55 336
28 94 864
28 33 476
28 86 53
28 37 351
28 49 454
28 31 80
28 118 993
28 34 984
28 40 439
28 29 220
28 83 797
28 101 111
28 102 442
28 100 867
28 111 55
28 112 823
28 115 17
28 43 986
28 50 682
28 108 929
28 45 402
28 77 412
28 39 546
28 79 487
28 92 621
28 54 8
28 75 362
28 58 765
28 60 657
28 67 17
28 53 679
28 59 481
28 114 420
28 88 737
28 109 298
28 72 552
28 96 100
28 110 689
28 51 510
28 46 620
28 90 945
28 36 349
28 116 1
28 48 814
28 89 66
28 71 621
28 64 330
28 103 687
28 97 280
28 66 55
28 35 63
28 41 260
28 30 485
28 42 470
28 85 439
29 112 718
29 94 481
29 51 643
29 42 655
29 36 207
29 77 572
29 32 482
29 93 183
29 61 629
29 96 856
29 106 689
29 117 446
29 30 263
29 89 892
29 54 999
29 90 179
29 55 814
29 119 916
29 102 753
29 86 748
29 67 914
29 57 931
29 63 94
29 76 513
29 46 760
29 68 692
29 100 508
29 92 911
29 39 821
29 64 758
29 34 732
29 70 94
29 113 478
29 66 35
29 95 321
29 50 663
29 115 635
29 69 864
29 49 977
29 71 484
29 43 392
29 88 645
29 52 126
29 81 445
29 45 117
29 97 48
29 82 871
29 47 256
29 58 519
29 56 988
29 48 61
29 84 559
29 85 179
29 53 94
29 109 918
29 114 833
29 31 515
29 103 585
29 33 90
29 37 607
29 98 128
29 38 407
29 65 527
29 107 930
29 80 264
29 116 447
29 73 369
29 91 991
29 35 808
29 87 137
29 60 933
30 45 51
30 54 637
30 73 522
30 63 784
30 68 993
30 81 348
30 69 725
30 65 47
30 96 202
30 53 940
30 98 40
30 78 117
30 62 384
30 47 716
30 85 128
30 66 144
30 82 752
30 80 124
30 67 877
30 94 112
30 52 206
30 50 761
30 113 771
30 106 275
30 79 519
30 103 6
30 117 981
30 59 851
30 72 471
30 46 927
30 100 956
30 38 167
30 104 182
30 33 388
30 55 541
30 39 171
30 77 804
30 71 584
30 58 179
30 40 918
30 91 702
30 95 7
30 74 623
30 42 487
30 60 303
30 61 120
30 76 107
30 75 832
30 44 93
30 64 189
30 111 593
30 92 307
30 112 204
30 57 974
30 109 358
30 56 618
30 93 348
30 89 375
30 110 4
30 118 677
30 31 383
30 48 637
30 87 852
30 34 584
30 49 512
30 41 766
31 54 294
31 72 713
31 36 909
31 79 588
31 32 534
31 69 890
31 45 756
31 48 255
31 110 290
31 89 250
31 68 512
31 91 858
31 74 453
31 63 822
31 37 13
31 66 714
31 51 769
31 97 989
31 90 293
31 52 842
31 70 835
31 75 658
31 87 501
31 102 661
31 111 477
31 117 794
31 56 698
31 42 278
31 40 979
31 105 997
31 38 699
31 47 418
31 82 293
31 109 567
31 61 974
31 57 157
31 119 420
31 80 534
31 98 912
31 59 151
31 39 432
31 106 701
31 108 135
31 64 743
31 114 198
31 104 265
31 112 461
31 71 644
31 34 557
31 85 840
31 86 53
31 113 553
31 43 534
31 49 223
31 73 934
31 53 721
31 99 812
31 96 504
31 103 544
31 65 664
31 95 296
31 33 486
31 115 854
31 44 270
31 94 427
32 81 699
32 94 129
32 37 835
32 60 489
32 55 888
32 51 480
32 53 574
32 64 107
32 84 831
32 91 889
32 68 959
32 93 456
32 34 329
32 117 396
32 35 68
32 80 250
32 89 412
32 75 766
32 112 863
32 92 806
32 82 669
32 67 568
32 97 180
32 44 116
32 33 606
32 83 98
32 57 413
32 107 75
32 49 865
32 108 652
32 118 686
32 66 869
32 85 467
32 40 250
32 114 872
32 115 667
32 105 26
32 86 677
32 54 334
32 56 209
32 87 168
32 90 51
32 76 457
32 78 503
32 46 374
32 102 24
32 36 826
32 109 73
32 62 627
32 110 561
32 71 7
32 72 226
32 119 377
32 38 106
32 70 592
32 99 488
32 47 888
32 74 476
32 63 124
32 77 361
32 95 444
32 65 865
32 103 925
32 42 340
33 48 502
33 74 335
33 110 985
33 99 964
33 84 544
33 46 899
33 71 764
33 109 214
33 44 101
33 104 35
33 47 237
33 76 672
33 119 226
33 41 942
33 88 158
33 113 471
33 86 964
33 79 504
33 111 323
33 61 524
33 60 850
33 40 139
33 105 956
33 50 123
33 53 221
33 55 68
33 52 36
33 38 651
33 73 495
33 93 22
33 85 803
33 98 217
33 82 998
33 83 4
33 116 665
33 117 50
33 59 772
33 65 137
33 72 597
33 78 123
33 54 537
33 97 947
33 37 224
33 89 945
33 63 15
33 115 680
33 95 130
33 67 897
33 106 57
33 96 717
33 45 302
33 58 184
33 103 186
33 56 984
33 94 561
33 118 953
33 64 239
33 75 107
33 62 982
33 91 369
33 70 789
33 35 458
34 41 307
34 112 308
34 118 272
34 67 757
34 49 79
34 66 473
34 50 191
34 71 17
34 94 431
34 62 775
34 105 536
34 86 339
34 57 63
34 107 997
34 48 514
34 43 912
34 75 421
34 106 948
34 61 102
34 98 415
34 73 667
34 55 617
34 87 137
34 58 424
34 84 780
34 38 837
34 92 496
34 114 249
34 95 599
34 96 359
34 78 441
34 104 701
34 59 993
34 51 493
34 83 505
34 39 88
34 56 424
34 109 312
34 101 51
34 113 243
34 72 311
34 65 145
34 69 799
34 85 257
34 54 722
34 116 338
34 99 392
34 44 150
34 53 566
34 47 397
34 64 322
34 63 676
34 103 173
34 90 574
34 88 224
34 74 170
34 110 45
34 35 441
34 42 654
34 46 919
34 37 123
34 119 779
34 79 434
34 117 246
34 80 453
34 40 358
34 36 736
34 52 878
34 91 616
35 98 883
35 115 482
35 96 607
35 80 21
35 36 519
35 39 424
35 49 438
35 111 520
35 94 585
35 105 189
35 41 312
35 64 423
35 113 892
35 119 144
35 44 143
35 84 240
35 67 638
35 68 973
35 46 625
35 114 522
35 93 76
35 81 747
35 69 313
35 112 8
35 72 836
35 51 799
35 117 689
35 71 990
35 88 997
35 73 583
35 109 514
35 74 755
35 78 140
35 56 500
35 90 532
35 116 840
35 82 50
35 87 336
35 101 209
35 59 385
35 63 792
35 107 49
35 110 809
35 89 407
35 83 45
35 91 396
35 60 711
35 54 810
35 76 311
35 79 691
35 95 161
35 45 559
35 118 471
35 99 453
35 85 944
35 108 524
35 48 145
35 103 680
35 62 88
35 75 421
35 47 19
35 58 154
35 100 312
35 102 313
35 65 141
35 40 493
35 57 352
35 86 282
35 77 196
36 65 66
36 62 438
36 95 508
36 39 143
36 42 193
36 48 825
36 100 47
36 54 643
36 119 398
36 112 397
36 51 944
36 56 672
36 46 442
36 84 752
36 43 30
36 111 950
36 98 370
36 103 904
36 45 92
36 116 732
36 60 429
36 47 448
36 55 130
36 68 872
36 94 734
36 73 933
36 92 993
36 110 395
36 82 773
36 91 873
36 69 594
36 113 680
36 87 328
36 105 632
36 41 136
36 38 35
36 58 17
36 80 870
36 101 527
36 77 746
36 83 561
36 109 62
36 70 196
36 89 961
36 85 447
36 97 146
36 96 661
36 66 193
36 108 340
36 64 427
36 40 328
36 102 193
36 75 725
36 90 14
36 61 989
36 44 364
36 49 959
36 117 903
36 57 652
36 107 8
36 67 941
36 50 59
36 79 359
37 43 65
37 68 502
37 95 113
37 92 697
37 57 706
37 49 467
37 118 290
37 51 199
37 99 946
37 86 823
37 55 76
37 50 890
37 65 592
37 47 583
37 64 442
37 110 275
37 107 905
37 78 655
37 61 744
37 76 97
37 38 537
37 114 694
37 72 293
37 69 424
37 42 223
37 80 726
37 74 668
37 82 583
37 70 5
37 94 815
37 87 866
37 85 527
37 103 38
37 96 925
37 75 419
37 63 752
37 113 116
37 58 645
37 108 431
37 111 564
37 52 166
37 66 487
37 46 645
37 112 881
37 97 568
37 53 484
37 39 702
37 60 188
37 102 933
37 98 649
37 105 916
37 81 527
37 77 619
37 48 446
37 56 826
37 89 142
37 109 447
37 44 613
37 117 725
37 88 210
37 115 96
37 93 146
37 45 399
37 84 23
37 79 844
37 73 565
38 96 814
38 105 50
38 90 425
38 43 689
38 78 767
38 89 736
38 72 59
38 87 984
38 48 728
38 74 664
38 66 99
38 70 18
38 97 742
38 119 341
38 60 554
38 53 838
38 64 474
38 42 323
38 117 726
38 46 97
38 86 882
38 113 430
38 68 330
38 41 237
38 118 450
38 95 757
38 82 515
38 59 460
38 114 864
38 108 892
38 83 267
38 61 595
38 84 497
38 58 878
38 75 1
38 115 600
38 67 866
38 71 395
38 99 423
38 73 906
38 92 355
38 49 755
38 65 89
38 69 678
38 50 931
38 40 714
38 104 754
38 85 936
38 45 796
38 111 471
38 63 863
38 91 120
38 94 802
38 47 844
38 116 268
38 56 831
38 101 548
38 88 242
38 76 15
38 62 909
38 110 771
38 39 389
38 81 556
39 71 254
39 102 765
39 55 877
39 50 382
39 45 716
39 56 322
39 42 697
39 78 103
39 118 22
39 51 915
39 109 668
39 75 572
39 108 739
39 54 843
39 114 995
39 86 49
39 105 233
39 44 211
39 85 959
39 93 317
39 90 680
39 95 904
39 97 201
39 77 726
39 80 657
39 70 99
39 68 925
39 107 647
39 53 208
39 41 115
39 117 236
39 65 856
39 104 668
39 40 78
39 76 241
39 113 189
39 62 203
39 69 972
39 48 365
39 87 973
39 66 251
39 119 793
39 64 714
39 58 250
39 89 526
39 84 838
39 60 75
39 49 612
39 106 506
39 100 16
39 59 868
39 99 900
39 74 588
39 103 365
39 79 760
39 96 973
39 82 82
39 73 92
39 83 440
39 101 818
39 94 287
39 81 506
40 41 149
40 108 981
40 109 883
40 95 924
40 59 614
40 67 490
40 106 936
40 90 609
40 111 910
40 97 314
40 103 861
40 73 107
40 112 949
40 101 142
40 57 726
40 54 996
40 100 28
40 58 884
40 72 24
40 81 884
40 94 863
40 74 994
40 48 777
40 44 852
40 78 40
40 83 856
40 63 85
40 117 394
40 49 476
40 99 359
40 52 600
40 113 672
40 53 728
40 55 482
40 47 974
40 115 627
40 96 994
40 69 821
40 87 397
40 119 224
40 50 889
40 116 342
40 92 242
40 65 168
40 88 687
40 56 726
40 85 386
40 68 502
40 102 638
40 70 238
40 60 392
40 98 944
40 64 506
40 82 102
41 115 256
41 100 959
41 65 173
41 101 800
41 113 463
41 48 88
41 106 291
41 112 727
41 103 835
41 56 196
41 70 235
41 51 499
41 54 330
41 90 927
41 55 470
41 71 972
41 83 603
41 69 701
41 107 9
41 104 577
41 114 1
41 46 322
41 116 853
41 72 93
41 45 505
41 98 316
41 95 301
41 61 258
41 64 844
41 86 642
41 63 830
41 73 940
41 93 309
41 88 749
41 91 974
41 110 97
41 68 41
41 50 52
41 108 787
41 118 148
41 109 540
41 105 758
41 66 624
41 52 4
41 75 18
41 53 255
41 62 425
41 97 107
41 82 827
41 49 900
41 57 375
41 92 990
41 89 338
41 79 524
41 94 857
41 58 184
41 77 520
41 47 832
42 78 74
42 93 575
42 74 709
42 46 57
42 68 294
42 110 79
42 83 541
42 58 363
42 95 850
42 49 352
42 116 468
42 85 763
42 75 675
42 65 399
42 86 607
42 52 945
42 98 249
42 56 110
42 91 402
42 53 434
42 119 750
42 111 2
42 70 613
42 117 94
42 47 226
42 51 691
42 82 911
42 76 480
42 54 334
42 62 621
42 61 972
42 99 323
42 97 323
42 107 705
42 109 39
42 102 131
42 81 903
42 59 205
42 50 608
42 57 923
42 73 216
42 104 889
42 72 716
42 92 413
42 79 672
42 45 334
42 60 638
42 118 444
42 113 489
42 80 549
42 84 372
42 101 89
42 88 303
42 43 154
42 77 377
42 106 903
42 48 407
42 100 777
42 114 567
42 63 591
42 67 636
42 90 801
42 69 533
43 85 164
43 104 670
43 65 401
43 74 387
43 89 258
43 96 574
43 112 697
43 73 665
43 103 117
43 99 89
43 76 985
43 86 874
43 107 999
43 60 395
43 116 549
43 46 713
43 114 273
43 79 865
43 70 403
43 54 369
43 48 501
43 55 248
43 109 283
43 87 833
43 63 805
43 90 404
43 106 29
43 77 824
43 117 644
43 71 738
43 84 527
43 50 752
43 57 614
43 97 123
43 49 976
43 91 972
43 44 31
43 81 64
43 111 974
43 78 767
43 69 366
43 113 419
43 59 318
43 64 276
43 119 545
43 52 648
43 95 801
43 101 122
43 80 679
43 56 878
43 83 379
43 47 959
43 100 984
43 67 538
43 94 955
43 93 928
43 108 209
43 68 531
43 72 894
43 45 318
43 115 109
43 92 122
43 98 44
44 91 198
44 62 675
44 101 934
44 69 995
44 99 672
44 46 173
44 50 828
44 83 311
44 58 589
44 113 715
44 71 740
44 84 850
44 109 165
44 116 527
44 82 300
44 105 811
44 61 810
44 66 734
44 59 87
44 119 120
44 65 778
44 117 830
44 97 587
44 107 74
44 51 529
44 57 658
44 72 499
44 95 152
44 89 556
44 104 614
44 49 257
44 70 762
44 74 428
44 54 929
44 96 79
44 111 186
44 90 397
44 60 223
44 93 999
44 48 953
44 47 829
44 118 959
44 75 498
44 112 465
44 94 393
44 98 190
44 78 324
44 86 598
44 45 277
44 108 199
44 100 16
44 85 430
44 67 325
44 106 471
44 76 256
44 64 281
44 63 958
45 50 753
45 74 553
45 102 818
45 99 467
45 116 496
45 65 128
45 107 544
45 73 103
45 60 925
45 55 31
45 85 796
45 66 501
45 63 67
45 113 464
45 114 477
45 96 476
45 88 212
45 77 142
45 56 427
45 106 824
45 46 274
45 108 120
45 67 161
45 119 911
45 95 237
45 71 546
45 68 377
45 97 298
45 81 200
45 51 83
45 103 663
45 78 57
45 117 798
45 94 138
45 72 388
45 98 148
45 79 936
45 76 685
45 87 560
45 100 337
45 104 710
45 91 199
45 111 951
45 92 820
45 47 106
45 118 497
45 101 350
45 75 231
45 69 301
45 61 470
45 59 706
45 48 973
46 95 708
46 104 536
46 53 905
46 47 95
46 82 608
46 64 779
46 75 98
46 88 356
46 90 970
46 68 380
46 49 626
46 113 218
46 79 297
46 65 374
46 76 138
46 77 413
46 78 599
46 70 675
46 89 122
46 109 936
46 118 941
46 59 408
46 56 185
46 103 491
46 110 666
46 102 676
46 92 107
46 58 599
46 86 250
46 98 444
46 67 494
46 112 965
46 91 872
46 96 844
46 73 894
46 93 118
46 61 319
46 57 159
46 97 419
46 119 6
46 99 746
46 111 793
46 107 708
46 48 93
46 55 662
46 101 641
46 117 931
46 71 70
46 63 440
46 83 852
46 85 670
46 66 770
46 52 149
47 113 83
47 62 443
47 77 201
47 82 201
47 89 483
47 116 840
47 93 980
47 64 80
47 90 577
47 50 757
47 109 638
47 78 567
47 53 588
47 67 748
47 63 246
47 58 490
47 94 286
47 56 576
47 80 894
47 76 450
47 83 713
47 98 332
47 119 908
47 72 397
47 65 237
47 102 116
47 88 712
47 73 42
47 69 539
47 100 880
47 97 376
47 61 113
47 85 659
47 106 209
47 114 281
47 70 831
47 108 60
47 105 749
47 86 231
47 103 550
47 101 73
47 74 81
47 54 565
47 110 276
47 57 888
47 118 531
47 84 185
47 55 502
47 52 466
47 104 134
47 79 28
47 99 409
47 107 654
48 82 350
48 109 184
48 100 452
48 57 227
48 69 164
48 63 395
48 64 234
48 52 431
48 111 327
48 81 244
48 105 346
48 107 1
48 49 697
48 84 954
48 93 701
48 90 374
48 78 705
48 94 402
48 62 596
48 60 591
48 103 260
48 50 514
48 92 31
48 98 911
48 71 452
48 117 800
48 75 428
48 119 234
48 116 924
48 96 78
48 104 713
48 85 734
48 106 916
48 55 854
48 66 401
48 88 34
48 113 233
48 65 873
48 114 37
48 86 748
48 89 232
48 61 436
48 67 443
48 59 839
48 83 135
48 53 279
48 112 516
48 108 532
48 51 607
48 99 710
49 74 713
49 76 959
49 50 718
49 111 181
49 107 956
49 116 94
49 59 677
49 104 80
49 66 676
49 53 423
49 112 639
49 99 872
49 72 717
49 80 926
49 83 437
49 78 808
49 89 235
49 63 156
49 51 62
49 65 94
49 93 331
49 92 109
49 110 873
49 118 811
49 97 732
49 69 607
49 102 253
49 94 45
49 87 921
49 101 991
49 79 833
49 67 709
49 58 737
49 75 178
49 90 632
49 95 676
49 70 932
49 84 227
49 64 778
49 60 14
49 108 495
49 54 851
49 68 743
49 103 203
49 77 38
49 86 692
49 115 256
49 73 585
49 113 653
50 51 397
50 118 166
50 60 532
50 56 426
50 68 578
50 76 332
50 110 243
50 104 707
50 97 80
50 102 492
50 66 448
50 88 977
50 108 687
50 101 641
50 63 340
50 78 113
50 80 535
50 70 232
50 98 888
50 105 152
50 100 544
50 99 609
50 84 2
50 85 249
50 95 811
50 96 643
50 71 735
50 92 626
50 113 556
50 106 285
50 115 981
50 57 231
50 103 131
50 81 248
50 83 516
50 112 125
50 74 262
50 61 60
50 86 554
50 94 444
50 52 760
50 91 239
50 73 663
50 59 7
50 65 306
50 69 679
50 119 83
50 82 882
50 77 734
50 109 939
50 89 469
50 117 891
50 75 456
50 87 526
50 93 659
50 67 825
51 87 670
51 100 280
51 90 43
51 111 617
51 63 200
51 114 52
51 77 531
51 53 470
51 58 114
51 103 687
51 109 994
51 118 1000
51 110 102
51 62 320
51 69 241
51 70 798
51 99 762
51 61 294
51 98 274
51 82 815
51 97 372
51 68 733
51 94 470
51 71 876
51 83 774
51 57 148
51 73 806
51 55 486
51 112 637
51 65 331
51 84 516
51 85 977
51 86 486
51 107 743
51 64 426
51 119 669
51 96 888
51 106 592
51 74 746
51 79 712
51 81 676
51 91 243
51 80 950
51 78 193
51 116 518
51 101 638
51 115 131
51 66 741
51 54 622
51 67 359
51 59 468
51 88 916
51 92 403
51 72 983
52 77 340
52 109 790
52 101 724
52 118 126
52 113 283
52 99 1
52 82 892
52 119 419
52 84 612
52 63 215
52 68 370
52 112 757
52 59 390
52 69 572
52 87 979
52 106 336
52 110 485
52 103 672
52 55 675
52 86 935
52 61 78
52 75 202
52 80 489
52 94 777
52 115 141
52 104 986
52 116 959
52 60 86
52 83 183
52 114 973
52 66 806
52 90 558
52 53 195
52 111 639
52 65 171
52 88 209
52 117 483
52 96 706
52 92 888
52 73 342
52 76 805
52 108 877
52 98 916
52 79 727
52 71 424
52 56 474
52 64 273
52 95 601
52 100 336
52 74 574
52 93 836
52 57 404
52 54 106
53 73 695
53 94 973
53 55 393
53 112 30
53 69 504
53 119 859
53 66 598
53 80 995
53 114 492
53 62 516
53 72 705
53 92 885
53 86 299
53 81 236
53 87 567
53 74 22
53 57 315
53 77 989
53 108 557
53 71 990
53 116 339
53 113 89
53 60 497
53 54 230
53 75 153
53 68 657
53 88 162
53 115 73
53 105 292
53 93 41
53 82 822
53 109 181
53 100 722
53 59 449
53 111 154
53 101 196
53 103 832
53 58 152
53 96 480
53 78 519
53 83 349
53 91 208
53 99 926
53 98 783
53 118 484
53 79 115
53 84 287
53 95 720
54 103 296
54 61 150
54 91 905
54 115 383
54 96 65
54 107 851
54 64 134
54 60 117
54 71 29
54 119 730
54 117 360
54 111 838
54 66 980
54 63 968
54 78 105
54 84 569
54 58 834
54 113 859
54 112 960
54 74 981
54 108 530
54 101 448
54 87 128
54 86 444
54 94 810
54 72 257
54 67 164
54 89 128
54 77 136
54 93 887
54 104 775
54 80 568
54 102 965
54 98 100
54 82 464
54 116 572
54 95 507
54 57 479
54 109 78
54 118 998
54 99 137
54 92 490
54 110 813
54 75 776
54 83 739
54 68 215
54 56 413
55 114 59
55 68 942
55 101 753
55 67 350
55 88 292
55 60 442
55 103 961
55 85 163
55 116 494
55 87 587
55 95 971
55 102 82
55 96 294
55 74 721
55 75 926
55 59 244
55 92 80
55 62 349
55 69 636
55 118 388
55 91 351
55 93 664
55 66 850
55 84 213
55 107 874
55 117 287
55 70 975
55 82 362
55 81 808
55 99 666
55 86 4
55 73 200
55 100 760
55 61 850
55 115 797
55 109 347
55 63 81
55 79 995
55 106 659
55 65 897
55 98 179
55 119 722
55 76 149
55 97 176
55 58 565
55 83 535
55 71 359
56 78 468
56 62 869
56 64 265
56 84 973
56 85 242
56 81 204
56 101 73
56 60 797
56 63 373
56 103 733
56 111 666
56 69 688
56 107 268
56 68 896
56 87 417
56 104 256
56 61 239
56 99 44
56 74 700
56 75 990
56 72 327
56 67 755
56 114 182
56 83 38
56 90 743
56 96 711
56 59 175
56 82 409
56 70 27
56 102 387
56 108 156
56 76 548
56 117 774
56 110 364
56 94 108
56 97 193
56 65 908
56 109 219
56 66 715
56 112 141
56 91 901
56 88 38
56 73 965
56 79 953
56 119 702
56 113 390
56 77 267
56 86 567
56 93 229
57 115 752
57 103 747
57 82 527
57 77 380
57 81 376
57 60 333
57 62 777
57 58 935
57 113 858
57 72 73
57 64 321
57 73 425
57 94 782
57 89 623
57 109 346
57 106 303
57 112 657
57 69 114
57 67 481
57 70 972
57 75 436
57 96 894
57 101 352
57 93 991
57 95 831
57 65 552
57 114 778
57 68 911
57 87 567
57 86 223
57 84 261
57 90 21
57 85 516
57 78 537
57 98 262
57 100 821
57 79 502
57 59 608
57 111 93
57 61 541
57 83 173
57 71 677
57 108 692
58 112 521
58 91 978
58 86 570
58 68 239
58 98 628
58 67 131
58 101 820
58 119 944
58 104 232
58 103 552
58 100 804
58 63 524
58 99 290
58 79 764
58 80 118
58 73 35
58 62 73
58 96 942
58 75 246
58 82 964
58 66 380
58 107 178
58 93 353
58 110 176
58 106 419
58 105 226
58 76 223
58 81 131
58 72 220
58 113 581
58 89 826
58 94 326
58 71 317
58 74 111
58 114 200
58 118 645
58 83 263
58 65 808
58 77 226
58 59 870
58 70 414
58 84 854
59 80 31
59 76 420
59 101 893
59 100 183
59 103 904
59 116 517
59 88 159
59 118 550
59 114 410
59 81 854
59 75 838
59 111 218
59 102 201
59 60 359
59 69 146
59 97 289
59 82 884
59 83 1000
59 72 67
59 79 288
59 113 652
59 85 663
59 65 14
59 77 663
59 84 195
59 104 636
59 73 95
59 93 871
59 119 218
59 87 125
59 94 470
59 68 695
59 105 767
59 108 5
59 74 143
59 96 32
59 66 733
59 70 352
59 64 614
59 92 770
59 95 930
59 62 385
59 63 277
59 67 837
60 113 710
60 72 16
60 84 631
60 100 262
60 82 726
60 108 56
60 71 999
60 66 365
60 92 776
60 107 982
60 102 784
60 94 973
60 114 568
60 65 406
60 85 73
60 103 37
60 79 620
60 87 795
60 117 201
60 61 447
60 116 529
60 80 467
60 73 655
60 118 242
60 106 810
60 95 990
60 70 588
60 89 135
60 93 137
60 98 306
60 91 245
60 109 144
60 115 793
60 119 84
60 90 36
60 74 194
60 96 349
60 112 574
60 83 133
60 67 164
60 63 258
61 99 40
61 103 603
61 106 535
61 101 215
61 73 474
61 95 28
61 109 241
61 92 508
61 119 722
61 102 914
61 65 615
61 90 327
61 76 304
61 107 198
61 93 601
61 118 685
61 89 102
61 88 824
61 116 762
61 104 990
61 114 678
61 71 518
61 62 8
61 78 103
61 83 457
61 69 457
61 115 181
61 100 53
61 111 240
61 75 920
61 72 651
61 79 932
61 110 29
61 97 386
61 64 396
61 113 626
61 105 48
61 94 981
61 98 317
61 112 626
62 84 93
62 98 490
62 88 706
62 115 352
62 87 625
62 112 883
62 76 7
62 80 905
62 109 211
62 68 856
62 111 669
62 77 88
62 108 836
62 116 339
62 103 699
62 113 775
62 78 387
62 93 914
62 83 927
62 96 41
62 72 492
62 114 730
62 97 650
62 94 579
62 92 263
62 70 195
62 63 114
62 102 241
62 73 708
62 105 822
62 90 903
62 99 881
62 65 512
62 82 662
62 110 951
62 100 380
62 71 157
62 101 119
62 118 223
62 119 479
62 85 982
62 86 872
62 81 684
62 95 511
62 74 24
62 66 293
62 69 381
63 73 839
63 103 995
63 76 109
63 111 931
63 64 789
63 101 124
63 95 666
63 87 226
63 109 220
63 116 431
63 105 273
63 83 963
63 78 246
63 100 271
63 110 385
63 65 489
63 96 135
63 107 913
63 67 534
63 112 947
63 115 177
63 119 796
63 108 341
63 93 979
63 102 211
63 72 106
63 75 550
63 113 732
63 70 733
63 81 58
63 98 360
63 86 897
63 85 951
63 99 788
63 94 412
63 97 843
63 69 318
63 117 609
63 89 545
63 106 626
63 90 708
64 71 210
64 65 988
64 88 96
64 66 913
64 80 292
64 97 621
64 98 166
64 112 23
64 76 165
64 114 782
64 77 915
64 85 203
64 110 794
64 75 76
64 86 18
64 70 723
64 91 507
64 87 859
64 107 91
64 95 563
64 96 922
64 93 253
64 83 423
64 89 514
64 115 722
64 113 987
64 101 6
64 117 119
64 92 262
64 111 539
64 108 895
64 102 296
64 81 71
64 118 521
64 73 735
64 69 973
64 116 573
64 100 782
64 68 361
64 99 54
64 74 211
65 79 474
65 118 821
65 80 814
65 68 956
65 73 228
65 72 979
65 88 375
65 119 521
65 117 523
65 91 772
65 116 48
65 102 574
65 89 418
65 83 118
65 101 399
65 75 844
65 82 240
65 78 290
65 93 911
65 94 15
65 86 781
65 95 944
65 76 287
65 84 689
65 92 893
65 77 145
65 85 213
65 98 313
65 103 345
65 114 222
65 71 659
65 74 341
65 113 695
65 115 88
65 108 218
65 112 512
65 109 819
65 70 269
65 106 830
65 67 5
65 96 186
66 119 214
66 104 154
66 108 261
66 109 884
66 113 901
66 73 598
66 89 660
66 84 727
66 105 684
66 72 88
66 86 145
66 92 489
66 110 963
66 101 977
66 67 714
66 79 781
66 116 173
66 99 913
66 96 88
66 68 215
66 88 665
66 117 969
66 76 999
66 70 359
66 94 651
66 78 183
66 97 835
66 74 254
66 100 8
66 107 524
66 77 735
66 91 110
66 106 549
66 90 520
66 87 666
66 85 328
66 114 673
67 111 137
67 117 117
67 68 276
67 96 765
67 97 594
67 80 573
67 100 481
67 119 663
67 86 520
67 77 425
67 109 161
67 92 949
67 74 699
67 70 942
67 84 885
67 83 208
67 71 890
67 114 186
67 101 318
67 81 618
67 103 696
67 115 750
67 118 940
67 107 440
67 76 552
67 91 752
67 75 902
67 116 777
67 78 230
67 85 796
67 79 478
67 113 645
67 69 369
67 72 139
67 112 985
67 73 376
67 99 506
67 82 285
67 104 480
67 87 417
67 95 89
67 89 52
68 86 426
68 109 63
68 88 404
68 96 878
68 74 22
68 92 651
68 106 781
68 102 615
68 98 987
68 119 538
68 69 14
68 116 748
68 80 627
68 84 559
68 83 151
68 113 304
68 70 51
68 99 55
68 72 82
68 100 111
68 75 211
68 104 631
68 85 778
68 110 273
68 112 626
68 78 419
68 118 952
68 103 194
68 93 948
68 76 896
68 97 683
68 90 626
68 117 757
68 89 951
68 114 391
69 111 495
69 106 714
69 118 922
69 72 49
69 108 4
69 71 63
69 75 653
69 86 320
69 90 615
69 110 420
69 117 859
69 115 94
69 101 15
69 81 20
69 103 820
69 85 611
69 84 968
69 113 608
69 82 885
69 89 859
69 87 874
69 98 208
69 119 448
69 74 583
69 77 196
69 112 59
69 83 445
69 97 974
69 100 455
69 109 435
69 93 274
69 96 333
69 78 658
69 92 115
69 70 798
69 79 360
69 73 237
69 91 679
69 80 837
69 107 616
69 104 409
69 95 656
69 102 945
69 105 414
70 73 820
70 119 557
70 93 368
70 117 324
70 94 452
70 92 782
70 79 827
70 100 908
70 97 235
70 114 703
70 77 709
70 85 389
70 86 629
70 72 443
70 87 923
70 99 274
70 113 187
70 104 425
70 111 431
70 74 523
70 105 655
70 112 545
70 71 301
70 83 703
70 101 137
70 80 879
70 89 820
70 110 43
70 109 821
70 88 584
70 115 448
70 116 418
70 82 71
70 106 167
70 108 98
70 76 239
70 91 625
70 98 9
70 118 715
70 81 682
71 76 52
71 97 475
71 75 802
71 107 709
71 95 31
71 77 573
71 88 190
71 91 724
71 117 272
71 90 670
71 87 293
71 116 783
71 114 156
71 119 528
71 108 720
71 81 450
71 118 874
71 86 177
71 78 121
71 102 182
71 111 827
71 83 4
71 80 68
71 110 87
71 103 197
71 93 543
71 100 657
71 89 659
71 99 876
71 72 291
71 109 3
71 92 985
71 105 875
71 85 53
71 96 400
71 94 874
71 115 876
71 84 355
72 88 96
72 74 571
72 90 525
72 114 644
72 115 609
72 96 411
72 112 477
72 82 8
72 91 681
72 110 181
72 101 790
72 86 823
72 117 975
72 95 780
72 83 628
72 75 418
72 79 634
72 100 957
72 107 827
72 81 545
72 99 722
72 85 261
72 118 143
72 119 751
72 98 983
72 94 608
72 102 253
72 84 920
72 116 426
72 80 160
72 89 159
72 78 867
72 106 268
72 109 194
72 111 710
73 112 680
73 106 92
73 107 988
73 89 969
73 118 966
73 113 929
73 102 556
73 117 913
73 88 573
73 109 508
73 119 361
73 81 923
73 80 989
73 98 563
73 90 308
73 92 886
73 114 402
73 111 66
73 116 500
73 78 648
73 105 192
73 83 501
73 87 623
73 85 33
73 95 615
73 91 621
73 104 361
73 82 783
73 76 346
73 79 981
73 97 957
73 84 169
74 79 888
74 107 52
74 104 929
74 95 344
74 118 628
74 94 203
74 77 958
74 112 347
74 80 929
74 106 864
74 101 303
74 78 142
74 100 142
74 81 73
74 99 803
74 115 599
74 93 835
74 111 144
74 113 731
74 89 809
74 108 117
74 114 279
74 110 350
74 83 968
74 98 512
74 119 941
74 76 15
74 102 551
74 91 373
74 103 206
74 75 647
74 86 785
74 88 338
74 82 738
75 95 736
75 85 423
75 79 115
75 102 414
75 109 897
75 112 670
75 104 235
75 107 996
75 114 66
75 78 310
75 89 629
75 88 686
75 108 237
75 117 335
75 87 604
75 106 335
75 105 644
75 92 65
75 81 621
75 101 683
75 119 240
75 80 460
75 96 913
75 83 708
75 82 780
75 97 876
75 90 644
75 103 55
75 99 11
75 111 816
75 113 495
75 86 269
76 78 299
76 109 243
76 84 720
76 103 337
76 116 27
76 112 436
76 97 750
76 80 879
76 82 841
76 94 973
76 118 361
76 102 341
76 119 593
76 90 255
76 99 421
76 113 863
76 106 152
76 117 244
76 105 831
76 104 433
76 96 391
76 95 12
76 77 476
76 85 345
76 92 752
76 83 199
76 110 415
76 100 739
76 91 637
77 116 156
77 113 584
77 101 783
77 109 654
77 99 650
77 88 40
77 97 655
77 89 636
77 94 540
77 111 476
77 105 543
77 96 788
77 86 648
77 93 507
77 106 685
77 80 330
77 107 505
77 84 965
77 85 999
77 117 442
77 104 859
77 87 654
77 100 957
77 119 383
77 78 373
77 92 430
77 98 607
77 95 205
77 118 30
77 103 17
77 79 818
77 112 703
77 114 263
77 90 948
77 81 415
78 106 488
78 91 164
78 109 863
78 112 467
78 81 693
78 92 79
78 88 217
78 102 126
78 114 629
78 104 837
78 89 196
78 90 15
78 108 521
78 94 339
78 79 211
78 110 419
78 111 942
78 80 833
78 113 510
78 98 22
78 93 620
78 107 114
78 118 544
78 83 314
78 117 985
78 100 696
78 99 23
78 115 366
78 119 607
78 105 742
78 85 7
78 82 320
78 103 295
78 87 259
79 95 560
79 112 166
79 113 763
79 85 123
79 91 583
79 92 749
79 111 733
79 83 612
79 90 628
79 117 223
79 84 336
79 102 658
79 119 132
79 101 201
79 93 463
79 87 642
79 109 830
79 114 159
79 103 407
79 110 660
79 106 875
79 115 289
79 94 281
79 105 988
79 104 570
79 100 414
79 108 289
79 88 410
79 96 922
79 118 315
80 89 615
80 101 882
80 115 415
80 90 466
80 105 748
80 84 743
80 92 24
80 96 270
80 108 433
80 99 233
80 85 72
80 95 101
80 119 57
80 118 354
80 116 723
80 94 39
80 100 383
80 88 984
80 86 626
80 114 63
80 113 810
80 81 129
80 107 720
80 97 480
80 93 148
80 102 270
80 82 918
80 109 747
80 98 27
81 91 387
81 109 704
81 111 188
81 86 566
81 118 256
81 117 918
81 101 478
81 116 735
81 100 306
81 85 834
81 82 844
81 96 603
81 98 366
81 108 323
81 105 607
81 106 375
81 92 480
81 113 760
81 119 661
81 104 32
81 84 841
81 97 830
81 103 371
81 89 475
81 99 675
81 95 272
81 90 266
81 110 942
81 87 560
82 106 344
82 87 472
82 107 311
82 84 583
82 111 158
82 88 285
82 86 371
82 98 340
82 100 498
82 103 740
82 108 229
82 101 459
82 118 585
82 95 384
82 113 243
82 90 488
82 91 706
82 93 127
82 85 192
82 92 750
82 117 735
82 97 163
82 119 913
82 105 48
82 104 697
82 96 878
82 112 691
82 94 57
82 115 312
82 110 279
83 95 716
83 98 445
83 112 155
83 92 368
83 108 913
83 109 446
83 110 419
83 84 997
83 97 423
83 105 122
83 115 123
83 88 579
83 100 180
83 85 547
83 114 751
83 96 59
83 107 210
83 86 101
83 102 789
83 93 487
83 103 437
83 118 795
83 101 684
83 111 27
83 113 656
83 99 23
83 87 371
83 116 147
83 89 216
84 97 539
84 100 804
84 88 11
84 117 983
84 86 417
84 104 899
84 115 725
84 111 233
84 96 836
84 98 268
84 103 645
84 118 437
84 105 115
84 85 57
84 106 106
84 113 865
84 112 648
84 114 154
84 102 738
84 119 677
84 93 660
84 95 669
84 107 248
84 116 36
84 99 508
84 101 523
84 110 638
84 87 948
85 98 559
85 116 541
85 106 842
85 111 407
85 91 560
85 117 443
85 108 272
85 90 331
85 100 70
85 114 374
85 110 135
85 93 514
85 105 367
85 107 562
85 89 73
85 99 514
85 92 235
85 112 364
85 86 780
85 87 653
85 101 31
85 104 461
85 119 189
85 88 68
85 113 521
86 93 155
86 108 786
86 95 484
86 87 604
86 106 176
86 107 278
86 112 48
86 101 6
86 97 515
86 96 450
86 111 695
86 117 615
86 110 259
86 118 818
86 114 597
86 88 424
86 104 562
86 99 221
86 102 131
86 94 855
86 109 464
86 90 98
86 98 662
86 89 106
86 113 958
86 100 222
87 93 177
87 97 925
87 95 557
87 98 815
87 117 736
87 108 530
87 103 999
87 101 620
87 110 721
87 113 308
87 89 191
87 91 703
87 88 833
87 92 42
87 118 393
87 107 884
87 105 9
87 96 966
87 111 788
87 90 665
87 104 824
87 99 754
87 94 6
87 100 765
87 119 197
87 115 8
87 112 509
87 116 115
87 102 173
87 114 946
88 109 891
88 93 193
88 103 306
88 101 670
88 92 193
88 104 433
88 112 332
88 119 366
88 90 956
88 110 495
88 115 145
88 95 577
88 118 56
88 94 810
88 102 809
88 107 974
88 108 112
88 97 106
88 96 559
88 114 240
88 99 778
88 106 932
88 113 634
88 100 9
89 103 523
89 96 529
89 91 158
89 116 438
89 106 835
89 95 421
89 102 772
89 114 406
89 104 371
89 109 911
89 101 941
89 119 913
89 110 64
89 108 558
89 98 134
89 100 731
89 99 152
89 111 383
89 115 503
89 118 776
90 91 513
90 115 249
90 97 321
90 102 137
90 99 709
90 100 701
90 105 961
90 98 842
90 92 501
90 113 760
90 119 431
90 109 533
90 112 721
90 117 863
90 110 660
90 94 831
90 114 183
90 118 314
90 107 563
90 101 830
91 119 58
91 115 260
91 102 477
91 117 589
91 118 563
91 100 29
91 101 452
91 113 400
91 116 700
91 96 135
91 111 10
91 99 779
91 107 688
91 103 793
91 108 352
91 94 933
91 97 243
91 105 692
91 106 304
91 104 365
91 110 10
91 92 650
92 97 463
92 114 663
92 119 300
92 116 537
92 118 114
92 110 414
92 102 798
92 94 626
92 104 506
92 117 591
92 106 444
92 93 957
92 105 502
92 111 408
92 96 811
92 103 603
92 107 775
92 113 578
93 119 518
93 102 311
93 107 842
93 111 694
93 100 652
93 94 96
93 95 425
93 117 625
93 112 915
93 105 151
93 116 288
93 99 26
93 104 394
93 118 718
93 106 545
93 115 163
93 101 44
93 108 133
94 101 280
94 115 480
94 116 858
94 104 614
94 108 183
94 105 669
94 102 332
94 106 688
94 100 887
94 99 978
94 103 397
94 117 99
94 98 591
94 114 686
94 95 808
94 112 68
95 105 477
95 101 808
95 99 732
95 115 116
95 96 150
95 104 220
95 110 808
95 106 78
95 119 778
95 97 998
95 98 595
95 117 418
95 114 813
95 103 15
95 116 146
95 107 438
95 102 693
95 109 974
95 111 608
95 112 256
95 108 398
95 118 53
95 100 514
96 100 173
96 117 349
96 101 848
96 107 453
96 109 997
96 118 802
96 111 25
96 106 400
96 114 993
96 105 570
96 103 902
96 115 920
96 110 347
96 113 287
96 98 698
96 102 726
96 112 591
96 108 481
96 97 159
96 119 964
97 116 600
97 100 150
97 98 35
97 109 259
97 106 640
97 104 369
97 115 92
97 101 141
97 114 882
97 102 393
97 103 237
97 117 946
97 108 778
98 107 844
98 117 606
98 100 611
98 110 126
98 108 597
98 104 73
98 111 744
98 99 558
98 103 672
98 105 822
98 109 180
98 114 98
98 116 755
98 102 515
99 105 134
99 101 76
99 115 202
99 103 654
99 114 525
99 100 496
99 107 9
99 116 905
99 106 526
99 111 996
99 104 855
99 117 199
99 112 341
99 113 333
99 102 68
99 108 109
99 119 926
100 103 285
100 115 44
100 116 833
100 117 257
100 102 614
100 107 381
100 111 963
100 112 587
100 105 565
100 101 689
100 114 168
100 118 627
100 106 811
100 109 971
100 119 455
100 110 954
101 116 846
101 107 26
101 118 243
101 102 632
101 119 640
101 113 632
101 110 204
101 108 165
101 106 322
101 104 180
101 117 30
101 103 402
101 115 395
102 111 581
102 105 815
102 107 966
102 116 131
102 115 86
102 106 10
102 117 725
102 103 728
102 108 393
102 104 103
102 118 659
102 113 850
102 119 652
103 110 544
103 107 565
103 119 775
103 108 376
103 115 741
103 118 851
103 105 378
103 109 529
103 104 137
103 116 428
103 106 383
103 112 113
104 116 852
104 117 37
104 110 267
104 118 63
104 119 945
104 112 880
104 115 967
104 109 814
104 105 712
104 113 373
105 106 966
105 107 519
105 117 726
105 119 600
105 110 561
105 116 756
105 113 306
105 109 826
105 111 420
106 114 831
106 108 979
106 112 958
106 107 278
106 116 118
106 119 712
106 110 312
106 109 799
106 115 580
106 111 615
107 118 918
107 111 992
107 108 371
107 115 276
107 117 860
107 114 197
107 112 125
107 119 288
108 109 268
108 110 803
108 113 336
108 112 374
108 116 158
108 119 294
108 114 94
108 115 286
109 117 205
109 114 124
109 119 585
109 111 544
109 112 394
109 113 631
109 116 964
109 115 672
109 118 932
110 117 683
110 118 231
110 114 312
110 119 800
110 115 95
110 112 8
110 113 901
111 116 965
111 113 181
111 114 642
111 118 63
111 117 37
111 112 738
111 119 553
112 114 609
112 119 332
112 115 753
112 118 243
112 113 637
113 117 520
113 115 724
113 116 791
113 119 352
113 118 711
114 116 483
114 119 786
114 115 90
115 117 326
115 116 540
115 119 339
116 118 662
116 119 160
117 118 808
117 119 771
118 119 641
