250
45
12 105 135
73 113 975
216 43 731
57 223 299
180 94 153
175 156 805
43 236 212
245 24 782
4 215 980
53 12 312
53 104 25
30 18 664
158 204 246
145 203 592
46 244 630
177 217 154
167 86 333
74 70 493
84 223 401
183 218 160
78 246 475
199 99 111
86 89 283
136 82 133
240 9 839
104 212 187
87 218 502
91 75 625
177 238 948
64 136 550
175 145 985
139 50 188
104 9 806
74 243 913
242 189 8
19 117 287
169 76 1
176 51 938
214 236 166
34 227 787
0 29 659
63 109 229
54 47 371
18 11 149
54 229 555
0 0
1 0
2 1
3 0
4 0
5 1
6 0
7 1
8 1
9 1
10 0
11 0
12 1
13 1
14 1
15 1
16 0
17 0
18 1
19 0
20 1
21 1
22 0
23 1
24 0
25 1
26 1
27 1
28 0
29 1
30 0
31 1
32 1
33 1
34 1
35 0
36 0
37 1
38 0
39 0
40 1
41 1
42 0
43 1
44 0
45 0
46 1
47 1
48 1
49 0
50 1
51 1
52 0
53 0
54 0
55 0
56 0
57 0
58 1
59 0
60 0
61 0
62 1
63 0
64 0
65 0
66 1
67 1
68 1
69 1
70 1
71 0
72 1
73 1
74 0
75 1
76 0
77 1
78 1
79 0
80 0
81 0
82 0
83 1
84 0
85 1
86 0
87 1
88 0
89 1
90 0
91 0
92 1
93 0
94 1
95 0
96 0
97 0
98 1
99 0
100 1
101 1
102 0
103 0
104 0
105 0
106 0
107 0
108 0
109 1
110 1
111 1
112 0
113 0
114 0
115 1
116 0
117 1
118 1
119 1
120 1
121 0
122 1
123 0
124 0
125 1
126 0
127 1
128 1
129 1
130 0
131 1
132 0
133 1
134 1
135 1
136 1
137 0
138 1
139 0
140 1
141 1
142 1
143 1
144 0
145 1
146 1
147 0
148 0
149 1
150 0
151 0
152 1
153 0
154 0
155 0
156 1
157 1
158 0
159 1
160 1
161 0
162 1
163 0
164 0
165 1
166 0
167 1
168 1
169 1
170 1
171 1
172 1
173 1
174 0
175 0
176 0
177 1
178 0
179 0
180 0
181 0
182 1
183 1
184 0
185 1
186 0
187 1
188 0
189 1
190 1
191 0
192 0
193 0
194 0
195 0
196 0
197 1
198 0
199 1
200 1
201 1
202 0
203 0
204 1
205 0
206 0
207 0
208 1
209 0
210 0
211 0
212 1
213 1
214 1
215 1
216 0
217 0
218 0
219 0
220 1
221 1
222 1
223 1
224 1
225 0
226 1
227 0
228 1
229 1
230 1
231 1
232 1
233 1
234 0
235 0
236 0
237 0
238 0
239 0
240 0
241 1
242 0
243 1
244 0
245 1
246 0
247 1
248 1
249 0