1000
383
299 784 433
810 447 960
449 711 84
440 287 391
869 156 344
401 395 386
480 347 745
179 278 230
386 430 255
770 243 257
31 471 753
645 747 950
876 930 297
134 736 844
211 749 819
601 838 221
801 430 783
654 300 398
389 247 151
470 596 213
659 296 918
651 431 630
542 607 62
953 290 57
754 677 659
328 518 661
726 255 351
331 982 576
572 692 31
297 271 414
732 814 479
659 320 833
677 958 495
412 952 381
667 615 332
928 543 129
259 571 791
78 669 35
403 908 98
632 387 337
706 212 33
799 141 662
403 264 714
407 646 481
805 652 281
611 809 412
56 239 312
200 500 326
913 823 338
613 156 736
39 97 891
113 73 479
750 436 694
854 962 909
540 208 561
261 917 860
833 751 983
108 949 351
680 254 426
313 237 754
521 595 648
931 895 624
78 112 797
292 838 22
331 148 205
756 647 356
259 361 298
66 869 281
233 200 283
597 651 987
527 716 489
496 163 475
521 194 931
111 373 290
538 342 772
211 116 876
890 252 668
956 696 691
708 9 962
24 349 761
969 789 231
302 710 378
243 821 99
961 768 142
612 512 382
365 394 205
981 941 681
620 526 8
830 203 212
642 201 576
63 574 160
128 979 112
812 330 932
883 954 324
26 748 551
342 918 98
214 599 218
30 344 105
210 485 517
810 354 157
33 698 594
5 593 406
154 492 471
128 870 582
651 42 916
97 260 23
4 948 96
143 927 66
793 666 281
360 433 202
823 310 217
703 891 786
355 349 446
828 146 979
742 753 591
75 302 915
206 303 774
357 391 247
351 56 252
389 916 64
990 178 420
816 744 553
340 513 197
700 958 465
0 919 980
855 890 66
529 288 563
217 271 1
529 941 503
791 657 29
390 670 862
653 114 764
358 186 518
136 659 652
597 106 667
703 700 638
162 111 189
830 198 451
681 811 867
315 577 714
862 963 874
653 97 579
394 284 583
107 309 904
598 352 527
337 324 53
224 229 22
923 651 938
558 596 782
276 593 131
107 189 888
222 957 940
341 540 706
517 246 607
270 789 828
929 41 778
125 698 42
135 582 220
219 813 283
295 170 379
405 562 746
184 714 806
401 205 117
822 406 421
11 836 696
505 966 544
329 414 16
143 466 45
853 472 983
598 680 959
701 460 171
128 706 623
951 993 873
619 195 674
735 594 89
719 487 223
142 721 432
679 143 524
203 229 949
119 176 502
896 605 149
497 601 188
772 767 314
63 334 311
104 13 786
367 110 402
525 850 972
931 683 740
535 226 909
968 480 538
529 99 551
202 283 914
280 228 840
440 615 56
530 494 554
870 378 625
383 473 674
823 987 473
723 314 36
522 402 933
453 260 610
176 343 922
309 856 522
212 412 347
639 541 97
782 588 867
185 19 241
13 992 107
656 814 530
562 426 213
568 163 19
1 645 456
666 548 521
317 29 947
899 151 806
511 802 773
827 101 889
878 581 519
244 109 557
354 249 41
406 560 880
34 153 406
505 242 166
228 878 741
647 9 146
663 356 96
14 864 535
128 639 95
363 180 161
890 498 83
595 286 707
585 440 256
412 537 577
605 269 238
149 163 353
787 40 592
945 481 541
730 41 311
428 133 842
361 587 703
659 352 379
142 352 379
735 14 112
199 782 80
813 652 957
103 780 463
223 564 964
822 85 49
661 652 196
844 363 738
6 191 864
838 5 959
855 228 605
705 70 636
666 498 961
918 169 403
62 553 25
452 318 243
374 147 873
917 672 65
259 337 865
364 82 372
416 2 131
244 574 232
991 236 734
306 423 293
218 951 881
73 641 559
87 399 911
765 876 589
819 198 225
798 53 121
740 508 165
649 797 954
751 888 710
203 583 551
887 327 834
120 442 294
28 699 196
3 294 496
347 435 237
851 116 839
843 823 210
706 106 897
943 324 737
178 585 786
326 205 960
456 8 381
961 745 101
770 957 130
186 959 4
566 666 265
245 750 146
50 161 807
889 538 547
183 927 793
190 685 953
488 319 367
691 252 830
359 319 209
643 876 723
272 645 326
200 318 755
960 491 41
811 770 88
836 967 311
943 657 546
88 955 368
628 134 273
374 707 381
54 322 612
665 628 203
856 122 179
296 496 917
347 29 641
125 604 430
996 81 408
244 913 108
306 358 450
383 966 239
99 614 239
231 847 482
620 905 129
597 598 545
37 572 135
21 202 114
498 504 131
18 694 470
790 956 412
927 850 372
427 214 947
716 14 594
858 311 418
322 969 827
325 289 146
749 260 64
597 416 662
352 330 846
933 639 974
145 338 806
863 107 854
564 7 298
241 436 406
827 71 43
142 24 575
855 411 474
800 632 314
481 453 571
596 673 264
264 426 776
491 723 325
940 337 198
883 324 621
290 316 988
183 735 767
240 660 809
665 577 589
34 875 344
785 168 653
934 399 630
452 227 766
892 335 451
441 530 989
975 866 65
798 933 7
924 254 495
543 197 242
200 521 123
161 252 723
970 307 538
330 786 545
830 103 939
588 209 842
924 29 11
761 308 434
322 149 824
639 840 357
891 89 369
601 737 648
902 291 394
758 518 1
835 312 433
397 372 478
0 0
1 2
2 2
3 0
4 0
5 2
6 0
7 1
8 2
9 1
10 2
11 0
12 1
13 1
14 1
15 1
16 1
17 1
18 0
19 2
20 2
21 1
22 1
23 2
24 0
25 0
26 1
27 0
28 2
29 1
30 0
31 1
32 0
33 2
34 0
35 2
36 1
37 0
38 1
39 2
40 2
41 2
42 0
43 2
44 2
45 2
46 1
47 2
48 2
49 0
50 1
51 0
52 2
53 0
54 1
55 2
56 2
57 0
58 1
59 1
60 0
61 2
62 1
63 1
64 2
65 2
66 0
67 0
68 2
69 1
70 0
71 2
72 0
73 2
74 1
75 0
76 1
77 2
78 2
79 1
80 0
81 0
82 2
83 0
84 0
85 0
86 0
87 0
88 0
89 2
90 1
91 0
92 1
93 1
94 2
95 2
96 1
97 0
98 0
99 0
100 2
101 2
102 0
103 2
104 2
105 0
106 2
107 2
108 0
109 2
110 1
111 0
112 1
113 0
114 0
115 1
116 2
117 0
118 2
119 0
120 0
121 0
122 2
123 0
124 0
125 2
126 0
127 0
128 0
129 2
130 1
131 0
132 2
133 2
134 2
135 1
136 0
137 0
138 1
139 1
140 0
141 1
142 2
143 2
144 2
145 0
146 2
147 0
148 2
149 2
150 0
151 2
152 2
153 2
154 2
155 1
156 0
157 1
158 2
159 2
160 1
161 0
162 2
163 1
164 1
165 0
166 0
167 1
168 1
169 2
170 1
171 2
172 0
173 1
174 0
175 1
176 1
177 1
178 0
179 0
180 0
181 1
182 2
183 2
184 0
185 0
186 1
187 1
188 2
189 1
190 0
191 2
192 1
193 0
194 1
195 2
196 2
197 0
198 0
199 0
200 0
201 2
202 2
203 2
204 2
205 0
206 2
207 1
208 1
209 0
210 2
211 0
212 0
213 1
214 0
215 2
216 0
217 2
218 2
219 0
220 1
221 0
222 2
223 1
224 1
225 0
226 2
227 1
228 0
229 0
230 0
231 2
232 2
233 1
234 0
235 1
236 0
237 1
238 2
239 1
240 1
241 0
242 0
243 0
244 1
245 2
246 0
247 1
248 2
249 1
250 0
251 2
252 2
253 2
254 2
255 0
256 2
257 1
258 1
259 2
260 1
261 2
262 0
263 1
264 2
265 1
266 1
267 2
268 1
269 0
270 1
271 0
272 1
273 1
274 2
275 0
276 1
277 2
278 1
279 0
280 1
281 2
282 1
283 0
284 2
285 1
286 1
287 1
288 0
289 2
290 1
291 1
292 2
293 1
294 2
295 2
296 1
297 1
298 2
299 0
300 0
301 2
302 1
303 1
304 1
305 0
306 1
307 2
308 2
309 1
310 1
311 1
312 1
313 2
314 2
315 1
316 0
317 2
318 1
319 0
320 1
321 0
322 0
323 1
324 2
325 1
326 2
327 0
328 2
329 0
330 2
331 0
332 0
333 0
334 0
335 0
336 2
337 0
338 2
339 0
340 0
341 1
342 2
343 0
344 2
345 0
346 1
347 0
348 0
349 2
350 1
351 0
352 1
353 0
354 2
355 0
356 2
357 2
358 0
359 1
360 0
361 0
362 2
363 1
364 0
365 2
366 2
367 0
368 0
369 1
370 1
371 2
372 0
373 2
374 2
375 1
376 2
377 0
378 0
379 1
380 2
381 2
382 2
383 0
384 0
385 1
386 2
387 1
388 2
389 2
390 2
391 0
392 2
393 0
394 1
395 2
396 1
397 2
398 2
399 1
400 2
401 1
402 0
403 0
404 2
405 1
406 1
407 2
408 1
409 0
410 0
411 0
412 2
413 0
414 2
415 1
416 1
417 2
418 0
419 0
420 2
421 1
422 1
423 2
424 1
425 0
426 0
427 1
428 1
429 0
430 0
431 1
432 0
433 1
434 1
435 1
436 1
437 2
438 0
439 0
440 0
441 0
442 1
443 0
444 2
445 0
446 0
447 2
448 1
449 2
450 2
451 0
452 2
453 2
454 1
455 2
456 1
457 2
458 1
459 1
460 0
461 2
462 2
463 2
464 0
465 1
466 1
467 1
468 1
469 0
470 2
471 2
472 1
473 2
474 1
475 0
476 2
477 0
478 2
479 0
480 1
481 1
482 2
483 1
484 1
485 1
486 2
487 0
488 1
489 0
490 2
491 1
492 1
493 2
494 2
495 1
496 0
497 2
498 1
499 1
500 2
501 2
502 2
503 2
504 2
505 1
506 1
507 2
508 0
509 1
510 0
511 2
512 2
513 2
514 2
515 0
516 0
517 2
518 0
519 2
520 0
521 2
522 1
523 2
524 2
525 0
526 2
527 0
528 1
529 1
530 1
531 1
532 2
533 2
534 1
535 1
536 0
537 0
538 1
539 0
540 2
541 0
542 0
543 2
544 1
545 1
546 2
547 0
548 1
549 0
550 2
551 2
552 0
553 0
554 2
555 1
556 1
557 0
558 1
559 2
560 0
561 1
562 2
563 2
564 2
565 2
566 1
567 1
568 2
569 2
570 1
571 0
572 1
573 1
574 0
575 0
576 2
577 0
578 1
579 1
580 1
581 1
582 0
583 1
584 1
585 2
586 1
587 1
588 2
589 0
590 1
591 1
592 1
593 0
594 2
595 0
596 0
597 0
598 2
599 1
600 0
601 1
602 1
603 0
604 0
605 1
606 0
607 1
608 1
609 2
610 0
611 1
612 0
613 1
614 2
615 1
616 2
617 1
618 1
619 1
620 1
621 0
622 2
623 1
624 0
625 0
626 1
627 1
628 0
629 1
630 0
631 1
632 0
633 2
634 1
635 1
636 0
637 2
638 1
639 1
640 0
641 0
642 0
643 2
644 2
645 0
646 0
647 2
648 2
649 2
650 0
651 2
652 0
653 2
654 2
655 0
656 2
657 0
658 0
659 2
660 0
661 1
662 2
663 0
664 1
665 1
666 0
667 2
668 2
669 0
670 1
671 2
672 2
673 2
674 2
675 1
676 1
677 2
678 2
679 1
680 1
681 2
682 1
683 0
684 0
685 1
686 2
687 1
688 2
689 1
690 2
691 0
692 0
693 0
694 1
695 0
696 2
697 1
698 0
699 1
700 0
701 2
702 2
703 1
704 1
705 1
706 1
707 1
708 0
709 0
710 2
711 0
712 0
713 0
714 1
715 1
716 2
717 1
718 0
719 2
720 1
721 0
722 1
723 0
724 2
725 1
726 1
727 0
728 2
729 1
730 1
731 1
732 1
733 0
734 1
735 0
736 0
737 2
738 2
739 1
740 1
741 2
742 2
743 1
744 1
745 1
746 1
747 1
748 0
749 2
750 0
751 0
752 2
753 0
754 0
755 2
756 0
757 1
758 2
759 0
760 2
761 1
762 0
763 0
764 0
765 1
766 0
767 1
768 0
769 0
770 2
771 0
772 2
773 0
774 2
775 2
776 0
777 2
778 0
779 1
780 1
781 2
782 1
783 2
784 2
785 2
786 0
787 1
788 1
789 0
790 2
791 2
792 2
793 2
794 2
795 0
796 2
797 0
798 2
799 0
800 2
801 1
802 0
803 1
804 2
805 2
806 1
807 1
808 1
809 0
810 0
811 0
812 1
813 2
814 0
815 2
816 0
817 1
818 1
819 2
820 1
821 1
822 2
823 0
824 2
825 2
826 0
827 1
828 1
829 0
830 1
831 1
832 1
833 2
834 1
835 2
836 2
837 1
838 0
839 0
840 2
841 0
842 2
843 2
844 2
845 2
846 0
847 1
848 0
849 0
850 1
851 0
852 1
853 0
854 1
855 2
856 0
857 0
858 2
859 0
860 0
861 2
862 2
863 0
864 2
865 0
866 1
867 1
868 0
869 1
870 2
871 0
872 0
873 2
874 1
875 1
876 0
877 2
878 2
879 1
880 2
881 1
882 0
883 1
884 0
885 0
886 0
887 1
888 1
889 0
890 0
891 0
892 1
893 0
894 0
895 0
896 2
897 1
898 2
899 1
900 0
901 0
902 0
903 0
904 0
905 0
906 1
907 2
908 1
909 1
910 0
911 0
912 2
913 2
914 1
915 1
916 0
917 1
918 1
919 1
920 1
921 2
922 1
923 0
924 0
925 2
926 1
927 0
928 0
929 1
930 2
931 2
932 0
933 0
934 2
935 1
936 0
937 1
938 1
939 2
940 2
941 0
942 1
943 1
944 2
945 2
946 1
947 2
948 2
949 1
950 2
951 1
952 0
953 2
954 0
955 2
956 0
957 1
958 1
959 2
960 0
961 2
962 2
963 1
964 2
965 2
966 2
967 0
968 0
969 2
970 0
971 2
972 1
973 2
974 2
975 2
976 1
977 0
978 2
979 1
980 1
981 2
982 2
983 1
984 1
985 0
986 0
987 1
988 2
989 1
990 2
991 1
992 0
993 2
994 1
995 2
996 1
997 1
998 0
999 0