250
46
9 137 462
106 51 513
112 46 767
140 215 128
233 33 104
227 96 457
243 74 478
72 153 518
22 57 623
111 150 829
156 174 818
119 132 707
12 35 258
217 31 515
49 51 461
167 219 626
56 15 96
73 216 626
225 97 924
98 243 821
167 107 171
50 144 991
94 221 543
194 150 561
108 233 793
130 18 83
201 248 882
209 17 194
200 35 933
0 217 182
57 26 371
46 99 256
230 245 266
0 2 610
55 209 732
64 210 12
205 219 534
26 230 434
131 146 725
199 29 920
108 228 891
190 180 574
102 237 958
232 70 315
157 96 390
179 170 734
0 1
1 1
2 0
3 1
4 1
5 0
6 1
7 0
8 0
9 0
10 0
11 1
12 0
13 1
14 1
15 1
16 1
17 1
18 1
19 0
20 0
21 1
22 0
23 0
24 0
25 0
26 0
27 1
28 0
29 1
30 0
31 1
32 0
33 1
34 0
35 1
36 1
37 1
38 0
39 1
40 1
41 1
42 1
43 1
44 1
45 1
46 1
47 1
48 1
49 0
50 0
51 1
52 0
53 1
54 1
55 1
56 0
57 1
58 0
59 0
60 0
61 0
62 0
63 1
64 0
65 0
66 1
67 0
68 1
69 0
70 0
71 0
72 0
73 1
74 0
75 1
76 1
77 0
78 1
79 1
80 1
81 1
82 0
83 1
84 1
85 0
86 0
87 0
88 1
89 0
90 0
91 1
92 1
93 0
94 0
95 1
96 0
97 0
98 0
99 0
100 1
101 1
102 1
103 0
104 0
105 0
106 0
107 1
108 1
109 1
110 1
111 1
112 0
113 0
114 0
115 1
116 1
117 1
118 0
119 0
120 0
121 0
122 1
123 0
124 0
125 1
126 0
127 1
128 1
129 0
130 0
131 1
132 1
133 1
134 0
135 0
136 0
137 1
138 0
139 0
140 1
141 1
142 0
143 1
144 1
145 0
146 0
147 0
148 0
149 0
150 0
151 0
152 0
153 1
154 0
155 1
156 0
157 1
158 0
159 1
160 1
161 0
162 0
163 1
164 1
165 0
166 0
167 0
168 0
169 1
170 0
171 0
172 1
173 0
174 1
175 1
176 1
177 1
178 1
179 1
180 0
181 0
182 0
183 1
184 1
185 1
186 1
187 0
188 0
189 1
190 1
191 1
192 1
193 0
194 1
195 0
196 0
197 1
198 0
199 0
200 0
201 1
202 1
203 1
204 0
205 0
206 1
207 1
208 0
209 0
210 1
211 0
212 0
213 1
214 0
215 0
216 0
217 0
218 0
219 1
220 1
221 1
222 1
223 0
224 1
225 1
226 0
227 1
228 0
229 0
230 1
231 1
232 1
233 0
234 1
235 1
236 1
237 0
238 1
239 1
240 0
241 1
242 1
243 1
244 0
245 0
246 1
247 0
248 0
249 0