250
53
95 97 435
73 233 590
35 120 316
155 181 567
5 222 898
154 109 919
133 224 549
50 109 847
78 223 321
46 199 555
248 4 20
130 191 833
58 19 627
235 245 677
132 15 287
60 175 58
148 135 401
80 118 86
175 128 375
208 116 818
60 99 745
164 211 7
218 195 970
133 205 557
176 71 352
99 121 80
2 12 449
92 108 485
56 93 122
200 35 402
214 204 468
206 201 255
113 86 195
167 165 348
127 6 981
87 61 200
16 163 396
165 98 930
5 164 848
231 36 809
87 80 849
111 5 361
201 229 45
143 77 822
65 18 678
80 153 548
156 77 38
75 214 424
86 39 125
204 183 88
25 104 982
97 26 487
54 157 504
0 1
1 1
2 1
3 1
4 1
5 1
6 0
7 1
8 0
9 1
10 0
11 1
12 0
13 0
14 0
15 0
16 1
17 1
18 1
19 0
20 1
21 1
22 0
23 1
24 1
25 1
26 0
27 1
28 0
29 0
30 1
31 1
32 0
33 0
34 1
35 1
36 0
37 1
38 0
39 1
40 1
41 1
42 1
43 0
44 0
45 0
46 1
47 0
48 0
49 0
50 0
51 1
52 0
53 1
54 1
55 1
56 1
57 1
58 1
59 1
60 0
61 0
62 1
63 1
64 1
65 0
66 0
67 0
68 1
69 1
70 0
71 1
72 0
73 1
74 1
75 0
76 0
77 1
78 1
79 0
80 0
81 1
82 1
83 0
84 1
85 0
86 0
87 1
88 0
89 0
90 1
91 1
92 1
93 0
94 0
95 0
96 0
97 1
98 0
99 1
100 0
101 1
102 1
103 0
104 0
105 1
106 0
107 1
108 0
109 1
110 1
111 0
112 0
113 1
114 1
115 1
116 1
117 1
118 1
119 1
120 0
121 0
122 1
123 0
124 0
125 1
126 1
127 1
128 0
129 0
130 0
131 0
132 1
133 1
134 0
135 1
136 0
137 1
138 0
139 1
140 1
141 0
142 0
143 0
144 1
145 1
146 0
147 1
148 0
149 1
150 0
151 1
152 1
153 1
154 0
155 0
156 0
157 0
158 1
159 0
160 0
161 1
162 1
163 0
164 0
165 1
166 0
167 0
168 1
169 1
170 1
171 0
172 0
173 0
174 1
175 1
176 0
177 1
178 0
179 0
180 0
181 1
182 1
183 1
184 0
185 0
186 1
187 1
188 0
189 1
190 1
191 1
192 0
193 1
194 1
195 0
196 1
197 0
198 1
199 0
200 0
201 1
202 0
203 0
204 0
205 0
206 0
207 0
208 0
209 0
210 0
211 1
212 0
213 1
214 1
215 0
216 1
217 0
218 1
219 0
220 0
221 0
222 0
223 0
224 0
225 0
226 1
227 0
228 1
229 0
230 0
231 1
232 1
233 0
234 0
235 0
236 1
237 1
238 0
239 1
240 1
241 1
242 0
243 1
244 0
245 1
246 0
247 1
248 0
249 0