250
46
157 35 625
93 30 284
156 47 844
235 167 609
112 211 90
72 126 877
172 87 801
188 124 105
186 112 886
95 85 237
136 183 459
83 72 721
99 60 3
20 96 174
249 86 587
22 183 318
226 74 27
151 139 397
187 219 786
64 124 497
131 178 289
113 14 200
151 159 199
14 217 239
11 69 390
152 124 307
52 6 713
200 63 973
135 128 63
162 74 519
108 210 98
19 151 769
54 220 37
191 67 458
2 181 98
97 181 118
155 82 523
100 97 440
105 206 14
218 139 862
245 224 930
62 175 36
168 15 383
43 65 13
47 10 550
85 70 292
