250
45
182 152 610
169 42 776
23 149 76
7 95 896
43 199 486
19 51 153
112 22 162
157 16 410
170 187 817
232 8 705
163 178 431
74 29 340
203 172 912
199 112 117
114 227 359
186 194 781
24 65 347
90 115 26
89 167 170
72 207 320
217 161 933
60 22 330
101 74 986
6 190 556
203 132 664
95 136 456
231 94 771
86 216 385
190 235 439
202 192 578
228 150 361
141 162 885
139 6 40
60 152 676
132 165 848
156 125 561
110 69 159
32 152 355
52 159 167
237 9 564
176 85 13
145 144 977
188 241 853
209 18 644
101 207 907
