1000
4975
0 5 1
0 6 1
0 7 1
0 8 1
0 9 1
0 10 1
0 11 1
0 12 1
0 13 1
0 14 1
0 15 1
0 16 1
0 17 1
0 18 1
0 19 1
0 20 1
0 21 1
0 22 1
0 23 1
0 24 1
0 25 1
0 26 1
0 27 1
0 28 1
0 29 1
0 30 1
0 31 1
0 32 1
0 33 1
0 34 1
0 35 1
0 36 1
0 37 1
0 38 1
0 39 1
0 40 1
0 41 1
0 42 1
0 43 1
0 44 1
0 45 1
0 46 1
0 47 1
0 48 1
0 49 1
0 50 1
0 51 1
0 52 1
0 53 1
0 54 1
0 55 1
0 56 1
0 57 1
0 58 1
0 59 1
0 60 1
0 61 1
0 62 1
0 63 1
0 64 1
0 65 1
0 66 1
0 67 1
0 68 1
0 69 1
0 70 1
0 71 1
0 72 1
0 73 1
0 74 1
0 75 1
0 76 1
0 77 1
0 78 1
0 79 1
0 80 1
0 81 1
0 82 1
0 83 1
0 84 1
0 85 1
0 86 1
0 87 1
0 88 1
0 89 1
0 90 1
0 91 1
0 92 1
0 93 1
0 94 1
0 95 1
0 96 1
0 97 1
0 98 1
0 99 1
0 100 1
0 101 1
0 102 1
0 103 1
0 104 1
0 105 1
0 106 1
0 107 1
0 108 1
0 109 1
0 110 1
0 111 1
0 112 1
0 113 1
0 114 1
0 115 1
0 116 1
0 117 1
0 118 1
0 119 1
0 120 1
0 121 1
0 122 1
0 123 1
0 124 1
0 125 1
0 126 1
0 127 1
0 128 1
0 129 1
0 130 1
0 131 1
0 132 1
0 133 1
0 134 1
0 135 1
0 136 1
0 137 1
0 138 1
0 139 1
0 140 1
0 141 1
0 142 1
0 143 1
0 144 1
0 145 1
0 146 1
0 147 1
0 148 1
0 149 1
0 150 1
0 151 1
0 152 1
0 153 1
0 154 1
0 155 1
0 156 1
0 157 1
0 158 1
0 159 1
0 160 1
0 161 1
0 162 1
0 163 1
0 164 1
0 165 1
0 166 1
0 167 1
0 168 1
0 169 1
0 170 1
0 171 1
0 172 1
0 173 1
0 174 1
0 175 1
0 176 1
0 177 1
0 178 1
0 179 1
0 180 1
0 181 1
0 182 1
0 183 1
0 184 1
0 185 1
0 186 1
0 187 1
0 188 1
0 189 1
0 190 1
0 191 1
0 192 1
0 193 1
0 194 1
0 195 1
0 196 1
0 197 1
0 198 1
0 199 1
0 200 1
0 201 1
0 202 1
0 203 1
0 204 1
0 205 1
0 206 1
0 207 1
0 208 1
0 209 1
0 210 1
0 211 1
0 212 1
0 213 1
0 214 1
0 215 1
0 216 1
0 217 1
0 218 1
0 219 1
0 220 1
0 221 1
0 222 1
0 223 1
0 224 1
0 225 1
0 226 1
0 227 1
0 228 1
0 229 1
0 230 1
0 231 1
0 232 1
0 233 1
0 234 1
0 235 1
0 236 1
0 237 1
0 238 1
0 239 1
0 240 1
0 241 1
0 242 1
0 243 1
0 244 1
0 245 1
0 246 1
0 247 1
0 248 1
0 249 1
0 250 1
0 251 1
0 252 1
0 253 1
0 254 1
0 255 1
0 256 1
0 257 1
0 258 1
0 259 1
0 260 1
0 261 1
0 262 1
0 263 1
0 264 1
0 265 1
0 266 1
0 267 1
0 268 1
0 269 1
0 270 1
0 271 1
0 272 1
0 273 1
0 274 1
0 275 1
0 276 1
0 277 1
0 278 1
0 279 1
0 280 1
0 281 1
0 282 1
0 283 1
0 284 1
0 285 1
0 286 1
0 287 1
0 288 1
0 289 1
0 290 1
0 291 1
0 292 1
0 293 1
0 294 1
0 295 1
0 296 1
0 297 1
0 298 1
0 299 1
0 300 1
0 301 1
0 302 1
0 303 1
0 304 1
0 305 1
0 306 1
0 307 1
0 308 1
0 309 1
0 310 1
0 311 1
0 312 1
0 313 1
0 314 1
0 315 1
0 316 1
0 317 1
0 318 1
0 319 1
0 320 1
0 321 1
0 322 1
0 323 1
0 324 1
0 325 1
0 326 1
0 327 1
0 328 1
0 329 1
0 330 1
0 331 1
0 332 1
0 333 1
0 334 1
0 335 1
0 336 1
0 337 1
0 338 1
0 339 1
0 340 1
0 341 1
0 342 1
0 343 1
0 344 1
0 345 1
0 346 1
0 347 1
0 348 1
0 349 1
0 350 1
0 351 1
0 352 1
0 353 1
0 354 1
0 355 1
0 356 1
0 357 1
0 358 1
0 359 1
0 360 1
0 361 1
0 362 1
0 363 1
0 364 1
0 365 1
0 366 1
0 367 1
0 368 1
0 369 1
0 370 1
0 371 1
0 372 1
0 373 1
0 374 1
0 375 1
0 376 1
0 377 1
0 378 1
0 379 1
0 380 1
0 381 1
0 382 1
0 383 1
0 384 1
0 385 1
0 386 1
0 387 1
0 388 1
0 389 1
0 390 1
0 391 1
0 392 1
0 393 1
0 394 1
0 395 1
0 396 1
0 397 1
0 398 1
0 399 1
0 400 1
0 401 1
0 402 1
0 403 1
0 404 1
0 405 1
0 406 1
0 407 1
0 408 1
0 409 1
0 410 1
0 411 1
0 412 1
0 413 1
0 414 1
0 415 1
0 416 1
0 417 1
0 418 1
0 419 1
0 420 1
0 421 1
0 422 1
0 423 1
0 424 1
0 425 1
0 426 1
0 427 1
0 428 1
0 429 1
0 430 1
0 431 1
0 432 1
0 433 1
0 434 1
0 435 1
0 436 1
0 437 1
0 438 1
0 439 1
0 440 1
0 441 1
0 442 1
0 443 1
0 444 1
0 445 1
0 446 1
0 447 1
0 448 1
0 449 1
0 450 1
0 451 1
0 452 1
0 453 1
0 454 1
0 455 1
0 456 1
0 457 1
0 458 1
0 459 1
0 460 1
0 461 1
0 462 1
0 463 1
0 464 1
0 465 1
0 466 1
0 467 1
0 468 1
0 469 1
0 470 1
0 471 1
0 472 1
0 473 1
0 474 1
0 475 1
0 476 1
0 477 1
0 478 1
0 479 1
0 480 1
0 481 1
0 482 1
0 483 1
0 484 1
0 485 1
0 486 1
0 487 1
0 488 1
0 489 1
0 490 1
0 491 1
0 492 1
0 493 1
0 494 1
0 495 1
0 496 1
0 497 1
0 498 1
0 499 1
0 500 999
0 501 999
0 502 999
0 503 999
0 504 999
0 505 999
0 506 999
0 507 999
0 508 999
0 509 999
0 510 999
0 511 999
0 512 999
0 513 999
0 514 999
0 515 999
0 516 999
0 517 999
0 518 999
0 519 999
0 520 999
0 521 999
0 522 999
0 523 999
0 524 999
0 525 999
0 526 999
0 527 999
0 528 999
0 529 999
0 530 999
0 531 999
0 532 999
0 533 999
0 534 999
0 535 999
0 536 999
0 537 999
0 538 999
0 539 999
0 540 999
0 541 999
0 542 999
0 543 999
0 544 999
0 545 999
0 546 999
0 547 999
0 548 999
0 549 999
0 550 999
0 551 999
0 552 999
0 553 999
0 554 999
0 555 999
0 556 999
0 557 999
0 558 999
0 559 999
0 560 999
0 561 999
0 562 999
0 563 999
0 564 999
0 565 999
0 566 999
0 567 999
0 568 999
0 569 999
0 570 999
0 571 999
0 572 999
0 573 999
0 574 999
0 575 999
0 576 999
0 577 999
0 578 999
0 579 999
0 580 999
0 581 999
0 582 999
0 583 999
0 584 999
0 585 999
0 586 999
0 587 999
0 588 999
0 589 999
0 590 999
0 591 999
0 592 999
0 593 999
0 594 999
0 595 999
0 596 999
0 597 999
0 598 999
0 599 999
0 600 999
0 601 999
0 602 999
0 603 999
0 604 999
0 605 999
0 606 999
0 607 999
0 608 999
0 609 999
0 610 999
0 611 999
0 612 999
0 613 999
0 614 999
0 615 999
0 616 999
0 617 999
0 618 999
0 619 999
0 620 999
0 621 999
0 622 999
0 623 999
0 624 999
0 625 999
0 626 999
0 627 999
0 628 999
0 629 999
0 630 999
0 631 999
0 632 999
0 633 999
0 634 999
0 635 999
0 636 999
0 637 999
0 638 999
0 639 999
0 640 999
0 641 999
0 642 999
0 643 999
0 644 999
0 645 999
0 646 999
0 647 999
0 648 999
0 649 999
0 650 999
0 651 999
0 652 999
0 653 999
0 654 999
0 655 999
0 656 999
0 657 999
0 658 999
0 659 999
0 660 999
0 661 999
0 662 999
0 663 999
0 664 999
0 665 999
0 666 999
0 667 999
0 668 999
0 669 999
0 670 999
0 671 999
0 672 999
0 673 999
0 674 999
0 675 999
0 676 999
0 677 999
0 678 999
0 679 999
0 680 999
0 681 999
0 682 999
0 683 999
0 684 999
0 685 999
0 686 999
0 687 999
0 688 999
0 689 999
0 690 999
0 691 999
0 692 999
0 693 999
0 694 999
0 695 999
0 696 999
0 697 999
0 698 999
0 699 999
0 700 999
0 701 999
0 702 999
0 703 999
0 704 999
0 705 999
0 706 999
0 707 999
0 708 999
0 709 999
0 710 999
0 711 999
0 712 999
0 713 999
0 714 999
0 715 999
0 716 999
0 717 999
0 718 999
0 719 999
0 720 999
0 721 999
0 722 999
0 723 999
0 724 999
0 725 999
0 726 999
0 727 999
0 728 999
0 729 999
0 730 999
0 731 999
0 732 999
0 733 999
0 734 999
0 735 999
0 736 999
0 737 999
0 738 999
0 739 999
0 740 999
0 741 999
0 742 999
0 743 999
0 744 999
0 745 999
0 746 999
0 747 999
0 748 999
0 749 999
0 750 999
0 751 999
0 752 999
0 753 999
0 754 999
0 755 999
0 756 999
0 757 999
0 758 999
0 759 999
0 760 999
0 761 999
0 762 999
0 763 999
0 764 999
0 765 999
0 766 999
0 767 999
0 768 999
0 769 999
0 770 999
0 771 999
0 772 999
0 773 999
0 774 999
0 775 999
0 776 999
0 777 999
0 778 999
0 779 999
0 780 999
0 781 999
0 782 999
0 783 999
0 784 999
0 785 999
0 786 999
0 787 999
0 788 999
0 789 999
0 790 999
0 791 999
0 792 999
0 793 999
0 794 999
0 795 999
0 796 999
0 797 999
0 798 999
0 799 999
0 800 999
0 801 999
0 802 999
0 803 999
0 804 999
0 805 999
0 806 999
0 807 999
0 808 999
0 809 999
0 810 999
0 811 999
0 812 999
0 813 999
0 814 999
0 815 999
0 816 999
0 817 999
0 818 999
0 819 999
0 820 999
0 821 999
0 822 999
0 823 999
0 824 999
0 825 999
0 826 999
0 827 999
0 828 999
0 829 999
0 830 999
0 831 999
0 832 999
0 833 999
0 834 999
0 835 999
0 836 999
0 837 999
0 838 999
0 839 999
0 840 999
0 841 999
0 842 999
0 843 999
0 844 999
0 845 999
0 846 999
0 847 999
0 848 999
0 849 999
0 850 999
0 851 999
0 852 999
0 853 999
0 854 999
0 855 999
0 856 999
0 857 999
0 858 999
0 859 999
0 860 999
0 861 999
0 862 999
0 863 999
0 864 999
0 865 999
0 866 999
0 867 999
0 868 999
0 869 999
0 870 999
0 871 999
0 872 999
0 873 999
0 874 999
0 875 999
0 876 999
0 877 999
0 878 999
0 879 999
0 880 999
0 881 999
0 882 999
0 883 999
0 884 999
0 885 999
0 886 999
0 887 999
0 888 999
0 889 999
0 890 999
0 891 999
0 892 999
0 893 999
0 894 999
0 895 999
0 896 999
0 897 999
0 898 999
0 899 999
0 900 999
0 901 999
0 902 999
0 903 999
0 904 999
0 905 999
0 906 999
0 907 999
0 908 999
0 909 999
0 910 999
0 911 999
0 912 999
0 913 999
0 914 999
0 915 999
0 916 999
0 917 999
0 918 999
0 919 999
0 920 999
0 921 999
0 922 999
0 923 999
0 924 999
0 925 999
0 926 999
0 927 999
0 928 999
0 929 999
0 930 999
0 931 999
0 932 999
0 933 999
0 934 999
0 935 999
0 936 999
0 937 999
0 938 999
0 939 999
0 940 999
0 941 999
0 942 999
0 943 999
0 944 999
0 945 999
0 946 999
0 947 999
0 948 999
0 949 999
0 950 999
0 951 999
0 952 999
0 953 999
0 954 999
0 955 999
0 956 999
0 957 999
0 958 999
0 959 999
0 960 999
0 961 999
0 962 999
0 963 999
0 964 999
0 965 999
0 966 999
0 967 999
0 968 999
0 969 999
0 970 999
0 971 999
0 972 999
0 973 999
0 974 999
0 975 999
0 976 999
0 977 999
0 978 999
0 979 999
0 980 999
0 981 999
0 982 999
0 983 999
0 984 999
0 985 999
0 986 999
0 987 999
0 988 999
0 989 999
0 990 999
0 991 999
0 992 999
0 993 999
0 994 999
0 995 999
0 996 999
0 997 999
0 998 999
0 999 999
1 5 1
1 6 1
1 7 1
1 8 1
1 9 1
1 10 1
1 11 1
1 12 1
1 13 1
1 14 1
1 15 1
1 16 1
1 17 1
1 18 1
1 19 1
1 20 1
1 21 1
1 22 1
1 23 1
1 24 1
1 25 1
1 26 1
1 27 1
1 28 1
1 29 1
1 30 1
1 31 1
1 32 1
1 33 1
1 34 1
1 35 1
1 36 1
1 37 1
1 38 1
1 39 1
1 40 1
1 41 1
1 42 1
1 43 1
1 44 1
1 45 1
1 46 1
1 47 1
1 48 1
1 49 1
1 50 1
1 51 1
1 52 1
1 53 1
1 54 1
1 55 1
1 56 1
1 57 1
1 58 1
1 59 1
1 60 1
1 61 1
1 62 1
1 63 1
1 64 1
1 65 1
1 66 1
1 67 1
1 68 1
1 69 1
1 70 1
1 71 1
1 72 1
1 73 1
1 74 1
1 75 1
1 76 1
1 77 1
1 78 1
1 79 1
1 80 1
1 81 1
1 82 1
1 83 1
1 84 1
1 85 1
1 86 1
1 87 1
1 88 1
1 89 1
1 90 1
1 91 1
1 92 1
1 93 1
1 94 1
1 95 1
1 96 1
1 97 1
1 98 1
1 99 1
1 100 1
1 101 1
1 102 1
1 103 1
1 104 1
1 105 1
1 106 1
1 107 1
1 108 1
1 109 1
1 110 1
1 111 1
1 112 1
1 113 1
1 114 1
1 115 1
1 116 1
1 117 1
1 118 1
1 119 1
1 120 1
1 121 1
1 122 1
1 123 1
1 124 1
1 125 1
1 126 1
1 127 1
1 128 1
1 129 1
1 130 1
1 131 1
1 132 1
1 133 1
1 134 1
1 135 1
1 136 1
1 137 1
1 138 1
1 139 1
1 140 1
1 141 1
1 142 1
1 143 1
1 144 1
1 145 1
1 146 1
1 147 1
1 148 1
1 149 1
1 150 1
1 151 1
1 152 1
1 153 1
1 154 1
1 155 1
1 156 1
1 157 1
1 158 1
1 159 1
1 160 1
1 161 1
1 162 1
1 163 1
1 164 1
1 165 1
1 166 1
1 167 1
1 168 1
1 169 1
1 170 1
1 171 1
1 172 1
1 173 1
1 174 1
1 175 1
1 176 1
1 177 1
1 178 1
1 179 1
1 180 1
1 181 1
1 182 1
1 183 1
1 184 1
1 185 1
1 186 1
1 187 1
1 188 1
1 189 1
1 190 1
1 191 1
1 192 1
1 193 1
1 194 1
1 195 1
1 196 1
1 197 1
1 198 1
1 199 1
1 200 1
1 201 1
1 202 1
1 203 1
1 204 1
1 205 1
1 206 1
1 207 1
1 208 1
1 209 1
1 210 1
1 211 1
1 212 1
1 213 1
1 214 1
1 215 1
1 216 1
1 217 1
1 218 1
1 219 1
1 220 1
1 221 1
1 222 1
1 223 1
1 224 1
1 225 1
1 226 1
1 227 1
1 228 1
1 229 1
1 230 1
1 231 1
1 232 1
1 233 1
1 234 1
1 235 1
1 236 1
1 237 1
1 238 1
1 239 1
1 240 1
1 241 1
1 242 1
1 243 1
1 244 1
1 245 1
1 246 1
1 247 1
1 248 1
1 249 1
1 250 1
1 251 1
1 252 1
1 253 1
1 254 1
1 255 1
1 256 1
1 257 1
1 258 1
1 259 1
1 260 1
1 261 1
1 262 1
1 263 1
1 264 1
1 265 1
1 266 1
1 267 1
1 268 1
1 269 1
1 270 1
1 271 1
1 272 1
1 273 1
1 274 1
1 275 1
1 276 1
1 277 1
1 278 1
1 279 1
1 280 1
1 281 1
1 282 1
1 283 1
1 284 1
1 285 1
1 286 1
1 287 1
1 288 1
1 289 1
1 290 1
1 291 1
1 292 1
1 293 1
1 294 1
1 295 1
1 296 1
1 297 1
1 298 1
1 299 1
1 300 1
1 301 1
1 302 1
1 303 1
1 304 1
1 305 1
1 306 1
1 307 1
1 308 1
1 309 1
1 310 1
1 311 1
1 312 1
1 313 1
1 314 1
1 315 1
1 316 1
1 317 1
1 318 1
1 319 1
1 320 1
1 321 1
1 322 1
1 323 1
1 324 1
1 325 1
1 326 1
1 327 1
1 328 1
1 329 1
1 330 1
1 331 1
1 332 1
1 333 1
1 334 1
1 335 1
1 336 1
1 337 1
1 338 1
1 339 1
1 340 1
1 341 1
1 342 1
1 343 1
1 344 1
1 345 1
1 346 1
1 347 1
1 348 1
1 349 1
1 350 1
1 351 1
1 352 1
1 353 1
1 354 1
1 355 1
1 356 1
1 357 1
1 358 1
1 359 1
1 360 1
1 361 1
1 362 1
1 363 1
1 364 1
1 365 1
1 366 1
1 367 1
1 368 1
1 369 1
1 370 1
1 371 1
1 372 1
1 373 1
1 374 1
1 375 1
1 376 1
1 377 1
1 378 1
1 379 1
1 380 1
1 381 1
1 382 1
1 383 1
1 384 1
1 385 1
1 386 1
1 387 1
1 388 1
1 389 1
1 390 1
1 391 1
1 392 1
1 393 1
1 394 1
1 395 1
1 396 1
1 397 1
1 398 1
1 399 1
1 400 1
1 401 1
1 402 1
1 403 1
1 404 1
1 405 1
1 406 1
1 407 1
1 408 1
1 409 1
1 410 1
1 411 1
1 412 1
1 413 1
1 414 1
1 415 1
1 416 1
1 417 1
1 418 1
1 419 1
1 420 1
1 421 1
1 422 1
1 423 1
1 424 1
1 425 1
1 426 1
1 427 1
1 428 1
1 429 1
1 430 1
1 431 1
1 432 1
1 433 1
1 434 1
1 435 1
1 436 1
1 437 1
1 438 1
1 439 1
1 440 1
1 441 1
1 442 1
1 443 1
1 444 1
1 445 1
1 446 1
1 447 1
1 448 1
1 449 1
1 450 1
1 451 1
1 452 1
1 453 1
1 454 1
1 455 1
1 456 1
1 457 1
1 458 1
1 459 1
1 460 1
1 461 1
1 462 1
1 463 1
1 464 1
1 465 1
1 466 1
1 467 1
1 468 1
1 469 1
1 470 1
1 471 1
1 472 1
1 473 1
1 474 1
1 475 1
1 476 1
1 477 1
1 478 1
1 479 1
1 480 1
1 481 1
1 482 1
1 483 1
1 484 1
1 485 1
1 486 1
1 487 1
1 488 1
1 489 1
1 490 1
1 491 1
1 492 1
1 493 1
1 494 1
1 495 1
1 496 1
1 497 1
1 498 1
1 499 1
1 500 999
1 501 999
1 502 999
1 503 999
1 504 999
1 505 999
1 506 999
1 507 999
1 508 999
1 509 999
1 510 999
1 511 999
1 512 999
1 513 999
1 514 999
1 515 999
1 516 999
1 517 999
1 518 999
1 519 999
1 520 999
1 521 999
1 522 999
1 523 999
1 524 999
1 525 999
1 526 999
1 527 999
1 528 999
1 529 999
1 530 999
1 531 999
1 532 999
1 533 999
1 534 999
1 535 999
1 536 999
1 537 999
1 538 999
1 539 999
1 540 999
1 541 999
1 542 999
1 543 999
1 544 999
1 545 999
1 546 999
1 547 999
1 548 999
1 549 999
1 550 999
1 551 999
1 552 999
1 553 999
1 554 999
1 555 999
1 556 999
1 557 999
1 558 999
1 559 999
1 560 999
1 561 999
1 562 999
1 563 999
1 564 999
1 565 999
1 566 999
1 567 999
1 568 999
1 569 999
1 570 999
1 571 999
1 572 999
1 573 999
1 574 999
1 575 999
1 576 999
1 577 999
1 578 999
1 579 999
1 580 999
1 581 999
1 582 999
1 583 999
1 584 999
1 585 999
1 586 999
1 587 999
1 588 999
1 589 999
1 590 999
1 591 999
1 592 999
1 593 999
1 594 999
1 595 999
1 596 999
1 597 999
1 598 999
1 599 999
1 600 999
1 601 999
1 602 999
1 603 999
1 604 999
1 605 999
1 606 999
1 607 999
1 608 999
1 609 999
1 610 999
1 611 999
1 612 999
1 613 999
1 614 999
1 615 999
1 616 999
1 617 999
1 618 999
1 619 999
1 620 999
1 621 999
1 622 999
1 623 999
1 624 999
1 625 999
1 626 999
1 627 999
1 628 999
1 629 999
1 630 999
1 631 999
1 632 999
1 633 999
1 634 999
1 635 999
1 636 999
1 637 999
1 638 999
1 639 999
1 640 999
1 641 999
1 642 999
1 643 999
1 644 999
1 645 999
1 646 999
1 647 999
1 648 999
1 649 999
1 650 999
1 651 999
1 652 999
1 653 999
1 654 999
1 655 999
1 656 999
1 657 999
1 658 999
1 659 999
1 660 999
1 661 999
1 662 999
1 663 999
1 664 999
1 665 999
1 666 999
1 667 999
1 668 999
1 669 999
1 670 999
1 671 999
1 672 999
1 673 999
1 674 999
1 675 999
1 676 999
1 677 999
1 678 999
1 679 999
1 680 999
1 681 999
1 682 999
1 683 999
1 684 999
1 685 999
1 686 999
1 687 999
1 688 999
1 689 999
1 690 999
1 691 999
1 692 999
1 693 999
1 694 999
1 695 999
1 696 999
1 697 999
1 698 999
1 699 999
1 700 999
1 701 999
1 702 999
1 703 999
1 704 999
1 705 999
1 706 999
1 707 999
1 708 999
1 709 999
1 710 999
1 711 999
1 712 999
1 713 999
1 714 999
1 715 999
1 716 999
1 717 999
1 718 999
1 719 999
1 720 999
1 721 999
1 722 999
1 723 999
1 724 999
1 725 999
1 726 999
1 727 999
1 728 999
1 729 999
1 730 999
1 731 999
1 732 999
1 733 999
1 734 999
1 735 999
1 736 999
1 737 999
1 738 999
1 739 999
1 740 999
1 741 999
1 742 999
1 743 999
1 744 999
1 745 999
1 746 999
1 747 999
1 748 999
1 749 999
1 750 999
1 751 999
1 752 999
1 753 999
1 754 999
1 755 999
1 756 999
1 757 999
1 758 999
1 759 999
1 760 999
1 761 999
1 762 999
1 763 999
1 764 999
1 765 999
1 766 999
1 767 999
1 768 999
1 769 999
1 770 999
1 771 999
1 772 999
1 773 999
1 774 999
1 775 999
1 776 999
1 777 999
1 778 999
1 779 999
1 780 999
1 781 999
1 782 999
1 783 999
1 784 999
1 785 999
1 786 999
1 787 999
1 788 999
1 789 999
1 790 999
1 791 999
1 792 999
1 793 999
1 794 999
1 795 999
1 796 999
1 797 999
1 798 999
1 799 999
1 800 999
1 801 999
1 802 999
1 803 999
1 804 999
1 805 999
1 806 999
1 807 999
1 808 999
1 809 999
1 810 999
1 811 999
1 812 999
1 813 999
1 814 999
1 815 999
1 816 999
1 817 999
1 818 999
1 819 999
1 820 999
1 821 999
1 822 999
1 823 999
1 824 999
1 825 999
1 826 999
1 827 999
1 828 999
1 829 999
1 830 999
1 831 999
1 832 999
1 833 999
1 834 999
1 835 999
1 836 999
1 837 999
1 838 999
1 839 999
1 840 999
1 841 999
1 842 999
1 843 999
1 844 999
1 845 999
1 846 999
1 847 999
1 848 999
1 849 999
1 850 999
1 851 999
1 852 999
1 853 999
1 854 999
1 855 999
1 856 999
1 857 999
1 858 999
1 859 999
1 860 999
1 861 999
1 862 999
1 863 999
1 864 999
1 865 999
1 866 999
1 867 999
1 868 999
1 869 999
1 870 999
1 871 999
1 872 999
1 873 999
1 874 999
1 875 999
1 876 999
1 877 999
1 878 999
1 879 999
1 880 999
1 881 999
1 882 999
1 883 999
1 884 999
1 885 999
1 886 999
1 887 999
1 888 999
1 889 999
1 890 999
1 891 999
1 892 999
1 893 999
1 894 999
1 895 999
1 896 999
1 897 999
1 898 999
1 899 999
1 900 999
1 901 999
1 902 999
1 903 999
1 904 999
1 905 999
1 906 999
1 907 999
1 908 999
1 909 999
1 910 999
1 911 999
1 912 999
1 913 999
1 914 999
1 915 999
1 916 999
1 917 999
1 918 999
1 919 999
1 920 999
1 921 999
1 922 999
1 923 999
1 924 999
1 925 999
1 926 999
1 927 999
1 928 999
1 929 999
1 930 999
1 931 999
1 932 999
1 933 999
1 934 999
1 935 999
1 936 999
1 937 999
1 938 999
1 939 999
1 940 999
1 941 999
1 942 999
1 943 999
1 944 999
1 945 999
1 946 999
1 947 999
1 948 999
1 949 999
1 950 999
1 951 999
1 952 999
1 953 999
1 954 999
1 955 999
1 956 999
1 957 999
1 958 999
1 959 999
1 960 999
1 961 999
1 962 999
1 963 999
1 964 999
1 965 999
1 966 999
1 967 999
1 968 999
1 969 999
1 970 999
1 971 999
1 972 999
1 973 999
1 974 999
1 975 999
1 976 999
1 977 999
1 978 999
1 979 999
1 980 999
1 981 999
1 982 999
1 983 999
1 984 999
1 985 999
1 986 999
1 987 999
1 988 999
1 989 999
1 990 999
1 991 999
1 992 999
1 993 999
1 994 999
1 995 999
1 996 999
1 997 999
1 998 999
1 999 999
2 5 1
2 6 1
2 7 1
2 8 1
2 9 1
2 10 1
2 11 1
2 12 1
2 13 1
2 14 1
2 15 1
2 16 1
2 17 1
2 18 1
2 19 1
2 20 1
2 21 1
2 22 1
2 23 1
2 24 1
2 25 1
2 26 1
2 27 1
2 28 1
2 29 1
2 30 1
2 31 1
2 32 1
2 33 1
2 34 1
2 35 1
2 36 1
2 37 1
2 38 1
2 39 1
2 40 1
2 41 1
2 42 1
2 43 1
2 44 1
2 45 1
2 46 1
2 47 1
2 48 1
2 49 1
2 50 1
2 51 1
2 52 1
2 53 1
2 54 1
2 55 1
2 56 1
2 57 1
2 58 1
2 59 1
2 60 1
2 61 1
2 62 1
2 63 1
2 64 1
2 65 1
2 66 1
2 67 1
2 68 1
2 69 1
2 70 1
2 71 1
2 72 1
2 73 1
2 74 1
2 75 1
2 76 1
2 77 1
2 78 1
2 79 1
2 80 1
2 81 1
2 82 1
2 83 1
2 84 1
2 85 1
2 86 1
2 87 1
2 88 1
2 89 1
2 90 1
2 91 1
2 92 1
2 93 1
2 94 1
2 95 1
2 96 1
2 97 1
2 98 1
2 99 1
2 100 1
2 101 1
2 102 1
2 103 1
2 104 1
2 105 1
2 106 1
2 107 1
2 108 1
2 109 1
2 110 1
2 111 1
2 112 1
2 113 1
2 114 1
2 115 1
2 116 1
2 117 1
2 118 1
2 119 1
2 120 1
2 121 1
2 122 1
2 123 1
2 124 1
2 125 1
2 126 1
2 127 1
2 128 1
2 129 1
2 130 1
2 131 1
2 132 1
2 133 1
2 134 1
2 135 1
2 136 1
2 137 1
2 138 1
2 139 1
2 140 1
2 141 1
2 142 1
2 143 1
2 144 1
2 145 1
2 146 1
2 147 1
2 148 1
2 149 1
2 150 1
2 151 1
2 152 1
2 153 1
2 154 1
2 155 1
2 156 1
2 157 1
2 158 1
2 159 1
2 160 1
2 161 1
2 162 1
2 163 1
2 164 1
2 165 1
2 166 1
2 167 1
2 168 1
2 169 1
2 170 1
2 171 1
2 172 1
2 173 1
2 174 1
2 175 1
2 176 1
2 177 1
2 178 1
2 179 1
2 180 1
2 181 1
2 182 1
2 183 1
2 184 1
2 185 1
2 186 1
2 187 1
2 188 1
2 189 1
2 190 1
2 191 1
2 192 1
2 193 1
2 194 1
2 195 1
2 196 1
2 197 1
2 198 1
2 199 1
2 200 1
2 201 1
2 202 1
2 203 1
2 204 1
2 205 1
2 206 1
2 207 1
2 208 1
2 209 1
2 210 1
2 211 1
2 212 1
2 213 1
2 214 1
2 215 1
2 216 1
2 217 1
2 218 1
2 219 1
2 220 1
2 221 1
2 222 1
2 223 1
2 224 1
2 225 1
2 226 1
2 227 1
2 228 1
2 229 1
2 230 1
2 231 1
2 232 1
2 233 1
2 234 1
2 235 1
2 236 1
2 237 1
2 238 1
2 239 1
2 240 1
2 241 1
2 242 1
2 243 1
2 244 1
2 245 1
2 246 1
2 247 1
2 248 1
2 249 1
2 250 1
2 251 1
2 252 1
2 253 1
2 254 1
2 255 1
2 256 1
2 257 1
2 258 1
2 259 1
2 260 1
2 261 1
2 262 1
2 263 1
2 264 1
2 265 1
2 266 1
2 267 1
2 268 1
2 269 1
2 270 1
2 271 1
2 272 1
2 273 1
2 274 1
2 275 1
2 276 1
2 277 1
2 278 1
2 279 1
2 280 1
2 281 1
2 282 1
2 283 1
2 284 1
2 285 1
2 286 1
2 287 1
2 288 1
2 289 1
2 290 1
2 291 1
2 292 1
2 293 1
2 294 1
2 295 1
2 296 1
2 297 1
2 298 1
2 299 1
2 300 1
2 301 1
2 302 1
2 303 1
2 304 1
2 305 1
2 306 1
2 307 1
2 308 1
2 309 1
2 310 1
2 311 1
2 312 1
2 313 1
2 314 1
2 315 1
2 316 1
2 317 1
2 318 1
2 319 1
2 320 1
2 321 1
2 322 1
2 323 1
2 324 1
2 325 1
2 326 1
2 327 1
2 328 1
2 329 1
2 330 1
2 331 1
2 332 1
2 333 1
2 334 1
2 335 1
2 336 1
2 337 1
2 338 1
2 339 1
2 340 1
2 341 1
2 342 1
2 343 1
2 344 1
2 345 1
2 346 1
2 347 1
2 348 1
2 349 1
2 350 1
2 351 1
2 352 1
2 353 1
2 354 1
2 355 1
2 356 1
2 357 1
2 358 1
2 359 1
2 360 1
2 361 1
2 362 1
2 363 1
2 364 1
2 365 1
2 366 1
2 367 1
2 368 1
2 369 1
2 370 1
2 371 1
2 372 1
2 373 1
2 374 1
2 375 1
2 376 1
2 377 1
2 378 1
2 379 1
2 380 1
2 381 1
2 382 1
2 383 1
2 384 1
2 385 1
2 386 1
2 387 1
2 388 1
2 389 1
2 390 1
2 391 1
2 392 1
2 393 1
2 394 1
2 395 1
2 396 1
2 397 1
2 398 1
2 399 1
2 400 1
2 401 1
2 402 1
2 403 1
2 404 1
2 405 1
2 406 1
2 407 1
2 408 1
2 409 1
2 410 1
2 411 1
2 412 1
2 413 1
2 414 1
2 415 1
2 416 1
2 417 1
2 418 1
2 419 1
2 420 1
2 421 1
2 422 1
2 423 1
2 424 1
2 425 1
2 426 1
2 427 1
2 428 1
2 429 1
2 430 1
2 431 1
2 432 1
2 433 1
2 434 1
2 435 1
2 436 1
2 437 1
2 438 1
2 439 1
2 440 1
2 441 1
2 442 1
2 443 1
2 444 1
2 445 1
2 446 1
2 447 1
2 448 1
2 449 1
2 450 1
2 451 1
2 452 1
2 453 1
2 454 1
2 455 1
2 456 1
2 457 1
2 458 1
2 459 1
2 460 1
2 461 1
2 462 1
2 463 1
2 464 1
2 465 1
2 466 1
2 467 1
2 468 1
2 469 1
2 470 1
2 471 1
2 472 1
2 473 1
2 474 1
2 475 1
2 476 1
2 477 1
2 478 1
2 479 1
2 480 1
2 481 1
2 482 1
2 483 1
2 484 1
2 485 1
2 486 1
2 487 1
2 488 1
2 489 1
2 490 1
2 491 1
2 492 1
2 493 1
2 494 1
2 495 1
2 496 1
2 497 1
2 498 1
2 499 1
2 500 999
2 501 999
2 502 999
2 503 999
2 504 999
2 505 999
2 506 999
2 507 999
2 508 999
2 509 999
2 510 999
2 511 999
2 512 999
2 513 999
2 514 999
2 515 999
2 516 999
2 517 999
2 518 999
2 519 999
2 520 999
2 521 999
2 522 999
2 523 999
2 524 999
2 525 999
2 526 999
2 527 999
2 528 999
2 529 999
2 530 999
2 531 999
2 532 999
2 533 999
2 534 999
2 535 999
2 536 999
2 537 999
2 538 999
2 539 999
2 540 999
2 541 999
2 542 999
2 543 999
2 544 999
2 545 999
2 546 999
2 547 999
2 548 999
2 549 999
2 550 999
2 551 999
2 552 999
2 553 999
2 554 999
2 555 999
2 556 999
2 557 999
2 558 999
2 559 999
2 560 999
2 561 999
2 562 999
2 563 999
2 564 999
2 565 999
2 566 999
2 567 999
2 568 999
2 569 999
2 570 999
2 571 999
2 572 999
2 573 999
2 574 999
2 575 999
2 576 999
2 577 999
2 578 999
2 579 999
2 580 999
2 581 999
2 582 999
2 583 999
2 584 999
2 585 999
2 586 999
2 587 999
2 588 999
2 589 999
2 590 999
2 591 999
2 592 999
2 593 999
2 594 999
2 595 999
2 596 999
2 597 999
2 598 999
2 599 999
2 600 999
2 601 999
2 602 999
2 603 999
2 604 999
2 605 999
2 606 999
2 607 999
2 608 999
2 609 999
2 610 999
2 611 999
2 612 999
2 613 999
2 614 999
2 615 999
2 616 999
2 617 999
2 618 999
2 619 999
2 620 999
2 621 999
2 622 999
2 623 999
2 624 999
2 625 999
2 626 999
2 627 999
2 628 999
2 629 999
2 630 999
2 631 999
2 632 999
2 633 999
2 634 999
2 635 999
2 636 999
2 637 999
2 638 999
2 639 999
2 640 999
2 641 999
2 642 999
2 643 999
2 644 999
2 645 999
2 646 999
2 647 999
2 648 999
2 649 999
2 650 999
2 651 999
2 652 999
2 653 999
2 654 999
2 655 999
2 656 999
2 657 999
2 658 999
2 659 999
2 660 999
2 661 999
2 662 999
2 663 999
2 664 999
2 665 999
2 666 999
2 667 999
2 668 999
2 669 999
2 670 999
2 671 999
2 672 999
2 673 999
2 674 999
2 675 999
2 676 999
2 677 999
2 678 999
2 679 999
2 680 999
2 681 999
2 682 999
2 683 999
2 684 999
2 685 999
2 686 999
2 687 999
2 688 999
2 689 999
2 690 999
2 691 999
2 692 999
2 693 999
2 694 999
2 695 999
2 696 999
2 697 999
2 698 999
2 699 999
2 700 999
2 701 999
2 702 999
2 703 999
2 704 999
2 705 999
2 706 999
2 707 999
2 708 999
2 709 999
2 710 999
2 711 999
2 712 999
2 713 999
2 714 999
2 715 999
2 716 999
2 717 999
2 718 999
2 719 999
2 720 999
2 721 999
2 722 999
2 723 999
2 724 999
2 725 999
2 726 999
2 727 999
2 728 999
2 729 999
2 730 999
2 731 999
2 732 999
2 733 999
2 734 999
2 735 999
2 736 999
2 737 999
2 738 999
2 739 999
2 740 999
2 741 999
2 742 999
2 743 999
2 744 999
2 745 999
2 746 999
2 747 999
2 748 999
2 749 999
2 750 999
2 751 999
2 752 999
2 753 999
2 754 999
2 755 999
2 756 999
2 757 999
2 758 999
2 759 999
2 760 999
2 761 999
2 762 999
2 763 999
2 764 999
2 765 999
2 766 999
2 767 999
2 768 999
2 769 999
2 770 999
2 771 999
2 772 999
2 773 999
2 774 999
2 775 999
2 776 999
2 777 999
2 778 999
2 779 999
2 780 999
2 781 999
2 782 999
2 783 999
2 784 999
2 785 999
2 786 999
2 787 999
2 788 999
2 789 999
2 790 999
2 791 999
2 792 999
2 793 999
2 794 999
2 795 999
2 796 999
2 797 999
2 798 999
2 799 999
2 800 999
2 801 999
2 802 999
2 803 999
2 804 999
2 805 999
2 806 999
2 807 999
2 808 999
2 809 999
2 810 999
2 811 999
2 812 999
2 813 999
2 814 999
2 815 999
2 816 999
2 817 999
2 818 999
2 819 999
2 820 999
2 821 999
2 822 999
2 823 999
2 824 999
2 825 999
2 826 999
2 827 999
2 828 999
2 829 999
2 830 999
2 831 999
2 832 999
2 833 999
2 834 999
2 835 999
2 836 999
2 837 999
2 838 999
2 839 999
2 840 999
2 841 999
2 842 999
2 843 999
2 844 999
2 845 999
2 846 999
2 847 999
2 848 999
2 849 999
2 850 999
2 851 999
2 852 999
2 853 999
2 854 999
2 855 999
2 856 999
2 857 999
2 858 999
2 859 999
2 860 999
2 861 999
2 862 999
2 863 999
2 864 999
2 865 999
2 866 999
2 867 999
2 868 999
2 869 999
2 870 999
2 871 999
2 872 999
2 873 999
2 874 999
2 875 999
2 876 999
2 877 999
2 878 999
2 879 999
2 880 999
2 881 999
2 882 999
2 883 999
2 884 999
2 885 999
2 886 999
2 887 999
2 888 999
2 889 999
2 890 999
2 891 999
2 892 999
2 893 999
2 894 999
2 895 999
2 896 999
2 897 999
2 898 999
2 899 999
2 900 999
2 901 999
2 902 999
2 903 999
2 904 999
2 905 999
2 906 999
2 907 999
2 908 999
2 909 999
2 910 999
2 911 999
2 912 999
2 913 999
2 914 999
2 915 999
2 916 999
2 917 999
2 918 999
2 919 999
2 920 999
2 921 999
2 922 999
2 923 999
2 924 999
2 925 999
2 926 999
2 927 999
2 928 999
2 929 999
2 930 999
2 931 999
2 932 999
2 933 999
2 934 999
2 935 999
2 936 999
2 937 999
2 938 999
2 939 999
2 940 999
2 941 999
2 942 999
2 943 999
2 944 999
2 945 999
2 946 999
2 947 999
2 948 999
2 949 999
2 950 999
2 951 999
2 952 999
2 953 999
2 954 999
2 955 999
2 956 999
2 957 999
2 958 999
2 959 999
2 960 999
2 961 999
2 962 999
2 963 999
2 964 999
2 965 999
2 966 999
2 967 999
2 968 999
2 969 999
2 970 999
2 971 999
2 972 999
2 973 999
2 974 999
2 975 999
2 976 999
2 977 999
2 978 999
2 979 999
2 980 999
2 981 999
2 982 999
2 983 999
2 984 999
2 985 999
2 986 999
2 987 999
2 988 999
2 989 999
2 990 999
2 991 999
2 992 999
2 993 999
2 994 999
2 995 999
2 996 999
2 997 999
2 998 999
2 999 999
3 5 1
3 6 1
3 7 1
3 8 1
3 9 1
3 10 1
3 11 1
3 12 1
3 13 1
3 14 1
3 15 1
3 16 1
3 17 1
3 18 1
3 19 1
3 20 1
3 21 1
3 22 1
3 23 1
3 24 1
3 25 1
3 26 1
3 27 1
3 28 1
3 29 1
3 30 1
3 31 1
3 32 1
3 33 1
3 34 1
3 35 1
3 36 1
3 37 1
3 38 1
3 39 1
3 40 1
3 41 1
3 42 1
3 43 1
3 44 1
3 45 1
3 46 1
3 47 1
3 48 1
3 49 1
3 50 1
3 51 1
3 52 1
3 53 1
3 54 1
3 55 1
3 56 1
3 57 1
3 58 1
3 59 1
3 60 1
3 61 1
3 62 1
3 63 1
3 64 1
3 65 1
3 66 1
3 67 1
3 68 1
3 69 1
3 70 1
3 71 1
3 72 1
3 73 1
3 74 1
3 75 1
3 76 1
3 77 1
3 78 1
3 79 1
3 80 1
3 81 1
3 82 1
3 83 1
3 84 1
3 85 1
3 86 1
3 87 1
3 88 1
3 89 1
3 90 1
3 91 1
3 92 1
3 93 1
3 94 1
3 95 1
3 96 1
3 97 1
3 98 1
3 99 1
3 100 1
3 101 1
3 102 1
3 103 1
3 104 1
3 105 1
3 106 1
3 107 1
3 108 1
3 109 1
3 110 1
3 111 1
3 112 1
3 113 1
3 114 1
3 115 1
3 116 1
3 117 1
3 118 1
3 119 1
3 120 1
3 121 1
3 122 1
3 123 1
3 124 1
3 125 1
3 126 1
3 127 1
3 128 1
3 129 1
3 130 1
3 131 1
3 132 1
3 133 1
3 134 1
3 135 1
3 136 1
3 137 1
3 138 1
3 139 1
3 140 1
3 141 1
3 142 1
3 143 1
3 144 1
3 145 1
3 146 1
3 147 1
3 148 1
3 149 1
3 150 1
3 151 1
3 152 1
3 153 1
3 154 1
3 155 1
3 156 1
3 157 1
3 158 1
3 159 1
3 160 1
3 161 1
3 162 1
3 163 1
3 164 1
3 165 1
3 166 1
3 167 1
3 168 1
3 169 1
3 170 1
3 171 1
3 172 1
3 173 1
3 174 1
3 175 1
3 176 1
3 177 1
3 178 1
3 179 1
3 180 1
3 181 1
3 182 1
3 183 1
3 184 1
3 185 1
3 186 1
3 187 1
3 188 1
3 189 1
3 190 1
3 191 1
3 192 1
3 193 1
3 194 1
3 195 1
3 196 1
3 197 1
3 198 1
3 199 1
3 200 1
3 201 1
3 202 1
3 203 1
3 204 1
3 205 1
3 206 1
3 207 1
3 208 1
3 209 1
3 210 1
3 211 1
3 212 1
3 213 1
3 214 1
3 215 1
3 216 1
3 217 1
3 218 1
3 219 1
3 220 1
3 221 1
3 222 1
3 223 1
3 224 1
3 225 1
3 226 1
3 227 1
3 228 1
3 229 1
3 230 1
3 231 1
3 232 1
3 233 1
3 234 1
3 235 1
3 236 1
3 237 1
3 238 1
3 239 1
3 240 1
3 241 1
3 242 1
3 243 1
3 244 1
3 245 1
3 246 1
3 247 1
3 248 1
3 249 1
3 250 1
3 251 1
3 252 1
3 253 1
3 254 1
3 255 1
3 256 1
3 257 1
3 258 1
3 259 1
3 260 1
3 261 1
3 262 1
3 263 1
3 264 1
3 265 1
3 266 1
3 267 1
3 268 1
3 269 1
3 270 1
3 271 1
3 272 1
3 273 1
3 274 1
3 275 1
3 276 1
3 277 1
3 278 1
3 279 1
3 280 1
3 281 1
3 282 1
3 283 1
3 284 1
3 285 1
3 286 1
3 287 1
3 288 1
3 289 1
3 290 1
3 291 1
3 292 1
3 293 1
3 294 1
3 295 1
3 296 1
3 297 1
3 298 1
3 299 1
3 300 1
3 301 1
3 302 1
3 303 1
3 304 1
3 305 1
3 306 1
3 307 1
3 308 1
3 309 1
3 310 1
3 311 1
3 312 1
3 313 1
3 314 1
3 315 1
3 316 1
3 317 1
3 318 1
3 319 1
3 320 1
3 321 1
3 322 1
3 323 1
3 324 1
3 325 1
3 326 1
3 327 1
3 328 1
3 329 1
3 330 1
3 331 1
3 332 1
3 333 1
3 334 1
3 335 1
3 336 1
3 337 1
3 338 1
3 339 1
3 340 1
3 341 1
3 342 1
3 343 1
3 344 1
3 345 1
3 346 1
3 347 1
3 348 1
3 349 1
3 350 1
3 351 1
3 352 1
3 353 1
3 354 1
3 355 1
3 356 1
3 357 1
3 358 1
3 359 1
3 360 1
3 361 1
3 362 1
3 363 1
3 364 1
3 365 1
3 366 1
3 367 1
3 368 1
3 369 1
3 370 1
3 371 1
3 372 1
3 373 1
3 374 1
3 375 1
3 376 1
3 377 1
3 378 1
3 379 1
3 380 1
3 381 1
3 382 1
3 383 1
3 384 1
3 385 1
3 386 1
3 387 1
3 388 1
3 389 1
3 390 1
3 391 1
3 392 1
3 393 1
3 394 1
3 395 1
3 396 1
3 397 1
3 398 1
3 399 1
3 400 1
3 401 1
3 402 1
3 403 1
3 404 1
3 405 1
3 406 1
3 407 1
3 408 1
3 409 1
3 410 1
3 411 1
3 412 1
3 413 1
3 414 1
3 415 1
3 416 1
3 417 1
3 418 1
3 419 1
3 420 1
3 421 1
3 422 1
3 423 1
3 424 1
3 425 1
3 426 1
3 427 1
3 428 1
3 429 1
3 430 1
3 431 1
3 432 1
3 433 1
3 434 1
3 435 1
3 436 1
3 437 1
3 438 1
3 439 1
3 440 1
3 441 1
3 442 1
3 443 1
3 444 1
3 445 1
3 446 1
3 447 1
3 448 1
3 449 1
3 450 1
3 451 1
3 452 1
3 453 1
3 454 1
3 455 1
3 456 1
3 457 1
3 458 1
3 459 1
3 460 1
3 461 1
3 462 1
3 463 1
3 464 1
3 465 1
3 466 1
3 467 1
3 468 1
3 469 1
3 470 1
3 471 1
3 472 1
3 473 1
3 474 1
3 475 1
3 476 1
3 477 1
3 478 1
3 479 1
3 480 1
3 481 1
3 482 1
3 483 1
3 484 1
3 485 1
3 486 1
3 487 1
3 488 1
3 489 1
3 490 1
3 491 1
3 492 1
3 493 1
3 494 1
3 495 1
3 496 1
3 497 1
3 498 1
3 499 1
3 500 999
3 501 999
3 502 999
3 503 999
3 504 999
3 505 999
3 506 999
3 507 999
3 508 999
3 509 999
3 510 999
3 511 999
3 512 999
3 513 999
3 514 999
3 515 999
3 516 999
3 517 999
3 518 999
3 519 999
3 520 999
3 521 999
3 522 999
3 523 999
3 524 999
3 525 999
3 526 999
3 527 999
3 528 999
3 529 999
3 530 999
3 531 999
3 532 999
3 533 999
3 534 999
3 535 999
3 536 999
3 537 999
3 538 999
3 539 999
3 540 999
3 541 999
3 542 999
3 543 999
3 544 999
3 545 999
3 546 999
3 547 999
3 548 999
3 549 999
3 550 999
3 551 999
3 552 999
3 553 999
3 554 999
3 555 999
3 556 999
3 557 999
3 558 999
3 559 999
3 560 999
3 561 999
3 562 999
3 563 999
3 564 999
3 565 999
3 566 999
3 567 999
3 568 999
3 569 999
3 570 999
3 571 999
3 572 999
3 573 999
3 574 999
3 575 999
3 576 999
3 577 999
3 578 999
3 579 999
3 580 999
3 581 999
3 582 999
3 583 999
3 584 999
3 585 999
3 586 999
3 587 999
3 588 999
3 589 999
3 590 999
3 591 999
3 592 999
3 593 999
3 594 999
3 595 999
3 596 999
3 597 999
3 598 999
3 599 999
3 600 999
3 601 999
3 602 999
3 603 999
3 604 999
3 605 999
3 606 999
3 607 999
3 608 999
3 609 999
3 610 999
3 611 999
3 612 999
3 613 999
3 614 999
3 615 999
3 616 999
3 617 999
3 618 999
3 619 999
3 620 999
3 621 999
3 622 999
3 623 999
3 624 999
3 625 999
3 626 999
3 627 999
3 628 999
3 629 999
3 630 999
3 631 999
3 632 999
3 633 999
3 634 999
3 635 999
3 636 999
3 637 999
3 638 999
3 639 999
3 640 999
3 641 999
3 642 999
3 643 999
3 644 999
3 645 999
3 646 999
3 647 999
3 648 999
3 649 999
3 650 999
3 651 999
3 652 999
3 653 999
3 654 999
3 655 999
3 656 999
3 657 999
3 658 999
3 659 999
3 660 999
3 661 999
3 662 999
3 663 999
3 664 999
3 665 999
3 666 999
3 667 999
3 668 999
3 669 999
3 670 999
3 671 999
3 672 999
3 673 999
3 674 999
3 675 999
3 676 999
3 677 999
3 678 999
3 679 999
3 680 999
3 681 999
3 682 999
3 683 999
3 684 999
3 685 999
3 686 999
3 687 999
3 688 999
3 689 999
3 690 999
3 691 999
3 692 999
3 693 999
3 694 999
3 695 999
3 696 999
3 697 999
3 698 999
3 699 999
3 700 999
3 701 999
3 702 999
3 703 999
3 704 999
3 705 999
3 706 999
3 707 999
3 708 999
3 709 999
3 710 999
3 711 999
3 712 999
3 713 999
3 714 999
3 715 999
3 716 999
3 717 999
3 718 999
3 719 999
3 720 999
3 721 999
3 722 999
3 723 999
3 724 999
3 725 999
3 726 999
3 727 999
3 728 999
3 729 999
3 730 999
3 731 999
3 732 999
3 733 999
3 734 999
3 735 999
3 736 999
3 737 999
3 738 999
3 739 999
3 740 999
3 741 999
3 742 999
3 743 999
3 744 999
3 745 999
3 746 999
3 747 999
3 748 999
3 749 999
3 750 999
3 751 999
3 752 999
3 753 999
3 754 999
3 755 999
3 756 999
3 757 999
3 758 999
3 759 999
3 760 999
3 761 999
3 762 999
3 763 999
3 764 999
3 765 999
3 766 999
3 767 999
3 768 999
3 769 999
3 770 999
3 771 999
3 772 999
3 773 999
3 774 999
3 775 999
3 776 999
3 777 999
3 778 999
3 779 999
3 780 999
3 781 999
3 782 999
3 783 999
3 784 999
3 785 999
3 786 999
3 787 999
3 788 999
3 789 999
3 790 999
3 791 999
3 792 999
3 793 999
3 794 999
3 795 999
3 796 999
3 797 999
3 798 999
3 799 999
3 800 999
3 801 999
3 802 999
3 803 999
3 804 999
3 805 999
3 806 999
3 807 999
3 808 999
3 809 999
3 810 999
3 811 999
3 812 999
3 813 999
3 814 999
3 815 999
3 816 999
3 817 999
3 818 999
3 819 999
3 820 999
3 821 999
3 822 999
3 823 999
3 824 999
3 825 999
3 826 999
3 827 999
3 828 999
3 829 999
3 830 999
3 831 999
3 832 999
3 833 999
3 834 999
3 835 999
3 836 999
3 837 999
3 838 999
3 839 999
3 840 999
3 841 999
3 842 999
3 843 999
3 844 999
3 845 999
3 846 999
3 847 999
3 848 999
3 849 999
3 850 999
3 851 999
3 852 999
3 853 999
3 854 999
3 855 999
3 856 999
3 857 999
3 858 999
3 859 999
3 860 999
3 861 999
3 862 999
3 863 999
3 864 999
3 865 999
3 866 999
3 867 999
3 868 999
3 869 999
3 870 999
3 871 999
3 872 999
3 873 999
3 874 999
3 875 999
3 876 999
3 877 999
3 878 999
3 879 999
3 880 999
3 881 999
3 882 999
3 883 999
3 884 999
3 885 999
3 886 999
3 887 999
3 888 999
3 889 999
3 890 999
3 891 999
3 892 999
3 893 999
3 894 999
3 895 999
3 896 999
3 897 999
3 898 999
3 899 999
3 900 999
3 901 999
3 902 999
3 903 999
3 904 999
3 905 999
3 906 999
3 907 999
3 908 999
3 909 999
3 910 999
3 911 999
3 912 999
3 913 999
3 914 999
3 915 999
3 916 999
3 917 999
3 918 999
3 919 999
3 920 999
3 921 999
3 922 999
3 923 999
3 924 999
3 925 999
3 926 999
3 927 999
3 928 999
3 929 999
3 930 999
3 931 999
3 932 999
3 933 999
3 934 999
3 935 999
3 936 999
3 937 999
3 938 999
3 939 999
3 940 999
3 941 999
3 942 999
3 943 999
3 944 999
3 945 999
3 946 999
3 947 999
3 948 999
3 949 999
3 950 999
3 951 999
3 952 999
3 953 999
3 954 999
3 955 999
3 956 999
3 957 999
3 958 999
3 959 999
3 960 999
3 961 999
3 962 999
3 963 999
3 964 999
3 965 999
3 966 999
3 967 999
3 968 999
3 969 999
3 970 999
3 971 999
3 972 999
3 973 999
3 974 999
3 975 999
3 976 999
3 977 999
3 978 999
3 979 999
3 980 999
3 981 999
3 982 999
3 983 999
3 984 999
3 985 999
3 986 999
3 987 999
3 988 999
3 989 999
3 990 999
3 991 999
3 992 999
3 993 999
3 994 999
3 995 999
3 996 999
3 997 999
3 998 999
3 999 999
4 5 1
4 6 1
4 7 1
4 8 1
4 9 1
4 10 1
4 11 1
4 12 1
4 13 1
4 14 1
4 15 1
4 16 1
4 17 1
4 18 1
4 19 1
4 20 1
4 21 1
4 22 1
4 23 1
4 24 1
4 25 1
4 26 1
4 27 1
4 28 1
4 29 1
4 30 1
4 31 1
4 32 1
4 33 1
4 34 1
4 35 1
4 36 1
4 37 1
4 38 1
4 39 1
4 40 1
4 41 1
4 42 1
4 43 1
4 44 1
4 45 1
4 46 1
4 47 1
4 48 1
4 49 1
4 50 1
4 51 1
4 52 1
4 53 1
4 54 1
4 55 1
4 56 1
4 57 1
4 58 1
4 59 1
4 60 1
4 61 1
4 62 1
4 63 1
4 64 1
4 65 1
4 66 1
4 67 1
4 68 1
4 69 1
4 70 1
4 71 1
4 72 1
4 73 1
4 74 1
4 75 1
4 76 1
4 77 1
4 78 1
4 79 1
4 80 1
4 81 1
4 82 1
4 83 1
4 84 1
4 85 1
4 86 1
4 87 1
4 88 1
4 89 1
4 90 1
4 91 1
4 92 1
4 93 1
4 94 1
4 95 1
4 96 1
4 97 1
4 98 1
4 99 1
4 100 1
4 101 1
4 102 1
4 103 1
4 104 1
4 105 1
4 106 1
4 107 1
4 108 1
4 109 1
4 110 1
4 111 1
4 112 1
4 113 1
4 114 1
4 115 1
4 116 1
4 117 1
4 118 1
4 119 1
4 120 1
4 121 1
4 122 1
4 123 1
4 124 1
4 125 1
4 126 1
4 127 1
4 128 1
4 129 1
4 130 1
4 131 1
4 132 1
4 133 1
4 134 1
4 135 1
4 136 1
4 137 1
4 138 1
4 139 1
4 140 1
4 141 1
4 142 1
4 143 1
4 144 1
4 145 1
4 146 1
4 147 1
4 148 1
4 149 1
4 150 1
4 151 1
4 152 1
4 153 1
4 154 1
4 155 1
4 156 1
4 157 1
4 158 1
4 159 1
4 160 1
4 161 1
4 162 1
4 163 1
4 164 1
4 165 1
4 166 1
4 167 1
4 168 1
4 169 1
4 170 1
4 171 1
4 172 1
4 173 1
4 174 1
4 175 1
4 176 1
4 177 1
4 178 1
4 179 1
4 180 1
4 181 1
4 182 1
4 183 1
4 184 1
4 185 1
4 186 1
4 187 1
4 188 1
4 189 1
4 190 1
4 191 1
4 192 1
4 193 1
4 194 1
4 195 1
4 196 1
4 197 1
4 198 1
4 199 1
4 200 1
4 201 1
4 202 1
4 203 1
4 204 1
4 205 1
4 206 1
4 207 1
4 208 1
4 209 1
4 210 1
4 211 1
4 212 1
4 213 1
4 214 1
4 215 1
4 216 1
4 217 1
4 218 1
4 219 1
4 220 1
4 221 1
4 222 1
4 223 1
4 224 1
4 225 1
4 226 1
4 227 1
4 228 1
4 229 1
4 230 1
4 231 1
4 232 1
4 233 1
4 234 1
4 235 1
4 236 1
4 237 1
4 238 1
4 239 1
4 240 1
4 241 1
4 242 1
4 243 1
4 244 1
4 245 1
4 246 1
4 247 1
4 248 1
4 249 1
4 250 1
4 251 1
4 252 1
4 253 1
4 254 1
4 255 1
4 256 1
4 257 1
4 258 1
4 259 1
4 260 1
4 261 1
4 262 1
4 263 1
4 264 1
4 265 1
4 266 1
4 267 1
4 268 1
4 269 1
4 270 1
4 271 1
4 272 1
4 273 1
4 274 1
4 275 1
4 276 1
4 277 1
4 278 1
4 279 1
4 280 1
4 281 1
4 282 1
4 283 1
4 284 1
4 285 1
4 286 1
4 287 1
4 288 1
4 289 1
4 290 1
4 291 1
4 292 1
4 293 1
4 294 1
4 295 1
4 296 1
4 297 1
4 298 1
4 299 1
4 300 1
4 301 1
4 302 1
4 303 1
4 304 1
4 305 1
4 306 1
4 307 1
4 308 1
4 309 1
4 310 1
4 311 1
4 312 1
4 313 1
4 314 1
4 315 1
4 316 1
4 317 1
4 318 1
4 319 1
4 320 1
4 321 1
4 322 1
4 323 1
4 324 1
4 325 1
4 326 1
4 327 1
4 328 1
4 329 1
4 330 1
4 331 1
4 332 1
4 333 1
4 334 1
4 335 1
4 336 1
4 337 1
4 338 1
4 339 1
4 340 1
4 341 1
4 342 1
4 343 1
4 344 1
4 345 1
4 346 1
4 347 1
4 348 1
4 349 1
4 350 1
4 351 1
4 352 1
4 353 1
4 354 1
4 355 1
4 356 1
4 357 1
4 358 1
4 359 1
4 360 1
4 361 1
4 362 1
4 363 1
4 364 1
4 365 1
4 366 1
4 367 1
4 368 1
4 369 1
4 370 1
4 371 1
4 372 1
4 373 1
4 374 1
4 375 1
4 376 1
4 377 1
4 378 1
4 379 1
4 380 1
4 381 1
4 382 1
4 383 1
4 384 1
4 385 1
4 386 1
4 387 1
4 388 1
4 389 1
4 390 1
4 391 1
4 392 1
4 393 1
4 394 1
4 395 1
4 396 1
4 397 1
4 398 1
4 399 1
4 400 1
4 401 1
4 402 1
4 403 1
4 404 1
4 405 1
4 406 1
4 407 1
4 408 1
4 409 1
4 410 1
4 411 1
4 412 1
4 413 1
4 414 1
4 415 1
4 416 1
4 417 1
4 418 1
4 419 1
4 420 1
4 421 1
4 422 1
4 423 1
4 424 1
4 425 1
4 426 1
4 427 1
4 428 1
4 429 1
4 430 1
4 431 1
4 432 1
4 433 1
4 434 1
4 435 1
4 436 1
4 437 1
4 438 1
4 439 1
4 440 1
4 441 1
4 442 1
4 443 1
4 444 1
4 445 1
4 446 1
4 447 1
4 448 1
4 449 1
4 450 1
4 451 1
4 452 1
4 453 1
4 454 1
4 455 1
4 456 1
4 457 1
4 458 1
4 459 1
4 460 1
4 461 1
4 462 1
4 463 1
4 464 1
4 465 1
4 466 1
4 467 1
4 468 1
4 469 1
4 470 1
4 471 1
4 472 1
4 473 1
4 474 1
4 475 1
4 476 1
4 477 1
4 478 1
4 479 1
4 480 1
4 481 1
4 482 1
4 483 1
4 484 1
4 485 1
4 486 1
4 487 1
4 488 1
4 489 1
4 490 1
4 491 1
4 492 1
4 493 1
4 494 1
4 495 1
4 496 1
4 497 1
4 498 1
4 499 1
4 500 999
4 501 999
4 502 999
4 503 999
4 504 999
4 505 999
4 506 999
4 507 999
4 508 999
4 509 999
4 510 999
4 511 999
4 512 999
4 513 999
4 514 999
4 515 999
4 516 999
4 517 999
4 518 999
4 519 999
4 520 999
4 521 999
4 522 999
4 523 999
4 524 999
4 525 999
4 526 999
4 527 999
4 528 999
4 529 999
4 530 999
4 531 999
4 532 999
4 533 999
4 534 999
4 535 999
4 536 999
4 537 999
4 538 999
4 539 999
4 540 999
4 541 999
4 542 999
4 543 999
4 544 999
4 545 999
4 546 999
4 547 999
4 548 999
4 549 999
4 550 999
4 551 999
4 552 999
4 553 999
4 554 999
4 555 999
4 556 999
4 557 999
4 558 999
4 559 999
4 560 999
4 561 999
4 562 999
4 563 999
4 564 999
4 565 999
4 566 999
4 567 999
4 568 999
4 569 999
4 570 999
4 571 999
4 572 999
4 573 999
4 574 999
4 575 999
4 576 999
4 577 999
4 578 999
4 579 999
4 580 999
4 581 999
4 582 999
4 583 999
4 584 999
4 585 999
4 586 999
4 587 999
4 588 999
4 589 999
4 590 999
4 591 999
4 592 999
4 593 999
4 594 999
4 595 999
4 596 999
4 597 999
4 598 999
4 599 999
4 600 999
4 601 999
4 602 999
4 603 999
4 604 999
4 605 999
4 606 999
4 607 999
4 608 999
4 609 999
4 610 999
4 611 999
4 612 999
4 613 999
4 614 999
4 615 999
4 616 999
4 617 999
4 618 999
4 619 999
4 620 999
4 621 999
4 622 999
4 623 999
4 624 999
4 625 999
4 626 999
4 627 999
4 628 999
4 629 999
4 630 999
4 631 999
4 632 999
4 633 999
4 634 999
4 635 999
4 636 999
4 637 999
4 638 999
4 639 999
4 640 999
4 641 999
4 642 999
4 643 999
4 644 999
4 645 999
4 646 999
4 647 999
4 648 999
4 649 999
4 650 999
4 651 999
4 652 999
4 653 999
4 654 999
4 655 999
4 656 999
4 657 999
4 658 999
4 659 999
4 660 999
4 661 999
4 662 999
4 663 999
4 664 999
4 665 999
4 666 999
4 667 999
4 668 999
4 669 999
4 670 999
4 671 999
4 672 999
4 673 999
4 674 999
4 675 999
4 676 999
4 677 999
4 678 999
4 679 999
4 680 999
4 681 999
4 682 999
4 683 999
4 684 999
4 685 999
4 686 999
4 687 999
4 688 999
4 689 999
4 690 999
4 691 999
4 692 999
4 693 999
4 694 999
4 695 999
4 696 999
4 697 999
4 698 999
4 699 999
4 700 999
4 701 999
4 702 999
4 703 999
4 704 999
4 705 999
4 706 999
4 707 999
4 708 999
4 709 999
4 710 999
4 711 999
4 712 999
4 713 999
4 714 999
4 715 999
4 716 999
4 717 999
4 718 999
4 719 999
4 720 999
4 721 999
4 722 999
4 723 999
4 724 999
4 725 999
4 726 999
4 727 999
4 728 999
4 729 999
4 730 999
4 731 999
4 732 999
4 733 999
4 734 999
4 735 999
4 736 999
4 737 999
4 738 999
4 739 999
4 740 999
4 741 999
4 742 999
4 743 999
4 744 999
4 745 999
4 746 999
4 747 999
4 748 999
4 749 999
4 750 999
4 751 999
4 752 999
4 753 999
4 754 999
4 755 999
4 756 999
4 757 999
4 758 999
4 759 999
4 760 999
4 761 999
4 762 999
4 763 999
4 764 999
4 765 999
4 766 999
4 767 999
4 768 999
4 769 999
4 770 999
4 771 999
4 772 999
4 773 999
4 774 999
4 775 999
4 776 999
4 777 999
4 778 999
4 779 999
4 780 999
4 781 999
4 782 999
4 783 999
4 784 999
4 785 999
4 786 999
4 787 999
4 788 999
4 789 999
4 790 999
4 791 999
4 792 999
4 793 999
4 794 999
4 795 999
4 796 999
4 797 999
4 798 999
4 799 999
4 800 999
4 801 999
4 802 999
4 803 999
4 804 999
4 805 999
4 806 999
4 807 999
4 808 999
4 809 999
4 810 999
4 811 999
4 812 999
4 813 999
4 814 999
4 815 999
4 816 999
4 817 999
4 818 999
4 819 999
4 820 999
4 821 999
4 822 999
4 823 999
4 824 999
4 825 999
4 826 999
4 827 999
4 828 999
4 829 999
4 830 999
4 831 999
4 832 999
4 833 999
4 834 999
4 835 999
4 836 999
4 837 999
4 838 999
4 839 999
4 840 999
4 841 999
4 842 999
4 843 999
4 844 999
4 845 999
4 846 999
4 847 999
4 848 999
4 849 999
4 850 999
4 851 999
4 852 999
4 853 999
4 854 999
4 855 999
4 856 999
4 857 999
4 858 999
4 859 999
4 860 999
4 861 999
4 862 999
4 863 999
4 864 999
4 865 999
4 866 999
4 867 999
4 868 999
4 869 999
4 870 999
4 871 999
4 872 999
4 873 999
4 874 999
4 875 999
4 876 999
4 877 999
4 878 999
4 879 999
4 880 999
4 881 999
4 882 999
4 883 999
4 884 999
4 885 999
4 886 999
4 887 999
4 888 999
4 889 999
4 890 999
4 891 999
4 892 999
4 893 999
4 894 999
4 895 999
4 896 999
4 897 999
4 898 999
4 899 999
4 900 999
4 901 999
4 902 999
4 903 999
4 904 999
4 905 999
4 906 999
4 907 999
4 908 999
4 909 999
4 910 999
4 911 999
4 912 999
4 913 999
4 914 999
4 915 999
4 916 999
4 917 999
4 918 999
4 919 999
4 920 999
4 921 999
4 922 999
4 923 999
4 924 999
4 925 999
4 926 999
4 927 999
4 928 999
4 929 999
4 930 999
4 931 999
4 932 999
4 933 999
4 934 999
4 935 999
4 936 999
4 937 999
4 938 999
4 939 999
4 940 999
4 941 999
4 942 999
4 943 999
4 944 999
4 945 999
4 946 999
4 947 999
4 948 999
4 949 999
4 950 999
4 951 999
4 952 999
4 953 999
4 954 999
4 955 999
4 956 999
4 957 999
4 958 999
4 959 999
4 960 999
4 961 999
4 962 999
4 963 999
4 964 999
4 965 999
4 966 999
4 967 999
4 968 999
4 969 999
4 970 999
4 971 999
4 972 999
4 973 999
4 974 999
4 975 999
4 976 999
4 977 999
4 978 999
4 979 999
4 980 999
4 981 999
4 982 999
4 983 999
4 984 999
4 985 999
4 986 999
4 987 999
4 988 999
4 989 999
4 990 999
4 991 999
4 992 999
4 993 999
4 994 999
4 995 999
4 996 999
4 997 999
4 998 999
4 999 999
