250
55
0 33 1
2 43 1
3 145 1
4 200 1
5 104 1
6 136 1
9 89 1
9 156 1
19 211 1
26 47 1
32 166 1
34 48 1
35 101 1
35 107 1
38 121 1
39 152 1
39 239 1
43 102 1
47 103 1
48 51 1
49 82 1
53 92 1
55 126 1
61 101 1
62 192 1
64 230 1
66 71 1
70 132 1
75 133 1
77 242 1
83 192 1
90 239 1
92 105 1
95 124 1
100 240 1
102 156 1
107 239 1
108 187 1
108 242 1
116 194 1
119 215 1
123 181 1
127 141 1
130 240 1
141 165 1
143 240 1
146 177 1
147 234 1
149 240 1
156 197 1
158 181 1
174 210 1
185 191 1
201 240 1
201 242 1
