250
46
216 106 405
40 101 827
30 72 591
147 114 646
70 105 617
8 143 537
111 134 487
242 175 335
135 99 574
55 115 441
63 140 223
56 74 5
86 242 157
47 164 535
149 75 214
126 208 619
206 103 629
15 209 472
192 150 686
138 199 163
81 209 883
120 109 301
99 41 933
161 185 68
5 95 443
179 182 613
72 22 578
9 127 112
153 180 326
54 28 937
121 185 629
131 244 335
172 114 86
163 208 598
195 121 316
191 18 316
3 104 118
164 166 536
181 66 267
84 99 88
181 22 315
78 156 499
61 78 650
54 228 554
25 29 179
50 134 590
0 1
1 1
2 1
3 0
4 1
5 0
6 1
7 0
8 0
9 0
10 0
11 1
12 1
13 1
14 0
15 1
16 1
17 1
18 1
19 1
20 0
21 1
22 1
23 0
24 0
25 1
26 1
27 1
28 0
29 0
30 1
31 1
32 1
33 1
34 0
35 1
36 1
37 1
38 0
39 1
40 1
41 0
42 1
43 1
44 1
45 0
46 0
47 1
48 1
49 1
50 1
51 1
52 1
53 0
54 1
55 0
56 0
57 1
58 1
59 1
60 0
61 1
62 0
63 1
64 0
65 1
66 1
67 1
68 0
69 1
70 0
71 0
72 0
73 0
74 1
75 0
76 0
77 1
78 0
79 0
80 0
81 1
82 1
83 0
84 0
85 0
86 1
87 1
88 1
89 1
90 1
91 0
92 0
93 0
94 0
95 1
96 0
97 0
98 1
99 1
100 0
101 0
102 1
103 1
104 1
105 1
106 0
107 1
108 0
109 1
110 1
111 1
112 0
113 0
114 0
115 1
116 1
117 0
118 0
119 0
120 0
121 1
122 1
123 1
124 1
125 0
126 1
127 1
128 1
129 1
130 0
131 1
132 1
133 1
134 0
135 0
136 1
137 1
138 1
139 0
140 0
141 0
142 0
143 1
144 1
145 0
146 0
147 1
148 0
149 1
150 0
151 0
152 1
153 1
154 1
155 1
156 1
157 0
158 0
159 0
160 0
161 1
162 1
163 1
164 0
165 1
166 1
167 0
168 1
169 0
170 0
171 0
172 1
173 1
174 1
175 1
176 0
177 0
178 0
179 0
180 0
181 0
182 1
183 0
184 1
185 0
186 1
187 1
188 0
189 1
190 1
191 0
192 1
193 0
194 0
195 0
196 1
197 1
198 0
199 0
200 0
201 1
202 0
203 1
204 1
205 1
206 0
207 0
208 0
209 0
210 0
211 0
212 0
213 0
214 0
215 0
216 1
217 1
218 1
219 1
220 0
221 0
222 0
223 0
224 0
225 0
226 0
227 1
228 0
229 0
230 0
231 1
232 0
233 1
234 0
235 0
236 0
237 0
238 0
239 0
240 0
241 1
242 0
243 1
244 0
245 0
246 0
247 1
248 0
249 1