1000
4073
964 282 642
29 286 364
270 370 774
713 451 832
914 644 481
899 399 209
407 271 179
34 531 164
441 617 908
349 185 969
507 572 140
497 554 487
907 359 271
117 158 112
473 72 604
369 133 869
779 387 283
973 631 194
214 677 450
809 600 998
166 790 835
514 463 456
872 320 759
841 671 789
254 771 600
134 458 180
146 562 368
989 634 359
946 268 622
601 571 316
317 780 258
484 557 908
556 850 576
310 158 747
440 15 440
812 463 828
270 572 590
666 986 639
465 58 47
550 124 268
290 219 449
162 391 160
391 301 797
184 752 72
985 331 187
835 609 954
945 650 776
575 241 833
582 172 672
28 256 515
581 686 766
841 983 28
756 95 114
984 422 725
946 477 463
325 359 611
38 423 67
946 654 990
594 386 25
955 178 308
687 522 494
902 104 71
110 421 835
290 990 718
156 405 619
855 314 480
163 902 826
951 72 370
478 910 18
469 301 945
473 125 140
588 582 724
982 102 188
283 281 559
929 884 586
169 366 494
473 293 415
536 986 736
915 254 683
470 473 884
614 531 449
495 797 325
118 797 769
177 144 654
376 132 446
935 902 103
627 78 883
134 663 697
101 113 791
747 241 640
16 815 879
414 586 230
182 345 183
682 860 594
349 86 691
722 255 538
921 825 122
291 767 570
109 476 926
643 837 771
260 414 447
257 105 833
223 434 375
113 332 279
794 912 941
129 49 852
183 980 938
648 787 342
344 30 13
886 861 863
666 492 318
740 862 0
457 190 121
400 744 554
510 29 306
928 572 7
172 364 371
55 877 932
561 75 79
155 67 664
720 414 252
311 899 217
764 744 913
990 757 19
840 497 735
713 421 214
876 468 870
844 773 773
533 919 389
836 622 940
755 710 729
897 813 691
16 369 627
4 265 755
931 852 415
425 48 174
173 893 336
613 136 248
198 552 376
430 181 418
439 256 89
840 305 18
486 354 616
75 661 652
332 188 77
468 337 555
811 913 290
917 647 674
784 607 486
291 63 680
915 622 383
217 721 140
611 543 382
631 246 151
931 983 226
717 925 986
812 539 949
799 244 28
535 220 79
173 131 460
45 649 685
609 372 508
800 291 832
220 464 50
478 81 46
406 322 591
186 463 74
181 294 668
116 350 17
123 145 927
690 376 457
95 78 257
736 464 889
534 505 547
66 708 768
772 176 205
670 706 721
281 124 904
593 8 437
800 460 538
789 222 224
696 205 143
212 894 232
680 703 161
847 226 383
142 181 412
941 468 584
536 26 6
310 376 655
573 492 925
87 675 230
351 13 835
466 993 35
932 734 726
983 398 800
507 662 872
224 855 502
416 414 920
225 274 915
475 972 897
215 146 43
359 905 307
105 798 219
167 134 479
739 93 633
153 730 285
117 100 754
797 447 910
415 545 931
16 187 343
315 727 573
182 723 674
64 961 599
929 190 283
872 62 695
895 800 610
134 33 0
827 430 327
398 105 371
248 474 523
80 897 517
602 408 977
342 523 138
381 234 821
135 138 694
118 445 858
524 0 666
605 715 732
610 782 437
742 778 82
901 968 127
548 784 215
234 906 543
675 742 115
119 523 130
328 812 315
497 276 641
216 473 537
219 90 50
276 68 745
374 75 773
981 300 621
90 171 433
647 88 415
957 899 747
100 638 339
851 821 155
165 592 473
249 220 789
418 454 257
919 472 760
623 860 377
731 833 543
609 476 548
463 21 428
102 562 612
112 355 373
783 731 87
989 295 872
95 240 3
685 186 354
74 933 369
718 403 641
330 144 647
535 895 22
238 691 883
156 635 623
952 857 472
515 295 107
168 390 616
735 963 193
730 397 778
110 940 680
79 886 876
931 752 830
604 297 74
325 99 850
507 687 398
199 797 655
453 111 656
378 754 225
989 633 90
260 73 752
114 6 560
294 809 459
873 911 618
164 137 118
649 87 974
515 202 826
109 899 801
920 317 608
1 484 475
789 251 15
311 8 66
227 642 962
758 890 42
372 270 975
850 283 285
598 961 733
18 235 834
233 603 857
193 802 709
580 237 159
900 991 496
405 736 446
351 972 261
728 388 263
982 414 39
690 295 947
788 425 793
22 788 272
657 68 192
687 704 700
219 1 962
934 847 717
205 139 696
72 342 35
389 267 736
411 817 654
181 645 390
86 717 851
960 798 265
341 194 856
243 581 463
309 984 302
485 870 844
815 765 945
676 553 714
816 179 15
510 231 564
108 137 253
264 20 864
965 285 118
469 626 984
925 239 7
777 950 635
172 551 218
653 35 112
729 207 450
989 496 451
338 773 88
80 724 250
506 337 359
413 611 404
471 760 349
236 313 51
374 147 84
156 945 477
996 482 201
942 281 60
909 910 201
299 503 719
245 1 109
457 279 474
171 871 699
934 173 340
466 166 917
200 162 240
88 994 704
414 445 531
950 976 72
810 598 636
594 745 480
60 861 833
656 898 489
926 111 467
82 182 468
425 357 295
350 882 165
113 983 190
828 703 179
862 694 881
837 702 337
864 248 315
265 750 571
688 662 558
403 362 26
32 360 50
20 686 492
422 293 808
887 533 607
550 873 68
875 272 26
960 73 777
970 836 354
801 9 165
754 160 511
188 876 399
204 736 643
567 431 237
480 400 485
968 147 526
344 228 177
830 50 885
438 843 710
929 656 147
773 380 342
789 432 235
630 48 3
994 400 450
623 564 927
818 15 812
973 992 186
950 218 951
442 410 128
879 653 303
781 504 491
919 419 181
903 526 345
445 886 154
750 275 314
804 157 63
330 96 800
614 297 141
3 833 42
263 735 249
913 213 407
681 884 228
705 460 870
534 850 892
987 845 157
916 193 977
298 926 748
138 433 631
212 574 501
767 379 966
870 950 583
761 944 41
871 403 719
637 873 335
303 883 173
274 288 515
421 688 195
756 774 559
335 94 817
67 22 992
189 317 824
618 806 934
979 298 964
515 102 246
948 186 438
211 104 13
361 274 30
7 189 199
275 188 480
626 17 399
871 334 151
986 738 620
209 489 477
840 823 436
69 521 18
817 378 394
546 490 145
928 572 676
556 985 22
820 990 786
646 790 242
264 341 467
42 157 350
402 493 431
199 347 247
214 365 53
379 549 505
893 754 353
687 684 770
585 372 371
847 448 77
623 966 177
392 181 312
239 590 334
805 639 789
256 798 97
103 511 521
200 367 780
296 572 271
855 170 603
594 668 301
285 959 629
781 925 868
1 75 759
222 49 17
207 241 786
689 976 705
813 589 816
833 997 94
793 195 517
320 556 695
944 113 845
65 901 442
18 665 117
17 265 608
544 956 574
127 401 4
807 54 310
931 371 841
627 424 728
661 475 413
245 72 861
85 501 39
517 483 107
59 145 377
711 434 181
238 271 31
812 917 877
465 551 422
519 845 399
458 115 342
251 518 813
102 996 425
350 370 387
92 28 493
580 627 274
669 331 837
545 645 734
931 634 826
176 99 861
724 707 230
465 736 217
290 237 819
408 215 407
770 133 213
506 450 235
758 279 372
585 847 981
135 784 616
557 740 965
994 492 914
833 817 43
768 210 105
474 929 628
563 695 39
596 874 98
476 814 53
191 167 291
992 331 195
242 479 882
883 213 44
741 721 517
673 327 201
537 129 440
511 808 814
462 497 790
876 832 266
202 564 718
357 378 401
60 448 281
923 41 463
508 195 586
974 456 592
107 145 855
886 153 170
757 809 493
249 953 152
23 374 397
754 315 464
910 178 559
228 783 634
722 178 200
10 206 720
540 700 514
382 910 133
548 523 366
206 448 9
530 974 245
325 415 878
146 639 280
479 694 310
818 943 861
503 348 22
474 283 617
425 239 852
806 239 917
706 770 431
634 112 332
856 797 507
162 326 806
352 21 742
193 409 204
644 87 120
635 373 664
507 745 561
999 211 647
411 721 967
640 142 354
306 135 475
878 57 187
653 328 413
434 453 934
8 11 783
933 806 997
290 779 266
894 210 645
296 605 516
147 144 721
60 462 458
700 136 656
295 431 883
315 978 194
776 267 442
334 598 973
8 84 761
55 720 881
175 912 219
167 727 626
566 815 798
159 950 159
86 615 128
323 96 115
21 379 480
931 243 319
740 371 477
493 487 39
797 531 402
192 743 479
843 468 532
111 271 946
750 416 114
4 845 675
472 123 911
558 618 835
952 817 727
235 971 506
351 70 112
898 601 415
90 663 348
421 39 584
244 673 86
840 212 159
156 552 369
640 438 67
521 769 846
857 373 815
308 859 743
211 377 599
153 631 499
94 735 165
798 153 397
978 66 576
791 540 462
855 113 174
758 68 240
806 906 773
626 484 960
212 264 960
503 363 172
25 226 833
308 474 339
548 60 826
494 186 923
873 393 342
366 287 316
895 992 807
195 999 876
73 724 817
407 920 543
262 581 903
512 984 224
890 789 432
258 380 959
352 253 672
210 274 113
804 5 7
281 644 844
718 28 180
647 469 848
827 989 516
551 338 109
898 945 123
756 434 10
117 113 523
484 594 948
220 869 187
210 568 355
441 744 46
343 369 343
348 825 482
790 248 36
275 749 284
962 878 305
261 677 529
653 508 471
994 797 611
265 513 992
452 495 801
957 985 633
209 659 819
973 564 254
593 474 664
307 211 487
538 347 408
934 184 457
505 434 703
925 545 318
314 538 755
480 383 128
143 738 80
981 50 472
277 376 643
511 591 920
440 511 881
593 33 165
489 698 902
17 62 174
41 428 363
762 587 339
463 495 671
786 816 693
268 276 700
217 882 145
206 616 389
841 894 872
244 895 582
170 887 628
875 515 121
945 29 531
980 292 568
412 328 593
118 380 13
811 583 663
917 645 704
593 881 375
485 755 810
19 463 426
886 398 860
520 434 558
881 143 498
201 432 790
177 138 700
45 64 891
367 604 726
506 110 231
270 534 478
276 916 877
321 626 947
854 808 673
63 973 75
751 964 995
102 857 341
200 146 484
885 155 211
773 726 460
252 200 566
190 649 988
438 682 863
235 108 430
228 219 904
663 823 577
86 313 952
959 540 429
809 399 769
763 61 518
571 238 850
734 94 682
300 136 868
132 278 971
951 58 813
639 525 637
860 744 532
776 333 632
903 120 72
286 983 433
718 855 730
697 449 334
781 174 800
792 789 401
639 61 401
933 51 459
466 789 969
228 261 929
140 435 378
367 689 369
993 516 883
854 837 493
845 237 780
918 86 386
890 381 455
590 454 90
718 863 124
910 999 35
824 11 468
316 796 857
32 779 396
780 84 226
607 712 962
507 514 761
321 957 946
282 132 700
672 993 714
822 840 499
370 912 239
953 710 430
449 474 632
199 317 948
282 349 877
728 206 771
727 231 495
395 215 278
800 496 434
887 798 752
129 43 857
745 362 609
902 750 968
253 918 347
525 441 639
378 650 470
987 516 186
605 995 9
56 965 412
629 409 127
303 945 667
589 57 243
690 787 746
959 780 518
893 988 384
705 721 55
675 579 800
358 392 179
898 810 183
921 515 681
181 915 238
259 113 654
817 227 956
792 330 541
293 160 533
357 788 127
119 44 888
509 517 935
785 861 196
541 726 695
930 289 99
588 12 695
665 705 434
73 344 536
851 560 334
308 976 750
850 100 988
480 601 178
43 459 947
762 942 367
571 186 125
490 231 519
146 297 472
728 566 413
289 18 837
256 61 763
30 621 749
105 172 398
675 38 645
611 312 672
528 569 809
265 685 887
820 361 506
681 118 564
23 240 838
645 562 925
184 534 727
203 293 776
828 135 48
139 17 498
542 546 136
595 246 552
173 301 676
834 8 904
501 612 636
149 309 480
140 635 249
187 418 586
312 710 392
811 16 356
633 468 163
510 259 37
480 265 448
643 707 823
712 745 568
892 758 60
833 202 676
674 226 638
802 9 337
304 562 594
310 71 768
777 891 759
645 621 833
258 27 978
911 951 397
218 579 614
678 148 478
329 747 790
104 896 74
903 914 937
517 238 191
415 975 653
143 440 79
83 976 326
300 115 472
99 77 649
489 115 493
994 185 273
841 236 325
74 821 460
516 844 761
749 458 429
416 956 165
44 307 717
450 239 47
947 959 814
471 321 490
913 726 460
234 762 235
778 954 575
623 107 932
116 120 304
820 21 269
516 427 335
821 472 162
86 773 617
867 600 702
474 247 584
169 356 443
340 243 35
692 166 516
504 847 911
850 360 39
67 537 333
846 862 116
341 892 690
825 626 204
25 230 383
532 355 725
916 492 968
938 415 547
724 939 502
50 401 127
26 596 753
498 59 212
649 15 295
596 778 976
141 105 867
939 919 109
621 154 145
302 638 586
81 807 822
112 366 852
135 638 743
897 548 773
244 530 388
142 172 647
406 9 745
927 636 234
547 670 997
501 710 481
926 506 720
352 704 540
75 469 788
137 492 88
740 379 917
991 995 968
829 389 419
524 854 793
393 178 516
948 428 197
190 493 467
727 942 242
851 127 542
404 993 690
417 525 503
138 306 296
701 137 149
997 76 121
891 991 630
618 673 70
712 877 937
340 590 190
753 469 935
172 201 257
5 323 37
59 768 956
199 114 426
415 218 967
25 254 439
301 86 104
520 493 533
756 264 529
853 453 677
780 654 263
942 64 306
568 927 170
144 933 57
490 728 791
874 223 803
899 62 407
289 553 407
42 995 217
131 635 564
543 575 688
630 780 892
400 481 184
92 771 766
280 98 896
190 182 153
314 289 308
986 605 840
358 367 177
45 844 871
25 628 931
61 202 7
311 308 652
824 208 281
607 863 559
282 145 143
607 66 462
749 702 520
205 444 899
539 695 584
545 217 109
853 347 930
930 411 953
310 544 314
628 505 218
173 556 947
646 584 170
338 935 591
564 359 831
632 163 333
107 935 530
112 999 44
636 5 766
453 835 926
431 787 244
576 161 524
472 786 314
32 603 999
498 956 659
601 493 979
998 493 196
836 551 731
371 141 473
633 375 62
37 521 702
288 188 652
302 547 71
66 330 708
328 243 823
458 745 564
479 515 367
631 480 404
19 599 373
504 705 376
308 771 101
718 140 618
550 857 929
408 840 150
992 186 847
607 966 164
407 280 405
383 562 396
618 677 989
181 713 262
422 299 626
317 240 728
655 837 681
644 488 580
963 738 46
481 213 733
67 52 521
50 996 799
118 941 489
998 763 546
16 334 948
82 460 695
609 704 982
68 65 842
240 455 346
742 395 581
4 892 46
504 401 840
625 345 665
131 995 245
174 478 456
407 551 479
677 512 690
460 5 33
721 615 65
749 871 22
984 117 112
668 266 963
726 858 564
993 506 459
72 648 464
969 101 637
8 171 485
137 847 786
922 368 413
820 114 144
828 786 806
142 107 138
377 44 766
849 823 81
137 507 366
236 837 950
990 654 414
178 259 639
407 520 481
40 981 572
244 183 976
546 367 788
849 964 951
461 983 443
142 879 592
279 60 331
258 529 434
422 431 736
816 950 144
795 800 860
452 140 571
113 945 498
154 482 202
615 968 933
722 307 936
321 319 989
326 859 816
896 767 56
365 812 397
38 111 551
46 232 262
874 413 897
757 150 696
304 750 529
635 722 34
329 106 249
723 951 368
802 770 669
43 324 284
148 41 743
804 252 279
251 309 242
673 274 17
445 987 127
844 986 61
157 533 121
850 367 120
269 982 507
670 240 91
751 164 948
120 562 789
278 562 404
388 344 691
568 879 92
923 372 740
125 284 239
270 400 733
8 652 827
818 861 634
569 719 476
726 527 276
168 846 456
553 197 174
26 77 303
485 448 204
292 425 361
196 234 300
990 922 123
341 820 831
474 631 438
454 111 928
841 157 270
940 713 766
414 482 270
614 257 848
95 356 28
201 313 577
651 735 801
103 875 431
695 880 541
117 895 640
394 783 356
758 377 947
51 253 187
860 320 314
614 545 180
411 948 415
350 972 950
202 568 174
932 438 490
448 843 538
210 988 0
137 250 351
227 462 272
989 537 776
455 153 500
533 987 591
401 85 379
461 263 821
121 269 934
537 435 448
757 256 193
83 726 701
314 937 882
729 660 506
401 350 19
617 310 328
840 394 251
319 473 508
320 225 755
958 404 87
68 732 664
377 776 511
658 42 317
46 460 354
342 392 301
587 889 992
357 804 550
223 178 448
0 453 442
807 951 376
164 723 329
179 583 245
892 377 823
882 675 538
475 135 645
109 689 405
760 597 115
711 729 164
710 101 253
577 501 759
994 997 591
906 783 132
538 567 932
325 17 226
481 748 58
989 179 540
485 79 25
900 205 213
843 289 789
139 418 159
580 960 264
386 337 451
949 487 307
158 337 48
226 465 68
92 756 878
66 437 869
779 482 161
102 226 741
498 161 107
73 949 426
436 209 556
680 438 230
576 738 834
738 206 8
85 110 52
936 821 596
886 148 1
383 665 887
312 477 719
576 420 952
720 524 188
598 557 112
676 899 779
242 144 270
233 522 990
459 269 653
990 209 227
263 265 27
139 289 246
901 518 956
230 313 965
238 768 893
372 974 405
378 604 407
429 357 720
265 100 569
229 922 96
552 151 393
721 455 83
294 772 897
146 830 913
959 922 9
804 207 131
951 280 502
768 516 716
764 436 426
310 917 816
780 709 785
796 789 576
859 768 100
921 319 817
271 997 75
479 266 562
353 245 8
607 251 247
590 573 460
866 292 41
830 31 76
684 826 373
989 679 589
700 3 310
667 723 363
260 70 23
195 194 285
878 753 737
168 193 658
33 694 344
139 572 331
722 536 614
83 636 321
567 475 422
463 976 157
522 474 428
980 422 634
788 768 933
713 265 891
366 469 85
835 79 600
34 36 487
974 121 186
327 540 464
925 914 421
804 91 6
50 812 776
568 623 36
90 143 496
682 839 439
52 618 572
816 676 267
892 587 518
448 319 845
715 558 926
906 987 586
609 856 568
456 116 330
101 993 385
173 720 479
686 582 175
752 628 123
901 964 684
692 915 806
821 622 132
964 924 418
955 792 67
410 900 736
645 918 90
217 769 456
680 316 284
292 711 801
233 680 145
914 310 801
413 204 359
893 542 207
280 448 132
809 379 468
65 698 180
943 744 58
5 527 428
15 5 34
776 828 769
960 591 337
363 85 667
261 586 201
865 902 239
984 881 242
257 619 328
502 462 550
9 355 967
740 125 851
158 782 6
976 409 308
441 784 868
709 455 981
403 102 916
950 444 64
829 246 676
710 494 253
109 248 844
287 135 875
295 192 625
150 449 525
905 281 514
900 145 552
210 884 238
795 105 503
558 61 112
77 748 240
365 354 384
987 777 586
356 346 721
749 962 557
308 820 121
137 41 437
282 864 456
403 176 159
403 430 858
704 85 697
670 43 136
572 141 880
667 827 651
480 534 344
849 516 720
168 314 529
470 345 999
293 330 80
450 644 630
241 477 168
167 666 932
302 169 872
31 496 405
65 847 500
1 77 395
875 88 264
920 564 148
889 990 454
577 882 635
962 695 635
37 925 458
322 991 922
301 579 401
955 824 472
587 511 850
721 214 828
625 823 918
327 226 797
100 743 116
423 15 472
40 348 599
776 676 177
894 533 947
469 68 809
177 469 43
982 245 138
534 563 59
90 668 592
726 825 417
54 528 49
277 733 434
825 43 915
974 97 667
949 375 670
743 541 698
601 994 35
429 895 807
671 240 26
595 280 453
493 470 92
882 923 654
494 170 91
337 544 717
220 443 850
718 772 846
695 504 42
967 247 872
5 386 988
168 647 783
332 996 161
140 841 203
872 894 891
714 950 891
605 307 604
272 443 197
45 285 701
667 553 875
912 817 252
796 867 220
221 567 155
450 31 519
903 203 576
777 828 720
978 320 161
984 196 813
305 783 72
891 695 898
8 911 806
193 660 785
405 426 966
989 161 843
630 340 715
657 919 449
113 390 359
264 314 258
707 869 848
966 962 616
441 845 806
20 134 154
603 256 478
800 637 179
357 942 480
133 611 76
195 387 440
883 160 111
183 952 661
895 370 187
67 108 757
749 429 828
453 243 647
317 569 556
80 652 315
781 352 442
32 741 122
102 881 294
137 854 145
713 993 245
293 272 416
617 901 32
67 992 428
345 975 513
525 880 348
684 339 778
378 316 757
732 138 728
595 539 950
905 872 967
692 497 508
384 475 934
519 732 586
652 231 91
244 290 221
77 673 462
847 675 10
745 385 930
233 904 52
970 658 204
681 420 279
753 770 809
294 752 648
840 316 391
585 255 637
675 318 766
300 600 587
825 334 284
618 865 485
814 322 166
776 47 777
369 154 675
741 81 717
57 940 725
47 691 438
65 989 977
319 318 748
466 822 322
746 524 616
26 172 67
240 217 82
163 46 164
487 850 861
621 102 43
480 890 38
105 618 910
474 124 571
597 793 302
269 643 757
438 201 455
399 435 576
683 141 253
245 223 285
137 601 244
323 523 181
135 214 76
514 229 311
999 367 543
952 34 280
352 576 297
391 936 651
223 402 970
116 855 624
807 959 394
933 555 645
449 695 900
174 164 973
707 528 889
102 296 962
367 795 592
429 95 878
508 872 406
850 826 656
980 478 27
690 178 105
848 767 983
980 968 707
249 35 373
869 346 136
580 80 186
344 982 590
52 272 19
981 868 509
390 55 760
988 123 184
876 287 938
459 768 493
85 397 805
989 196 439
173 797 525
222 921 184
729 350 728
544 157 314
358 690 649
317 334 515
285 153 461
853 555 466
516 240 875
799 626 950
717 438 316
601 804 689
811 233 674
473 356 834
168 134 278
635 134 56
214 520 219
571 404 976
348 671 100
808 709 781
775 227 180
147 654 897
349 72 384
727 421 470
854 24 726
141 976 770
654 200 79
85 865 772
743 951 291
730 869 271
112 283 157
705 909 5
98 104 110
102 3 995
33 600 683
13 190 505
602 183 353
13 23 207
535 145 35
552 913 627
352 796 665
7 511 409
362 700 726
534 597 754
554 443 40
567 717 330
318 696 646
195 486 492
194 57 302
398 825 429
429 938 318
147 456 882
454 176 991
26 309 108
93 451 905
843 743 521
579 403 30
613 563 871
219 421 446
164 634 957
442 284 66
790 933 397
110 158 523
587 148 214
191 696 67
91 178 230
241 795 781
964 563 292
292 742 528
998 721 760
717 531 66
256 693 989
423 596 680
878 926 79
581 57 241
250 862 15
134 375 237
398 611 248
385 390 76
784 714 528
66 932 462
303 482 269
74 462 16
888 719 432
404 639 738
391 670 339
934 897 573
469 268 682
389 930 802
476 470 637
728 120 204
937 781 875
755 965 987
131 941 305
746 379 953
230 249 454
876 577 702
882 155 111
932 891 820
493 346 599
857 144 636
411 668 115
291 270 631
175 236 106
109 486 648
770 232 989
180 4 278
26 269 472
334 359 171
873 403 107
339 349 360
335 754 526
895 982 661
166 81 964
322 806 784
131 787 971
168 612 950
165 772 789
962 325 600
275 266 348
755 162 657
751 276 597
159 683 629
891 477 658
923 105 929
445 261 948
206 786 311
797 94 825
358 839 489
758 101 676
705 270 111
921 848 381
903 279 116
750 44 580
854 213 168
955 320 831
660 777 356
660 889 466
162 843 814
528 941 640
135 240 281
748 371 239
932 35 423
731 905 887
314 987 92
358 779 784
637 133 386
272 588 258
79 738 18
277 258 808
648 300 22
685 183 637
361 932 694
775 411 538
613 716 287
387 7 386
578 766 976
725 419 511
361 613 361
160 925 27
14 416 558
262 626 690
922 162 523
353 300 417
480 156 696
181 913 61
812 32 864
72 275 938
94 316 222
184 441 254
183 906 536
42 39 843
508 596 744
585 584 706
866 538 74
662 863 868
213 476 318
730 876 930
644 296 341
633 728 932
470 450 496
308 441 209
847 910 748
18 808 625
917 649 958
948 968 145
965 415 22
588 909 141
429 901 82
784 306 64
998 593 356
896 7 348
720 421 220
898 166 600
393 489 229
90 138 322
477 707 657
693 27 921
635 955 643
693 903 270
122 693 393
145 419 476
285 196 832
520 832 568
524 760 949
473 513 444
982 976 747
599 452 919
30 485 469
701 591 831
652 244 749
285 121 587
389 986 846
237 97 120
45 796 183
245 461 787
536 182 16
313 548 87
593 15 248
435 459 877
196 266 994
312 695 336
604 444 507
871 310 742
194 455 396
851 303 335
611 879 177
398 483 771
932 390 205
423 437 717
136 344 35
271 523 596
814 133 132
462 555 154
468 313 8
998 184 441
301 897 143
210 172 765
819 877 238
689 532 695
923 259 401
830 634 765
291 11 883
729 845 724
730 540 301
117 860 884
258 124 66
989 260 234
363 823 170
993 593 130
234 285 515
485 495 174
693 179 242
159 174 488
423 60 521
847 431 615
286 36 93
592 496 40
395 362 727
219 669 846
319 330 953
795 565 335
861 624 58
565 765 749
224 295 87
739 162 256
650 842 352
278 464 175
406 930 306
115 350 256
882 387 862
239 373 216
395 884 419
799 753 439
235 455 516
213 236 533
100 464 349
37 457 835
497 737 431
564 824 366
999 355 702
265 470 152
985 710 435
979 724 806
210 331 290
785 574 399
672 935 586
97 600 268
873 584 188
734 897 758
113 931 77
462 351 185
623 641 820
774 505 780
752 946 942
410 540 697
426 35 880
53 73 46
542 396 605
922 429 245
27 756 245
428 424 137
71 105 606
785 496 603
929 240 918
905 99 854
677 929 596
636 974 440
170 550 520
877 364 963
598 465 465
54 863 776
946 502 37
94 38 59
403 581 219
192 458 856
968 273 55
351 393 653
631 848 597
905 309 173
721 149 654
950 769 732
764 703 929
120 95 39
912 372 182
249 329 850
641 950 855
173 877 784
560 825 557
739 892 674
977 42 514
230 464 824
514 333 690
129 629 87
975 109 546
233 287 267
438 145 253
363 276 48
573 579 47
253 580 764
188 243 659
942 791 306
766 579 109
479 320 290
798 6 61
28 440 589
515 128 532
100 947 709
68 857 12
732 457 671
286 625 665
503 308 895
441 987 127
950 964 963
180 483 69
409 137 120
535 243 907
527 621 9
434 607 82
100 774 568
136 27 526
947 879 971
302 698 72
471 283 880
472 68 997
206 691 641
891 326 469
962 462 236
951 997 67
878 539 19
47 680 316
119 489 66
563 284 47
992 99 674
53 122 235
604 702 900
535 361 593
238 966 619
646 988 959
265 418 6
777 660 806
257 148 718
55 261 966
808 292 569
819 958 123
547 357 692
779 628 175
518 45 469
935 482 574
61 706 278
786 346 298
829 175 776
79 389 659
492 514 454
169 523 180
55 181 768
810 900 99
926 365 113
901 50 286
466 828 677
646 74 308
301 36 919
393 250 125
958 500 934
504 120 125
400 1 422
449 703 775
230 411 785
29 349 208
530 686 714
744 319 952
146 787 173
599 900 24
568 776 640
208 115 419
295 479 558
271 227 668
671 564 634
26 779 569
312 549 804
291 77 678
164 454 642
234 835 293
399 472 73
745 142 774
662 606 13
336 307 214
185 43 886
692 614 427
94 607 706
460 974 401
711 13 194
276 992 247
346 62 116
870 851 313
869 50 674
857 65 870
837 760 20
760 416 378
264 340 874
794 486 796
172 103 485
606 965 850
769 261 341
527 664 577
670 638 652
353 590 877
636 663 466
909 355 172
79 150 219
592 610 613
721 73 616
248 867 867
887 548 962
782 93 485
534 853 68
404 772 317
334 798 451
926 363 626
738 561 913
674 925 521
288 930 751
868 286 973
648 678 198
584 640 765
826 936 707
804 207 856
188 868 335
330 138 684
32 792 305
957 219 379
735 686 343
453 546 290
900 816 177
705 968 61
936 772 640
990 629 913
305 89 120
134 289 105
201 755 794
813 61 702
902 441 409
182 143 42
452 731 937
426 11 210
364 454 884
563 390 261
142 472 715
635 138 337
28 97 673
663 644 808
759 460 211
325 42 678
793 244 136
924 156 869
299 575 599
635 628 360
536 46 668
676 414 905
525 332 941
634 704 214
205 311 232
731 44 801
656 913 113
754 646 858
686 74 519
267 873 420
77 518 990
505 736 50
929 661 407
109 617 370
36 432 612
321 7 976
79 445 85
619 534 75
894 442 329
53 109 281
624 44 200
77 43 477
839 719 720
931 454 117
105 582 34
423 383 494
430 29 451
108 175 334
955 867 578
64 9 583
109 631 374
616 233 891
947 333 552
159 445 980
902 668 504
794 48 56
337 344 480
738 545 503
876 7 613
219 548 444
138 720 85
610 684 710
269 393 833
244 695 292
939 974 675
639 27 196
80 516 560
968 220 871
420 576 282
481 910 488
713 984 20
920 814 408
148 905 180
992 976 895
565 28 906
843 358 683
377 872 697
354 742 908
779 857 235
6 597 593
105 223 967
702 897 883
421 665 118
679 965 849
701 921 668
204 281 763
423 629 520
25 842 135
557 303 880
360 5 18
61 337 481
349 862 51
255 161 492
949 71 67
505 590 470
754 115 575
142 86 304
215 794 229
620 892 404
896 449 139
926 939 775
78 98 879
792 288 707
867 323 834
431 956 658
643 898 544
256 476 590
880 732 635
99 853 983
698 332 853
481 516 853
982 332 290
34 961 576
685 88 761
610 525 812
685 374 606
326 619 944
286 177 172
744 448 582
602 907 70
386 536 334
572 884 77
307 572 268
332 720 760
801 606 596
890 44 136
442 859 467
480 274 590
840 586 755
484 312 674
158 398 446
278 719 245
293 670 852
987 918 400
522 863 292
595 623 656
989 348 32
27 439 37
644 404 339
489 577 640
46 197 731
259 454 938
732 139 46
491 632 16
175 851 739
817 77 896
954 842 982
83 956 708
311 289 110
178 183 404
29 772 443
626 509 731
604 145 44
643 284 468
556 803 713
141 742 409
788 93 660
608 393 135
46 690 311
343 236 64
136 361 310
539 413 428
86 256 853
246 940 780
787 508 84
983 297 684
867 227 780
552 589 61
525 863 621
706 305 430
532 857 609
887 901 47
875 170 372
308 892 734
480 931 394
528 358 103
652 756 551
188 285 925
648 338 437
136 913 754
841 152 601
602 754 583
678 165 328
332 293 906
713 44 22
273 84 201
317 773 201
904 947 133
552 167 620
599 533 371
351 86 356
962 743 53
323 803 483
958 366 473
207 825 222
732 186 83
504 869 479
598 449 628
591 619 406
279 797 529
204 39 576
111 990 142
737 817 807
759 33 462
158 765 277
569 768 717
26 222 76
623 451 267
646 872 397
618 685 16
225 677 986
545 982 819
989 466 592
650 166 795
169 684 329
181 540 713
195 855 322
724 393 694
743 742 841
139 899 886
371 902 773
103 104 891
244 349 153
241 825 551
363 832 130
935 309 571
539 481 813
624 460 275
396 782 695
102 434 211
369 191 661
718 2 939
907 300 540
835 24 94
70 290 450
16 703 222
701 711 325
474 498 413
745 722 320
747 71 692
116 396 279
513 386 687
707 952 57
820 9 125
116 927 754
573 424 680
638 534 492
592 628 668
485 61 116
518 374 657
741 231 133
33 322 976
929 845 411
892 822 125
606 249 745
731 991 612
824 607 250
223 325 560
445 81 534
102 875 643
439 201 814
174 237 319
655 870 703
434 962 747
611 41 518
637 153 262
111 144 855
518 744 583
509 626 946
171 519 734
299 592 588
982 839 55
672 86 786
547 858 886
406 655 874
424 857 737
113 510 763
289 979 30
926 794 738
188 815 791
849 359 186
149 22 981
829 636 801
890 995 198
273 656 330
424 4 691
930 910 310
788 684 976
160 455 231
337 192 850
154 441 847
529 994 939
677 346 620
896 374 379
531 537 44
701 284 800
63 664 787
454 589 566
464 994 839
328 471 405
329 894 390
758 224 412
490 358 641
769 676 35
756 262 757
643 602 689
533 858 316
450 891 997
517 703 163
778 404 810
417 619 693
216 962 945
619 680 788
400 512 429
18 866 757
716 963 990
90 748 988
426 647 341
583 289 511
809 509 526
336 748 686
381 407 456
666 431 698
630 438 425
74 581 68
712 899 462
554 415 83
370 563 498
467 781 401
782 439 566
905 993 652
103 604 160
493 342 138
705 711 308
285 209 8
578 985 172
932 179 728
690 722 871
790 99 563
350 94 626
29 587 868
925 769 679
778 97 999
607 544 302
253 49 336
42 131 709
518 219 237
422 616 418
678 273 282
420 455 277
208 936 551
488 145 209
132 740 900
132 186 327
814 841 69
998 153 867
757 994 960
994 488 295
542 444 582
847 643 969
370 988 790
580 907 372
685 284 32
600 532 166
276 932 301
343 93 675
46 374 552
714 835 964
71 346 936
869 114 296
708 625 778
688 137 436
284 607 747
499 775 163
877 760 368
109 183 912
579 859 181
385 679 184
380 47 796
63 977 196
513 489 625
336 217 412
583 374 7
394 702 24
948 518 328
999 244 58
24 274 699
744 647 835
793 407 502
9 693 651
278 229 830
185 923 857
986 729 756
412 241 820
496 537 508
285 65 273
670 939 859
200 956 16
955 96 691
863 36 188
595 924 984
185 284 252
19 934 720
77 114 570
455 340 974
418 536 64
491 825 0
934 234 423
910 14 897
111 755 668
345 38 76
377 18 326
881 121 432
600 901 210
483 772 936
48 481 176
252 77 766
929 202 483
577 516 363
832 118 465
597 259 821
138 110 433
448 341 32
516 69 141
968 656 85
129 51 761
694 504 994
124 381 142
262 568 166
343 356 868
563 628 968
607 903 398
477 246 84
438 8 50
19 76 623
270 942 626
345 924 526
324 309 551
327 452 30
247 567 22
355 285 85
195 24 913
957 878 356
680 450 4
520 118 541
306 123 468
482 229 145
123 137 858
803 438 610
939 881 230
973 237 865
84 114 147
301 288 437
882 772 251
457 552 447
964 104 875
397 275 24
242 555 176
30 974 880
317 820 239
496 35 805
806 562 428
276 224 825
774 970 734
785 81 295
850 592 736
92 144 446
369 10 279
364 668 947
317 356 839
940 306 597
836 57 719
982 865 871
112 521 217
516 902 931
734 765 508
268 236 948
36 469 328
350 652 896
213 108 745
660 464 586
903 253 723
148 723 118
731 13 246
525 201 486
287 46 920
175 799 408
552 888 634
922 272 267
223 422 336
982 468 172
827 804 600
555 939 990
64 100 811
996 766 740
252 25 657
329 705 373
520 202 443
5 354 348
226 919 529
258 991 882
81 53 366
166 222 13
43 1 715
683 618 289
486 666 819
256 613 404
544 284 681
429 516 526
943 142 620
856 231 36
338 239 98
270 571 739
124 430 359
600 456 320
386 868 874
499 521 344
467 196 652
400 381 546
728 323 559
384 792 182
746 64 753
562 672 9
996 788 560
295 121 623
987 125 362
97 897 923
442 46 981
521 136 667
787 999 448
842 413 280
427 178 865
211 6 816
707 175 904
744 99 186
358 287 144
338 254 142
343 337 743
119 141 556
588 350 302
715 575 158
442 294 464
280 742 164
997 588 122
958 560 187
874 907 980
191 2 785
191 974 944
861 981 676
878 737 895
892 511 539
620 170 989
568 731 430
488 388 510
998 321 809
412 335 85
499 146 285
48 201 433
409 113 692
357 162 854
755 462 773
908 793 988
386 248 543
697 860 259
365 518 333
179 358 233
586 7 593
732 761 324
705 839 226
451 521 539
425 243 544
811 252 776
333 498 371
501 790 117
887 947 484
224 454 658
230 719 479
638 569 472
789 151 575
729 813 729
19 761 655
98 101 273
900 331 84
973 843 336
292 713 718
503 312 812
782 49 493
847 259 752
776 47 841
624 208 41
755 73 662
112 921 936
222 619 950
201 80 605
84 51 377
535 126 221
832 868 513
997 723 507
827 518 675
133 390 506
971 529 829
979 468 537
438 152 601
517 129 49
206 832 693
812 720 721
302 510 405
651 140 878
882 568 680
395 866 229
429 404 514
595 268 972
802 836 3
513 367 558
445 52 883
967 277 43
884 718 172
960 988 302
389 621 122
863 955 296
180 376 700
13 183 698
996 264 780
9 918 716
821 703 263
387 435 821
909 997 403
477 666 170
509 31 175
510 251 562
14 383 717
771 575 654
482 849 882
205 727 624
839 778 702
831 523 28
211 191 336
342 656 813
905 184 357
284 73 419
977 873 767
744 501 482
838 470 152
259 68 599
244 501 787
906 483 87
705 133 580
253 350 814
172 210 37
922 750 437
876 769 115
222 355 815
905 128 163
548 52 574
70 735 607
858 891 349
83 968 685
814 912 330
90 483 464
699 779 820
243 965 629
941 705 212
967 449 938
763 371 601
168 505 125
948 639 198
522 378 342
695 920 338
831 87 676
534 335 191
386 578 353
377 528 930
452 539 822
195 451 383
998 688 364
685 966 667
723 955 416
806 379 754
393 905 605
463 770 842
737 451 294
340 357 714
780 431 815
880 841 953
722 874 518
925 564 702
833 572 928
748 853 186
903 613 887
655 676 833
920 99 396
207 343 255
502 922 20
646 10 713
89 232 889
855 45 519
79 399 276
134 161 125
943 356 571
444 422 486
583 811 74
883 350 520
195 887 302
412 384 235
171 684 549
314 474 423
925 359 810
672 973 423
351 317 162
585 196 393
287 144 168
825 855 917
184 319 17
513 549 839
115 507 479
64 946 67
101 862 800
903 988 703
373 85 227
743 18 353
16 551 504
203 945 141
861 972 60
74 399 710
491 187 133
683 952 159
842 45 606
807 986 271
201 956 710
211 180 579
973 19 151
162 271 368
878 530 511
657 924 839
928 213 459
328 286 232
522 343 965
610 111 44
302 605 541
206 959 840
171 946 207
686 749 341
19 350 197
815 546 744
615 536 73
327 769 86
532 562 23
102 848 622
276 690 290
458 782 393
772 526 851
202 301 471
656 627 88
665 392 587
120 237 799
574 937 730
770 409 84
318 974 594
218 151 421
141 31 981
854 526 589
97 868 948
404 178 301
182 385 45
567 519 191
952 369 444
778 172 639
283 216 993
534 574 342
207 74 992
454 191 950
107 538 176
97 32 864
410 464 402
899 405 916
754 394 183
729 378 589
497 441 384
412 858 177
45 988 576
361 340 908
591 590 978
873 595 526
929 305 995
304 383 428
177 604 659
228 944 447
271 519 117
736 601 534
233 921 352
649 783 249
378 377 294
247 33 658
314 154 666
167 679 305
654 23 347
863 99 448
129 949 696
457 996 263
302 794 574
771 79 628
779 11 386
852 29 357
256 771 739
828 243 857
963 243 860
191 75 284
928 902 753
756 464 628
744 289 974
589 199 729
625 742 587
434 324 877
742 378 262
810 737 797
420 39 917
940 504 844
405 470 281
846 52 632
441 601 969
403 342 479
501 807 320
641 625 989
739 568 842
177 406 195
371 510 817
579 150 137
276 178 179
196 824 150
455 164 196
185 575 555
955 516 339
477 656 404
152 468 320
37 491 765
49 214 418
323 178 219
617 257 168
893 253 433
278 614 236
19 659 646
90 71 790
281 801 445
463 710 449
948 386 414
507 750 594
966 148 260
934 441 340
47 901 291
700 226 905
491 925 669
123 951 384
828 875 284
601 384 851
893 288 29
486 819 350
1 553 970
387 828 878
676 650 260
67 917 109
640 878 460
652 99 361
154 409 471
877 376 800
53 654 506
12 357 521
172 287 229
456 548 301
29 914 412
234 680 866
617 351 560
883 972 315
450 957 77
852 447 338
705 678 902
723 405 697
681 407 835
667 506 710
536 400 75
427 539 411
916 545 683
532 653 476
202 601 187
794 631 159
701 869 470
650 356 124
628 166 777
525 226 560
283 828 240
264 841 960
335 136 294
713 904 731
971 519 780
443 99 654
631 96 428
345 444 319
510 665 484
56 499 155
669 884 835
485 213 997
159 11 991
253 379 910
271 504 866
876 861 595
836 253 716
564 400 541
696 794 687
333 143 897
361 878 938
146 422 871
996 895 902
518 374 878
964 779 879
160 365 122
283 747 796
202 973 679
523 753 660
213 651 748
765 168 95
646 449 668
308 264 119
446 116 906
68 938 67
248 463 66
60 486 852
455 609 515
528 153 764
503 732 779
141 738 502
532 291 221
538 182 256
79 84 591
293 197 866
0 734 830
80 538 279
619 309 766
707 69 898
56 545 268
756 982 195
136 806 403
892 956 491
157 929 897
538 258 435
523 633 601
410 905 360
56 925 323
220 782 783
123 19 155
858 79 585
530 635 548
246 430 384
8 892 712
188 301 531
748 924 648
812 362 226
861 651 656
717 798 650
114 589 81
9 167 493
857 302 528
119 970 840
556 889 665
328 253 7
300 443 710
983 36 778
389 816 546
487 767 51
538 490 764
936 503 138
47 276 495
958 141 781
176 737 206
828 935 104
280 433 302
155 110 214
522 922 301
494 874 683
391 32 185
14 70 665
264 566 825
919 296 676
213 843 114
759 245 836
131 150 153
655 635 453
722 743 975
139 835 950
727 483 365
443 796 364
485 546 738
322 636 159
123 150 586
655 708 566
430 688 45
649 577 249
810 23 145
458 167 363
654 283 249
120 279 811
143 129 49
219 902 736
899 996 670
541 205 862
353 221 661
389 693 250
890 50 329
773 87 692
91 164 933
601 783 786
473 824 153
820 138 502
318 563 748
48 361 28
439 68 351
834 787 291
708 542 818
501 607 328
451 153 877
597 944 567
771 346 756
860 516 172
456 312 196
56 605 172
12 980 341
734 436 101
638 302 133
638 6 183
927 165 228
618 144 26
878 347 36
283 83 64
15 950 654
529 505 675
812 538 377
223 534 762
23 467 487
533 865 866
572 722 930
876 771 329
130 819 546
64 631 4
163 834 267
337 866 562
947 100 697
424 196 919
135 874 486
825 830 412
94 203 72
211 201 430
84 309 110
623 684 484
578 362 98
789 147 463
523 192 324
305 607 382
131 966 314
721 172 856
994 531 759
518 126 601
130 661 514
804 289 239
386 140 236
229 835 426
837 262 659
398 667 899
154 768 702
421 922 470
137 799 558
24 375 549
248 372 70
382 578 736
804 42 411
728 92 196
65 131 883
50 469 783
957 486 588
9 488 834
825 10 741
82 240 168
401 637 191
830 762 942
175 367 687
822 602 411
816 999 32
693 944 257
77 757 229
860 522 445
343 340 134
715 855 163
611 417 859
531 369 389
461 471 138
111 286 222
518 543 639
368 75 461
448 599 548
958 251 445
443 644 510
590 442 427
38 516 235
367 391 982
573 974 855
340 42 563
210 205 930
831 318 318
684 951 57
695 354 783
231 654 499
795 456 80
63 186 469
209 688 572
87 52 266
851 702 376
185 587 819
232 720 558
82 265 830
726 732 844
390 738 157
341 655 540
534 930 910
475 60 406
745 833 355
360 631 71
291 982 744
327 190 386
99 123 285
581 976 957
321 411 632
445 360 496
954 960 333
561 689 557
739 567 336
420 619 681
76 973 435
791 629 718
222 858 869
190 538 806
175 102 210
216 892 124
339 146 459
499 64 257
232 813 654
741 942 745
495 579 425
285 22 158
553 316 821
112 733 440
166 119 551
554 262 593
68 704 153
429 892 840
13 984 297
105 860 364
716 149 582
742 541 423
549 200 210
475 749 193
379 266 257
314 245 211
591 737 200
720 185 736
415 551 496
967 57 426
371 294 847
696 398 809
30 872 669
570 462 918
878 576 897
223 717 52
114 370 304
546 390 823
233 169 27
818 454 199
242 529 606
884 523 203
584 39 852
501 777 723
503 128 791
772 722 692
626 731 878
925 695 284
881 207 216
741 691 462
697 315 377
402 881 702
741 603 676
766 701 71
202 952 206
579 661 208
948 164 916
298 500 965
63 230 224
898 964 631
468 877 758
307 873 659
702 43 68
852 720 573
255 362 514
578 33 689
746 850 323
352 658 533
244 517 219
622 400 251
332 58 585
521 940 615
996 17 196
493 825 622
373 33 36
503 342 601
884 310 582
545 950 513
766 906 489
61 744 442
227 562 840
491 931 554
16 717 768
880 167 411
693 373 194
501 274 354
771 661 977
544 498 607
73 446 303
224 968 812
17 430 98
183 723 762
973 485 164
52 603 879
252 20 71
65 437 364
832 358 674
365 903 42
304 674 855
542 144 716
139 79 601
742 423 997
654 762 503
282 395 981
97 339 369
974 609 164
563 937 939
60 513 331
202 930 106
608 187 335
188 780 904
446 20 515
845 163 170
681 865 638
410 321 163
786 712 807
644 906 212
732 810 511
312 727 252
193 423 562
149 471 780
383 123 974
490 281 229
102 360 983
445 747 316
533 306 523
207 350 22
711 717 210
810 780 783
555 478 219
182 933 247
198 837 485
229 186 618
720 289 981
162 515 706
592 669 55
58 152 206
836 983 712
267 629 492
168 748 276
28 145 195
552 514 138
385 446 883
577 310 386
425 995 488
403 387 993
201 291 838
719 31 365
570 440 425
541 269 386
651 839 881
985 241 367
729 114 568
401 904 532
573 373 204
917 486 74
842 475 431
964 230 804
664 317 254
525 448 526
694 951 87
578 840 304
879 547 567
329 544 987
803 789 186
630 683 158
159 693 635
779 381 774
911 82 487
893 688 752
945 187 506
814 171 805
176 897 527
721 792 157
490 720 786
850 196 148
216 781 734
707 722 163
118 903 785
198 319 811
32 332 444
625 873 221
503 524 166
797 427 63
431 850 590
989 620 971
232 655 763
174 721 817
493 803 626
644 676 323
197 767 600
92 159 354
581 878 2
816 290 585
780 568 791
45 110 495
928 439 368
356 256 875
789 715 160
509 53 771
428 321 393
55 651 124
536 751 471
394 64 185
835 149 198
597 177 172
545 56 362
863 371 568
55 353 141
961 793 897
138 575 53
312 869 536
536 937 222
695 239 901
402 442 671
262 877 76
490 431 588
921 247 207
351 303 472
570 322 303
418 438 977
26 461 730
839 361 476
518 36 949
593 492 890
483 262 928
123 609 514
362 936 394
193 258 762
809 882 222
46 920 337
457 493 620
787 657 491
661 955 423
98 415 357
830 438 980
796 818 996
708 335 223
82 676 713
455 429 262
133 286 109
779 945 508
707 728 500
206 185 661
594 757 999
966 726 262
739 627 966
199 330 849
904 11 372
827 882 171
211 407 592
580 826 788
650 630 742
133 453 563
707 915 938
569 917 42
196 874 16
39 318 165
973 63 277
872 492 93
868 600 597
546 863 789
659 223 884
732 715 305
161 586 751
951 984 698
267 417 661
399 73 277
280 266 438
109 667 987
537 917 922
77 572 911
277 420 129
934 249 974
909 162 837
33 55 343
818 462 639
113 168 270
957 294 29
245 176 691
381 767 291
271 304 691
756 638 273
829 51 55
379 152 671
619 933 351
646 709 859
35 57 257
993 237 696
542 480 102
156 506 562
498 553 768
663 392 679
664 175 390
949 614 542
438 108 2
892 541 311
872 718 340
655 720 61
821 292 583
783 708 116
854 393 656
440 234 844
765 817 565
589 609 342
670 843 297
414 881 898
430 61 702
86 245 128
140 886 59
879 847 174
890 997 182
287 639 936
403 408 145
277 75 485
153 829 862
74 114 837
635 814 883
802 724 47
894 976 189
611 644 710
299 835 232
548 772 496
287 231 967
550 911 72
824 861 669
138 329 422
963 395 780
824 1 893
342 589 329
744 119 258
429 621 674
924 698 918
98 450 890
178 792 875
935 827 651
935 600 41
252 191 284
353 179 8
638 594 655
47 806 508
517 294 278
889 212 167
485 549 247
894 120 143
795 365 724
629 369 775
767 155 711
519 250 960
467 81 465
794 811 986
321 562 997
955 962 794
600 864 508
766 671 934
99 726 547
801 420 627
241 564 989
239 160 760
297 434 38
867 120 407
518 984 814
740 152 215
319 604 249
540 395 713
691 63 729
626 529 293
341 621 782
377 674 68
784 414 703
518 841 315
23 753 640
402 185 670
381 403 737
443 616 868
184 313 493
200 884 229
903 25 754
594 930 739
669 39 835
697 9 430
974 149 574
832 765 821
83 636 675
368 713 757
729 660 274
721 445 735
896 253 37
656 955 781
254 211 30
653 349 894
733 890 355
293 249 248
44 800 344
481 323 176
864 223 809
547 962 145
226 569 589
44 965 474
509 723 650
723 256 858
630 330 881
802 423 277
544 244 685
855 573 501
677 939 816
643 439 276
209 111 433
221 379 337
899 869 168
497 441 71
165 260 374
760 393 592
730 647 468
516 665 272
515 325 35
915 867 125
401 128 206
58 88 379
404 66 987
755 393 926
273 474 123
434 97 808
953 663 945
219 733 730
918 348 487
212 202 482
694 430 229
63 873 336
966 908 214
107 802 557
570 89 29
472 469 989
621 714 778
837 87 184
386 144 522
65 284 72
662 531 47
843 371 707
848 197 937
362 855 747
480 64 539
636 719 304
49 665 872
66 99 517
653 237 635
730 617 588
626 188 428
432 207 661
420 744 323
437 313 136
620 818 787
627 581 856
521 29 975
318 807 96
822 785 649
910 74 527
215 391 992
574 246 740
811 601 183
170 788 71
874 542 939
535 866 728
820 726 165
895 929 37
856 654 326
896 159 648
34 260 362
710 83 922
730 826 230
265 466 897
944 962 479
80 734 892
531 322 752
946 783 822
146 956 369
52 829 878
33 624 289
384 491 719
177 782 7
485 711 956
905 429 180
101 478 614
208 684 649
143 773 248
684 310 374
925 330 205
516 700 886
507 243 656
278 326 676
83 285 563
376 498 990
865 148 139
349 38 851
2 559 875
170 180 200
111 346 473
156 428 411
368 44 105
118 246 2
285 267 555
818 112 340
795 574 120
834 583 893
182 207 74
595 958 348
498 662 591
97 188 803
45 431 22
888 275 897
736 289 267
849 639 427
447 749 638
591 633 10
317 902 325
83 570 376
663 96 55
660 470 643
336 72 989
408 996 924
70 326 542
609 71 757
744 562 918
197 32 262
97 973 773
772 533 474
722 803 730
534 209 553
760 525 999
229 276 472
386 131 945
701 375 270
854 60 117
535 777 447
511 102 482
764 412 819
763 412 15
183 811 838
162 706 23
423 445 201
788 892 25
69 140 209
864 966 130
949 619 856
146 166 491
243 823 555
841 670 267
680 424 210
830 677 560
955 760 930
580 763 447
89 795 598
226 797 61
73 31 979
360 161 886
283 662 276
706 422 927
176 187 888
567 555 505
423 196 80
364 902 770
553 793 513
326 894 522
994 136 852
286 606 927
887 914 889
109 638 491
600 453 913
842 814 755
578 696 50
563 733 160
168 824 569
570 153 719
28 488 952
238 881 456
497 390 436
586 553 177
7 19 983
550 85 87
467 259 367
859 335 181
220 976 57
388 967 838
24 265 806
798 48 509
693 208 735
470 403 641
592 281 677
7 892 394
325 642 706
932 631 634
34 0 588
51 925 33
412 239 277
609 796 285
62 525 983
252 20 168
806 859 228
598 681 619
110 912 946
596 398 281
855 747 360
579 576 183
836 481 219
500 394 841
42 567 169
477 429 132
827 391 936
575 962 785
840 758 490
910 705 971
426 416 73
565 20 267
561 953 57
203 920 455
261 805 703
422 693 257
457 863 243
544 928 273
182 629 855
891 821 758
416 650 647
602 388 272
3 307 872
332 444 155
746 803 222
662 55 140
693 544 104
863 819 386
672 849 731
401 881 676
928 299 319
900 758 94
831 562 976
956 800 26
388 239 440
181 585 740
912 189 457
646 252 943
763 987 196
328 635 709
377 433 187
189 55 836
181 347 620
338 385 595
82 26 987
989 830 987
594 239 327
815 677 889
31 190 643
279 452 158
428 498 556
24 876 323
987 259 79
611 185 374
245 652 110
320 667 873
793 182 262
526 557 184
120 999 786
919 133 530
571 659 787
693 772 805
948 860 297
123 430 124
665 145 378
698 523 85
932 869 553
608 79 424
572 614 995
280 304 309
79 743 968
556 253 51
42 534 915
428 964 404
92 173 703
71 755 974
620 410 315
970 890 689
196 460 596
106 968 740
473 709 666
745 914 701
332 641 943
628 576 225
616 547 702
307 695 787
323 735 489
553 17 706
897 46 51
850 964 251
284 487 70
183 233 805
523 590 596
816 211 719
737 858 367
392 642 442
192 753 533
397 509 64
468 882 630
233 485 148
587 471 610
284 72 751
697 423 982
335 966 418
207 264 936
828 624 792
870 495 824
457 593 205
13 391 43
886 206 753
756 689 394
489 125 510
423 775 960
467 658 351
752 356 867
665 200 930
780 680 614
933 158 457
358 458 873
852 11 357
288 330 192
679 245 461
397 613 966
199 44 314
22 959 92
470 595 85
889 187 571
657 488 535
609 742 555
57 864 448
738 764 300
488 408 700
622 361 183
990 376 433
138 624 303
692 279 109
518 385 369
278 179 431
286 517 425
774 470 718
143 863 984
609 960 764
737 739 317
567 794 835
247 256 212
627 87 174
947 98 99
620 580 479
709 70 215
242 362 300
638 708 591
183 62 27
220 82 187
390 662 660
665 16 921
14 791 295
613 447 520
398 284 810
961 280 214
668 237 209
970 521 694
883 97 954
272 661 140
275 928 991
322 775 490
348 314 467
909 887 351
331 494 988
140 824 429
525 176 937
800 232 640
580 978 165
606 238 255
633 440 346
138 512 129
471 867 978
893 517 265
738 397 282
149 434 639
301 584 400
232 520 656
500 921 110
469 424 360
50 254 705
357 747 102
648 864 919
48 484 633
162 338 100
717 166 153
437 966 859
266 326 318
868 3 169
31 499 838
976 789 759
118 51 652
484 409 611
305 96 450
120 11 506
529 617 279
945 992 860
738 383 693
657 449 628
821 722 320
119 272 576
888 792 84
491 311 627
385 641 125
435 312 956
175 448 700
138 590 762
92 295 651
616 690 882
714 42 482
184 394 368
909 743 651
874 342 982
514 897 119
889 471 438
670 144 353
222 525 898
223 822 949
511 632 689
700 985 398
956 504 870
268 259 168
356 834 492
862 556 214
574 427 119
983 27 814
125 466 731
725 927 755
998 995 32
392 381 954
415 342 176
312 814 801
521 467 131
183 920 820
20 240 89
529 420 50
347 186 419
75 502 903
183 336 501
715 697 69
962 714 185
264 724 683
170 913 313
40 178 440
971 241 938
267 27 802
62 26 120
514 991 420
363 589 107
463 199 873
633 369 66
258 655 234
792 152 594
308 364 130
397 609 511
579 401 259
313 49 825
845 346 792
40 981 199
682 406 820
847 816 307
176 574 124
650 775 969
387 909 390
403 533 590
586 238 993
185 264 279
340 703 774
22 230 542
647 728 217
416 330 999
0 4
1 2
2 3
3 1
4 0
5 4
6 3
7 3
8 1
9 1
10 1
11 0
12 0
13 2
14 4
15 0
16 2
17 4
18 0
19 1
20 2
21 3
22 1
23 1
24 0
25 3
26 3
27 4
28 0
29 4
30 0
31 1
32 0
33 0
34 3
35 1
36 4
37 3
38 4
39 1
40 0
41 2
42 4
43 4
44 0
45 2
46 1
47 3
48 2
49 0
50 1
51 1
52 2
53 3
54 3
55 2
56 2
57 2
58 1
59 2
60 2
61 3
62 1
63 2
64 3
65 2
66 0
67 3
68 3
69 3
70 3
71 0
72 2
73 2
74 1
75 0
76 4
77 1
78 4
79 2
80 4
81 4
82 4
83 2
84 3
85 0
86 3
87 0
88 3
89 4
90 1
91 1
92 1
93 2
94 1
95 2
96 4
97 2
98 0
99 4
100 0
101 2
102 2
103 2
104 3
105 1
106 2
107 0
108 4
109 4
110 4
111 0
112 4
113 4
114 0
115 1
116 3
117 2
118 2
119 3
120 1
121 3
122 2
123 3
124 3
125 0
126 3
127 3
128 1
129 2
130 0
131 3
132 4
133 4
134 0
135 1
136 2
137 0
138 3
139 3
140 0
141 4
142 4
143 3
144 4
145 1
146 4
147 0
148 4
149 2
150 1
151 1
152 4
153 2
154 4
155 1
156 1
157 3
158 0
159 4
160 0
161 2
162 2
163 3
164 2
165 1
166 2
167 2
168 3
169 2
170 2
171 3
172 0
173 4
174 0
175 1
176 2
177 1
178 2
179 1
180 1
181 3
182 2
183 0
184 4
185 1
186 1
187 3
188 1
189 4
190 3
191 1
192 1
193 4
194 3
195 2
196 2
197 3
198 4
199 1
200 1
201 1
202 1
203 4
204 4
205 1
206 2
207 3
208 2
209 2
210 4
211 4
212 0
213 2
214 3
215 2
216 4
217 0
218 0
219 3
220 0
221 0
222 4
223 3
224 4
225 2
226 4
227 1
228 2
229 3
230 0
231 0
232 2
233 4
234 0
235 2
236 4
237 4
238 2
239 2
240 3
241 1
242 2
243 3
244 2
245 1
246 1
247 4
248 0
249 3
250 2
251 4
252 4
253 4
254 2
255 4
256 2
257 0
258 2
259 1
260 0
261 4
262 1
263 1
264 4
265 3
266 1
267 1
268 0
269 2
270 4
271 3
272 0
273 2
274 1
275 0
276 1
277 4
278 0
279 3
280 2
281 1
282 3
283 0
284 3
285 4
286 3
287 2
288 4
289 4
290 1
291 3
292 1
293 1
294 4
295 2
296 4
297 2
298 2
299 3
300 4
301 0
302 1
303 4
304 0
305 3
306 4
307 2
308 0
309 1
310 4
311 2
312 4
313 2
314 2
315 1
316 3
317 2
318 3
319 0
320 1
321 2
322 4
323 1
324 3
325 1
326 4
327 2
328 1
329 4
330 2
331 0
332 2
333 1
334 4
335 3
336 1
337 2
338 1
339 3
340 0
341 0
342 1
343 1
344 1
345 3
346 4
347 2
348 3
349 0
350 0
351 1
352 0
353 3
354 2
355 0
356 0
357 1
358 3
359 2
360 1
361 3
362 0
363 3
364 4
365 4
366 1
367 2
368 1
369 3
370 3
371 3
372 3
373 4
374 2
375 2
376 2
377 3
378 2
379 2
380 0
381 4
382 2
383 2
384 4
385 4
386 1
387 0
388 0
389 4
390 1
391 4
392 0
393 3
394 2
395 4
396 4
397 4
398 4
399 3
400 3
401 2
402 4
403 3
404 1
405 4
406 0
407 1
408 0
409 2
410 3
411 1
412 0
413 3
414 3
415 3
416 0
417 4
418 1
419 2
420 0
421 2
422 2
423 1
424 3
425 0
426 2
427 3
428 0
429 3
430 0
431 1
432 0
433 1
434 1
435 1
436 3
437 3
438 0
439 0
440 2
441 1
442 0
443 2
444 0
445 0
446 0
447 4
448 4
449 4
450 4
451 0
452 4
453 2
454 3
455 1
456 2
457 2
458 4
459 0
460 3
461 2
462 0
463 4
464 2
465 2
466 1
467 3
468 3
469 2
470 1
471 4
472 0
473 3
474 1
475 3
476 3
477 0
478 1
479 0
480 4
481 4
482 0
483 2
484 1
485 1
486 0
487 1
488 2
489 4
490 4
491 1
492 3
493 0
494 3
495 3
496 2
497 2
498 4
499 0
500 1
501 4
502 2
503 2
504 4
505 0
506 0
507 4
508 4
509 2
510 2
511 0
512 2
513 0
514 2
515 4
516 2
517 1
518 0
519 0
520 4
521 1
522 3
523 0
524 3
525 3
526 2
527 2
528 4
529 1
530 1
531 2
532 2
533 2
534 1
535 2
536 4
537 0
538 1
539 0
540 0
541 4
542 2
543 2
544 1
545 1
546 0
547 4
548 1
549 3
550 1
551 4
552 0
553 0
554 0
555 4
556 0
557 3
558 4
559 4
560 1
561 4
562 3
563 2
564 0
565 1
566 1
567 2
568 2
569 0
570 1
571 3
572 0
573 2
574 4
575 0
576 3
577 0
578 3
579 4
580 1
581 0
582 2
583 3
584 3
585 0
586 1
587 3
588 4
589 4
590 1
591 4
592 0
593 4
594 4
595 3
596 0
597 4
598 0
599 3
600 3
601 2
602 2
603 1
604 3
605 0
606 0
607 2
608 0
609 2
610 4
611 0
612 2
613 1
614 3
615 2
616 3
617 3
618 3
619 2
620 0
621 1
622 2
623 4
624 1
625 2
626 0
627 2
628 4
629 0
630 1
631 0
632 4
633 1
634 1
635 2
636 1
637 3
638 2
639 0
640 2
641 3
642 4
643 1
644 3
645 4
646 0
647 0
648 3
649 4
650 3
651 1
652 3
653 3
654 2
655 3
656 3
657 1
658 1
659 0
660 3
661 2
662 3
663 2
664 4
665 4
666 4
667 2
668 2
669 4
670 0
671 4
672 0
673 4
674 2
675 1
676 1
677 1
678 0
679 3
680 1
681 3
682 4
683 2
684 0
685 4
686 3
687 1
688 4
689 3
690 4
691 1
692 1
693 3
694 1
695 1
696 0
697 2
698 3
699 3
700 3
701 1
702 0
703 3
704 4
705 2
706 4
707 2
708 1
709 2
710 0
711 0
712 1
713 4
714 3
715 3
716 0
717 1
718 4
719 3
720 0
721 4
722 1
723 1
724 1
725 3
726 1
727 3
728 3
729 1
730 1
731 3
732 4
733 0
734 2
735 0
736 1
737 1
738 0
739 4
740 1
741 3
742 0
743 3
744 2
745 3
746 0
747 2
748 2
749 1
750 1
751 3
752 3
753 3
754 4
755 4
756 0
757 0
758 1
759 4
760 1
761 2
762 4
763 2
764 4
765 4
766 0
767 0
768 3
769 3
770 0
771 3
772 0
773 4
774 2
775 2
776 0
777 0
778 3
779 2
780 4
781 2
782 3
783 0
784 0
785 1
786 3
787 0
788 4
789 2
790 1
791 3
792 1
793 3
794 4
795 3
796 4
797 0
798 0
799 4
800 4
801 2
802 2
803 3
804 0
805 1
806 0
807 2
808 3
809 1
810 2
811 1
812 3
813 0
814 1
815 3
816 0
817 0
818 2
819 2
820 4
821 4
822 0
823 1
824 4
825 2
826 4
827 3
828 2
829 3
830 3
831 2
832 1
833 4
834 2
835 1
836 0
837 2
838 3
839 0
840 4
841 2
842 0
843 1
844 1
845 2
846 0
847 3
848 4
849 4
850 3
851 2
852 1
853 3
854 4
855 1
856 1
857 0
858 3
859 1
860 0
861 0
862 4
863 1
864 1
865 1
866 3
867 2
868 4
869 3
870 0
871 0
872 2
873 4
874 4
875 1
876 4
877 0
878 4
879 1
880 0
881 0
882 4
883 3
884 2
885 0
886 1
887 3
888 2
889 1
890 3
891 2
892 2
893 0
894 3
895 0
896 1
897 3
898 4
899 0
900 4
901 4
902 0
903 0
904 1
905 0
906 1
907 0
908 2
909 1
910 0
911 0
912 2
913 4
914 1
915 0
916 2
917 2
918 0
919 3
920 3
921 3
922 4
923 0
924 0
925 4
926 1
927 0
928 4
929 4
930 2
931 2
932 4
933 3
934 2
935 4
936 3
937 1
938 2
939 2
940 0
941 1
942 2
943 3
944 0
945 0
946 1
947 4
948 3
949 4
950 2
951 4
952 4
953 1
954 1
955 0
956 3
957 1
958 0
959 3
960 3
961 4
962 2
963 2
964 1
965 1
966 0
967 1
968 1
969 1
970 4
971 3
972 4
973 3
974 4
975 0
976 1
977 1
978 3
979 0
980 4
981 3
982 4
983 1
984 3
985 4
986 3
987 3
988 1
989 4
990 3
991 0
992 2
993 3
994 4
995 2
996 3
997 0
998 3
999 3