250
50
2 157 44
32 224 949
111 215 685
192 201 327
59 134 973
210 33 821
123 86 683
208 102 202
74 159 664
131 196 706
205 75 697
142 201 477
181 106 915
208 82 169
232 85 690
113 42 842
245 86 118
9 30 406
224 57 332
130 97 949
60 237 207
119 15 991
245 14 519
27 69 100
188 151 698
223 147 587
134 79 366
235 27 949
56 85 268
168 97 602
98 133 393
53 211 370
225 125 902
74 88 202
6 111 66
44 220 265
119 144 267
211 183 45
9 114 294
149 90 488
78 79 624
78 191 801
76 123 674
154 176 750
81 202 779
17 189 195
78 103 716
156 176 430
176 32 828
28 22 698
0 0
1 0
2 0
3 1
4 1
5 0
6 0
7 0
8 1
9 1
10 1
11 0
12 1
13 1
14 0
15 0
16 0
17 1
18 1
19 0
20 1
21 1
22 1
23 0
24 1
25 1
26 1
27 1
28 0
29 0
30 0
31 0
32 0
33 1
34 0
35 0
36 1
37 0
38 0
39 1
40 1
41 1
42 0
43 1
44 0
45 0
46 1
47 0
48 1
49 0
50 1
51 1
52 1
53 0
54 0
55 0
56 1
57 0
58 0
59 1
60 1
61 0
62 1
63 0
64 1
65 0
66 0
67 1
68 1
69 0
70 0
71 1
72 1
73 1
74 1
75 1
76 0
77 1
78 0
79 1
80 0
81 0
82 0
83 0
84 1
85 0
86 0
87 0
88 0
89 1
90 1
91 1
92 1
93 0
94 0
95 1
96 1
97 1
98 1
99 1
100 1
101 0
102 0
103 1
104 1
105 0
106 0
107 0
108 1
109 1
110 1
111 1
112 1
113 1
114 0
115 1
116 0
117 1
118 0
119 1
120 1
121 0
122 1
123 1
124 0
125 1
126 1
127 1
128 0
129 0
130 0
131 1
132 0
133 0
134 0
135 0
136 1
137 0
138 0
139 1
140 1
141 1
142 0
143 0
144 0
145 0
146 1
147 0
148 1
149 0
150 1
151 1
152 1
153 0
154 0
155 0
156 0
157 1
158 1
159 0
160 1
161 1
162 0
163 0
164 0
165 1
166 1
167 0
168 0
169 1
170 0
171 1
172 0
173 0
174 0
175 0
176 1
177 1
178 1
179 0
180 1
181 1
182 1
183 0
184 1
185 0
186 1
187 0
188 0
189 0
190 0
191 1
192 0
193 0
194 0
195 0
196 0
197 1
198 1
199 1
200 1
201 1
202 1
203 1
204 0
205 0
206 0
207 1
208 1
209 1
210 0
211 1
212 0
213 1
214 0
215 0
216 1
217 1
218 0
219 0
220 1
221 1
222 0
223 1
224 1
225 0
226 0
227 0
228 1
229 1
230 1
231 1
232 1
233 0
234 0
235 0
236 1
237 0
238 0
239 0
240 1
241 0
242 1
243 1
244 0
245 1
246 0
247 0
248 1
249 0