1000
3069
798 601 251
287 793 210
128 966 278
564 603 819
827 330 473
943 811 194
308 103 663
216 695 128
236 500 428
824 774 176
709 88 812
120 817 875
819 567 786
51 276 60
911 791 854
893 263 528
982 921 581
662 431 514
112 209 560
936 131 83
759 711 887
85 715 987
794 600 504
205 65 95
728 689 429
854 38 334
200 865 19
919 664 199
997 452 793
711 850 428
27 683 574
601 501 995
6 410 653
700 590 672
664 329 272
978 266 805
602 618 572
140 641 75
70 833 899
90 835 29
588 851 562
666 766 233
154 965 454
693 274 423
127 105 386
674 155 994
908 697 467
122 851 935
692 694 465
91 908 564
85 260 118
86 393 489
552 754 56
996 319 527
804 101 680
63 375 605
703 976 865
605 43 375
581 665 775
626 586 885
89 280 478
20 673 833
467 140 564
283 69 193
117 706 410
602 833 854
551 262 659
227 740 776
984 723 233
613 711 36
701 631 911
202 857 649
353 831 861
449 85 971
814 603 26
732 28 594
488 948 124
131 734 990
632 700 148
332 226 599
743 587 841
927 885 742
123 705 884
124 213 921
124 922 190
480 537 990
463 137 137
18 674 942
376 998 437
868 854 919
623 873 622
522 625 39
649 829 529
969 788 312
258 984 959
964 805 132
618 614 49
964 178 814
22 104 75
828 257 118
885 545 853
289 942 975
208 492 24
615 667 436
272 727 504
222 380 382
70 885 228
832 783 585
942 681 669
534 272 675
868 804 137
712 49 6
419 491 657
175 425 240
842 603 36
289 641 835
324 393 557
566 41 598
948 774 184
19 754 863
761 378 606
189 233 153
907 162 614
38 227 203
740 892 961
878 599 280
32 186 828
131 580 752
99 347 323
256 667 145
993 806 663
55 472 742
384 128 15
286 216 62
458 177 443
211 860 783
447 551 928
585 266 991
622 581 83
35 611 728
243 921 642
216 419 356
71 866 537
735 63 979
314 382 946
324 445 303
346 739 545
815 285 622
730 616 876
104 372 147
398 105 700
910 110 738
303 588 928
894 482 78
842 738 459
813 291 799
727 32 485
128 912 552
212 891 611
839 348 380
96 907 926
421 408 221
825 889 271
355 57 463
885 53 382
24 934 751
486 378 355
440 339 244
406 315 184
437 548 311
758 851 770
970 727 997
307 842 143
711 275 618
116 37 557
841 228 86
64 308 564
724 807 340
876 45 658
947 579 896
191 636 387
630 271 569
353 736 533
126 447 758
730 379 111
976 253 269
71 840 602
504 167 584
394 864 907
591 613 753
192 938 944
359 363 851
874 624 982
99 363 798
15 587 196
437 852 73
250 939 632
925 443 764
256 448 652
633 738 984
181 536 445
20 526 96
43 493 964
79 720 146
469 267 353
435 903 636
259 338 821
200 619 953
729 131 851
892 158 203
436 159 65
593 36 871
420 819 384
376 247 759
773 664 800
870 391 234
12 698 692
258 882 357
188 966 911
61 257 441
907 344 170
353 894 940
307 525 614
321 56 475
796 406 755
545 435 888
230 429 650
738 976 348
441 414 222
394 940 683
859 272 198
140 518 769
813 453 884
755 288 842
764 137 958
106 524 400
354 715 387
622 607 708
863 212 571
647 860 546
732 737 835
42 350 212
956 825 35
958 212 116
899 429 579
833 875 135
797 273 902
569 875 218
231 668 236
348 495 781
131 723 933
434 973 203
497 716 375
939 780 834
312 843 618
156 683 135
535 16 778
372 204 807
136 909 779
946 204 293
865 496 317
338 17 933
929 305 161
668 579 318
807 611 349
122 458 370
492 65 586
987 32 34
525 807 224
900 129 423
489 41 28
490 259 385
678 890 657
646 82 455
238 666 532
182 381 366
336 320 869
483 76 979
403 200 183
14 726 663
328 31 755
534 667 43
538 334 920
93 465 127
907 547 401
666 299 457
983 671 13
943 380 281
289 611 700
927 316 634
430 103 443
436 687 649
211 590 319
965 652 107
293 716 30
632 934 906
222 12 232
231 650 44
307 130 416
990 366 216
152 943 580
659 501 535
9 102 183
863 525 581
189 83 240
682 986 714
736 477 158
505 324 177
218 636 768
281 680 351
319 935 935
861 613 239
93 57 597
120 958 356
44 17 313
474 856 790
620 65 469
317 63 968
695 282 621
775 780 533
685 288 423
791 694 249
316 270 973
305 454 536
48 842 222
974 388 890
467 964 724
161 932 68
561 446 832
59 113 769
255 401 209
670 979 479
704 603 879
868 524 994
191 124 660
492 128 915
541 820 238
172 637 312
555 656 503
449 451 409
452 530 65
177 3 283
192 134 683
790 671 804
345 682 935
48 967 802
854 510 29
96 891 442
357 944 466
368 884 598
231 198 396
554 366 244
51 76 967
711 18 863
512 701 577
726 853 485
316 409 159
448 934 778
205 774 742
511 739 898
416 677 652
322 436 398
50 649 558
300 976 454
493 456 887
2 834 419
0 233 740
683 858 531
172 29 942
46 211 309
916 449 678
678 391 955
212 923 251
472 360 597
763 983 355
481 390 310
11 382 950
467 405 440
255 118 56
778 280 894
504 512 39
890 960 104
713 984 729
542 250 144
138 742 375
691 694 555
662 828 503
830 439 757
163 509 10
288 666 482
793 800 607
24 193 335
729 535 17
968 550 573
73 861 905
231 593 832
826 662 67
452 808 36
865 785 135
278 109 197
26 361 38
57 422 904
594 345 603
857 660 807
371 284 89
540 382 860
831 868 616
588 149 640
717 533 827
263 447 315
17 659 814
672 331 819
76 157 584
990 808 535
68 715 752
66 518 402
205 302 940
487 253 112
262 231 398
431 248 804
871 95 737
145 909 347
552 542 278
965 384 261
757 407 705
694 116 225
615 8 787
442 832 238
872 849 700
720 411 54
75 587 704
540 207 549
694 17 920
527 502 311
666 863 570
706 387 550
611 637 394
290 97 830
417 231 389
491 722 832
589 206 533
821 206 495
895 104 75
998 988 139
88 959 766
797 461 700
554 762 665
283 298 978
831 541 682
892 61 720
17 843 741
179 709 375
101 341 816
193 556 319
186 942 234
756 615 767
627 24 57
525 113 382
303 998 853
865 117 104
950 304 222
216 205 772
131 664 430
441 666 818
625 268 760
600 667 345
332 305 686
330 343 890
470 139 517
802 881 908
89 146 750
526 469 729
448 319 254
661 675 980
340 280 9
569 872 423
304 481 243
538 308 41
526 691 165
935 811 852
558 117 547
599 446 246
174 739 180
938 107 268
90 523 816
213 687 392
554 75 848
746 459 711
120 187 541
847 718 226
963 121 253
472 690 42
709 116 564
251 953 79
188 500 115
48 162 503
84 652 315
734 282 789
368 58 510
850 900 113
721 859 724
410 469 667
560 159 58
149 428 437
12 649 395
933 436 415
352 520 998
946 16 600
630 837 598
408 426 670
143 383 960
247 109 558
840 4 314
692 466 757
649 197 543
431 985 755
471 268 497
77 224 344
466 828 513
448 482 735
94 851 630
475 387 232
920 639 959
643 226 168
999 964 329
64 129 656
721 415 73
202 201 361
305 722 233
397 643 736
417 582 252
598 945 589
301 53 809
896 468 857
352 774 77
314 230 192
445 357 190
962 311 116
476 521 831
696 627 144
26 242 436
585 594 950
248 463 163
92 15 620
795 538 200
391 605 714
34 168 700
144 97 158
757 987 559
972 989 367
820 756 100
922 182 679
272 59 351
580 434 527
736 789 774
0 405 846
655 613 261
831 55 997
411 56 967
206 311 422
465 345 263
876 339 671
905 623 870
471 901 103
537 487 290
801 228 877
141 159 43
737 908 359
483 148 840
556 444 250
743 885 355
133 28 434
473 75 443
305 902 737
254 104 488
973 884 881
727 729 311
177 109 111
655 855 579
165 328 155
349 369 660
953 707 664
362 578 156
819 143 893
536 268 613
436 869 401
434 377 942
559 637 203
959 6 983
988 391 781
493 504 604
593 38 55
43 429 824
713 694 458
976 29 854
299 915 111
752 727 591
743 786 957
813 281 12
182 278 434
195 539 800
983 303 506
655 579 791
45 200 353
764 449 258
355 13 787
633 355 184
478 202 110
551 537 825
546 736 702
279 767 392
157 735 675
137 835 449
862 97 643
755 88 749
246 142 360
56 644 75
832 310 961
577 375 563
571 512 149
914 992 364
484 808 584
57 753 387
257 637 395
895 790 8
678 969 204
427 621 335
35 793 675
163 305 373
314 21 58
399 306 706
102 442 953
598 965 506
62 970 163
626 209 587
421 614 215
427 34 870
177 510 390
826 468 264
693 799 521
604 739 379
200 442 0
911 807 190
894 989 18
596 586 126
944 242 379
232 195 130
756 304 429
511 614 534
882 974 829
551 227 168
638 590 513
363 98 622
369 568 825
655 208 887
263 234 167
880 356 881
90 532 161
130 140 486
112 966 520
230 976 568
514 166 565
693 994 506
404 538 188
808 347 30
345 678 694
523 984 775
982 255 773
79 291 960
285 934 229
129 384 877
299 148 698
5 414 637
447 72 547
649 64 747
646 861 505
70 243 604
701 988 56
807 387 434
596 476 273
400 13 996
509 943 586
349 550 975
44 632 766
220 864 572
742 654 965
571 633 875
110 238 116
663 924 608
149 77 636
89 509 246
680 299 137
470 818 484
289 873 915
159 203 328
680 698 682
97 310 422
321 7 201
236 166 876
599 969 741
258 824 182
376 991 963
128 921 973
462 198 937
887 485 119
158 154 763
903 910 274
919 536 829
423 502 780
326 746 222
996 464 194
867 403 789
481 730 973
541 41 334
937 829 488
751 374 12
335 376 504
747 454 748
733 322 503
233 569 733
483 535 564
336 54 294
465 971 292
239 470 817
44 239 974
825 477 766
39 0 753
169 928 331
303 613 727
851 54 63
293 578 105
383 983 306
723 682 19
789 323 995
884 692 469
380 720 591
276 834 200
87 89 454
275 8 492
798 148 943
305 505 217
960 334 304
148 215 968
893 83 180
621 529 207
136 934 705
926 147 107
665 99 517
647 141 378
819 546 53
593 893 352
24 16 270
711 296 206
940 192 920
826 136 555
854 921 201
769 842 745
552 861 134
722 309 222
230 570 658
944 8 624
184 529 340
828 671 416
503 296 261
853 129 579
622 304 843
136 291 608
874 257 363
589 886 319
234 195 962
481 167 512
621 579 428
872 803 799
632 737 754
696 281 539
905 148 380
614 889 128
315 289 100
817 939 760
575 177 14
602 99 495
794 983 661
553 551 471
881 112 98
724 74 314
418 992 354
512 697 909
33 411 929
743 880 50
636 184 863
213 316 764
742 681 574
905 965 989
57 236 655
772 285 327
392 562 120
699 975 789
669 423 109
151 153 138
171 288 787
565 478 773
914 178 508
766 846 829
106 13 923
985 709 567
155 468 105
943 227 998
446 744 411
642 40 13
328 441 323
711 261 351
994 192 120
540 421 715
142 849 325
966 899 579
831 979 164
982 140 506
227 119 458
904 276 163
472 287 941
929 157 62
566 102 289
325 591 968
165 772 446
699 300 584
987 948 659
318 595 211
619 909 37
949 825 833
222 773 360
370 935 645
657 371 85
706 734 194
351 735 24
523 43 838
106 99 276
375 610 36
50 974 454
473 450 768
844 586 4
933 711 820
611 911 66
637 888 426
884 48 809
381 443 207
426 696 432
272 485 437
654 427 136
203 25 321
920 359 674
400 674 507
384 210 414
198 94 939
238 676 562
223 26 511
369 298 679
769 121 643
13 554 304
949 651 196
718 282 926
307 260 614
499 916 9
220 632 675
824 789 43
916 109 162
784 554 506
189 761 715
10 200 264
222 401 79
885 335 480
264 945 960
939 753 114
899 227 424
197 918 568
724 533 365
313 289 767
943 828 427
430 764 581
401 282 646
122 502 264
408 852 779
555 318 963
344 976 679
165 659 134
797 444 458
424 181 885
727 638 312
114 942 558
817 142 843
414 121 870
42 521 583
189 482 592
265 445 826
426 807 399
630 66 187
249 203 495
215 597 3
901 174 999
615 499 530
272 751 65
154 761 819
32 11 122
619 809 579
565 103 464
677 629 361
844 429 681
39 527 63
909 190 937
593 299 624
523 651 300
332 777 672
127 318 705
892 17 413
229 818 239
373 541 507
847 389 628
617 930 165
175 17 64
258 158 416
840 247 411
82 719 218
154 61 731
998 839 331
124 902 5
561 380 9
295 190 558
338 348 620
815 32 196
764 394 65
601 645 281
562 25 564
830 108 85
946 307 100
537 95 785
402 773 617
123 595 8
964 486 312
623 40 370
257 735 590
316 130 620
432 711 368
983 479 827
125 266 232
337 826 257
36 107 185
778 484 660
946 700 452
372 132 576
254 709 341
349 412 249
416 234 330
817 415 503
970 809 560
896 195 44
381 194 637
716 930 194
51 745 78
358 185 499
904 661 384
47 320 828
924 303 844
435 531 28
496 297 919
286 895 456
719 606 101
878 604 726
52 315 662
235 528 985
389 442 977
729 828 328
579 445 330
817 698 510
908 310 864
267 665 691
667 347 32
622 482 41
229 389 663
73 482 863
603 845 94
272 440 723
781 349 401
327 509 116
329 599 46
838 209 731
431 175 556
76 546 418
244 446 869
187 821 479
818 979 601
901 791 683
831 575 956
800 476 14
110 977 317
990 170 366
970 619 45
443 590 817
659 87 337
317 616 460
489 579 864
883 810 345
208 891 393
61 192 763
850 868 826
906 83 855
784 835 232
774 777 679
338 546 857
501 931 570
316 894 221
539 236 785
794 11 911
956 524 616
786 654 526
676 635 393
460 904 519
494 165 351
59 381 258
890 431 959
610 885 721
193 785 6
945 623 987
239 108 872
28 368 415
907 16 255
881 40 96
332 459 939
724 852 698
935 127 966
707 947 655
607 144 483
626 901 103
493 188 687
579 272 330
70 787 651
617 820 364
685 165 402
874 958 445
456 573 678
428 813 632
833 170 960
846 874 670
837 404 816
219 16 406
990 230 538
965 960 748
335 656 313
36 92 401
273 977 636
57 485 758
880 401 108
164 743 980
760 152 439
419 702 423
512 723 164
59 740 947
836 678 503
171 151 736
618 536 364
600 482 303
690 38 451
992 674 756
364 386 743
622 915 569
153 787 637
787 811 91
661 558 56
482 424 389
324 467 531
242 864 973
398 97 28
57 926 344
333 116 707
416 729 62
322 261 757
881 938 434
664 464 383
716 851 94
971 158 284
141 111 326
255 740 891
471 851 594
150 825 837
211 491 855
302 245 781
833 157 210
727 474 89
919 723 844
125 700 668
258 224 244
233 205 497
108 997 101
735 549 271
748 571 726
492 366 914
948 740 215
79 55 193
598 346 45
175 146 673
984 210 788
5 122 766
229 905 622
703 457 726
28 841 756
536 461 169
93 355 745
518 453 849
90 733 68
888 613 164
822 327 690
148 221 464
795 979 676
327 703 782
320 491 141
838 949 999
210 34 612
21 362 125
397 77 136
982 383 266
535 140 898
781 487 621
208 671 72
251 303 583
551 440 18
528 323 774
222 723 677
490 870 929
77 604 704
137 192 659
330 67 948
886 992 662
422 439 953
196 177 950
494 199 246
974 474 725
435 593 743
828 107 32
589 406 787
478 643 737
641 159 154
972 990 399
936 422 490
455 64 656
545 787 456
596 550 296
763 307 264
430 797 907
830 852 344
115 695 383
977 563 119
444 252 705
770 814 173
855 954 856
304 197 987
132 326 448
86 652 266
298 943 108
325 198 684
765 399 296
708 118 10
938 239 358
107 602 577
921 406 894
29 230 695
539 701 190
629 30 741
673 357 976
956 787 812
104 988 970
399 203 348
40 77 282
673 522 58
570 941 78
484 621 348
851 73 530
495 776 556
636 463 585
58 318 473
974 329 686
243 608 596
364 272 893
831 364 945
785 985 876
357 559 998
698 99 281
626 680 409
224 624 343
422 439 572
909 932 939
656 770 311
242 981 542
139 480 609
349 954 199
806 588 990
427 762 882
557 580 826
630 837 808
127 630 933
879 409 666
659 156 344
155 771 109
506 221 815
536 922 52
272 141 712
308 751 922
570 85 849
708 600 394
883 113 747
34 360 192
817 247 762
118 910 615
308 408 183
862 721 822
961 146 345
61 24 262
39 830 539
477 103 713
683 924 446
699 102 680
185 679 802
259 999 309
481 491 311
430 907 533
147 143 874
355 947 846
353 854 538
277 979 698
175 153 799
359 951 571
480 963 2
792 972 785
783 957 826
821 389 426
370 688 291
439 516 526
180 904 303
226 589 61
887 274 475
795 859 472
979 192 457
642 868 797
176 49 601
311 324 656
166 12 337
69 522 213
861 297 528
144 405 645
396 954 963
482 373 945
171 852 51
277 406 650
915 543 47
119 399 625
793 746 77
608 329 265
230 116 794
259 513 714
756 18 810
606 363 300
546 907 748
378 842 508
298 666 423
748 463 338
478 818 450
92 470 721
753 77 458
754 50 506
936 87 767
779 182 371
329 499 529
702 296 611
359 84 705
769 547 358
989 663 437
521 356 351
505 479 436
809 966 606
83 661 226
358 906 496
856 792 582
376 51 329
796 218 134
463 733 995
231 964 287
401 129 880
198 816 636
656 407 648
100 854 400
553 746 29
445 163 537
159 151 421
490 94 122
898 561 964
450 975 636
602 710 606
164 572 395
427 493 619
442 758 136
226 690 251
364 830 710
79 674 449
35 141 205
264 250 412
495 144 525
782 255 75
765 594 62
210 349 624
844 806 138
424 436 361
285 663 670
953 197 460
363 568 139
542 624 111
563 204 466
10 367 777
481 36 393
502 196 944
219 926 103
145 22 603
559 451 392
660 466 670
121 908 543
35 982 833
651 982 528
928 869 756
805 360 317
914 941 85
22 391 164
436 82 847
437 421 319
668 112 727
238 361 104
867 465 704
956 349 329
676 359 749
965 287 655
33 117 815
67 409 244
192 915 89
566 374 781
170 827 214
248 258 456
138 473 186
883 402 691
104 148 729
707 614 369
232 785 987
252 927 425
126 394 808
418 161 417
333 898 892
863 341 788
905 853 847
862 938 262
119 218 161
976 760 621
789 261 409
725 855 703
456 447 441
4 566 911
49 214 791
667 198 89
608 166 500
698 958 871
819 572 835
362 301 86
353 487 247
378 431 423
870 829 401
270 217 654
914 174 121
412 221 127
135 990 961
356 266 722
44 6 256
903 999 949
860 922 279
142 296 888
267 536 21
326 662 39
2 405 315
104 24 86
391 356 853
267 953 121
884 553 755
87 44 37
28 340 231
845 972 475
199 90 491
626 932 211
463 10 551
528 142 363
164 916 631
667 497 925
804 239 995
548 779 528
704 690 329
796 164 638
997 387 130
371 854 318
337 34 347
570 859 351
536 753 673
714 81 680
361 205 524
757 783 889
430 648 865
909 564 121
784 193 996
193 483 808
965 994 735
852 948 993
324 747 459
628 11 311
531 544 498
623 572 98
623 553 583
572 905 413
747 860 615
484 321 930
857 691 168
526 691 267
244 181 981
988 228 580
645 87 983
848 658 916
719 254 43
989 231 547
180 120 327
545 213 664
533 42 458
903 771 790
773 483 751
807 843 172
502 914 142
979 533 896
554 84 19
79 48 41
465 352 257
743 616 164
17 646 255
587 722 467
98 24 984
482 260 625
681 566 408
840 335 218
179 37 404
341 708 843
645 109 992
778 852 215
250 324 770
754 925 749
459 197 556
542 284 524
953 482 657
439 608 912
5 944 20
119 41 498
319 706 227
646 616 612
149 88 247
382 645 141
528 397 614
115 771 961
352 448 113
714 96 388
755 727 774
319 220 233
120 818 713
894 25 715
543 61 360
124 683 94
931 981 619
485 58 630
306 286 947
767 551 519
975 574 906
796 795 7
726 2 125
735 289 330
773 124 620
811 136 154
573 869 366
260 15 441
254 14 676
574 687 492
954 969 869
456 791 26
360 991 385
513 279 230
411 674 502
323 726 206
774 401 41
546 529 956
578 91 458
470 879 597
726 19 19
1 565 827
322 553 352
17 625 238
747 278 502
536 490 671
793 682 530
63 304 452
121 33 588
247 870 237
937 495 832
729 502 790
507 854 981
202 918 327
518 438 147
163 307 328
625 793 519
16 775 20
540 387 263
372 536 416
313 854 366
620 462 763
360 469 572
124 365 258
803 915 405
629 580 187
17 372 416
781 667 282
984 571 255
193 376 106
962 114 674
19 682 422
863 385 429
984 19 402
560 2 918
976 850 871
617 971 575
534 18 599
97 635 675
557 996 991
505 429 242
139 350 127
719 145 626
75 717 396
611 847 991
91 149 408
393 897 624
823 607 897
306 234 800
11 154 95
769 771 507
527 385 719
533 126 375
208 234 910
809 140 754
26 618 11
651 283 168
538 444 399
307 347 834
538 719 880
71 337 26
846 608 496
553 550 922
560 75 433
950 883 695
720 566 79
708 854 816
581 760 943
723 823 417
653 697 203
780 166 905
897 786 115
164 762 197
55 576 404
74 795 54
760 876 39
692 307 891
340 119 427
108 596 6
643 943 23
449 2 106
900 410 92
479 943 722
769 780 309
984 531 862
637 459 440
260 981 562
9 653 952
552 693 913
785 102 174
63 970 513
914 150 742
316 506 740
619 376 181
471 693 379
83 150 61
798 792 8
999 355 687
149 732 490
504 647 417
73 223 552
408 511 553
354 663 152
486 936 244
38 679 735
831 487 863
869 967 491
962 862 185
147 644 196
122 233 414
630 475 307
755 279 232
579 248 698
724 161 956
140 237 966
739 177 788
270 662 667
897 773 669
339 561 630
547 496 162
637 780 191
669 991 611
41 799 492
637 296 892
53 169 888
238 688 73
65 843 308
928 239 695
245 972 931
9 855 211
688 129 314
780 357 94
812 709 893
274 267 774
267 796 532
516 769 126
744 237 960
596 222 346
751 99 746
122 232 242
900 805 72
950 831 240
943 791 974
378 843 935
895 524 15
72 460 620
655 541 828
244 661 272
302 361 334
715 110 189
125 205 220
389 935 251
215 794 216
406 435 561
277 817 763
848 105 512
977 244 861
429 577 123
927 719 363
456 244 999
295 692 307
827 606 415
503 232 713
697 628 57
647 295 664
891 380 646
146 621 641
891 436 935
388 5 652
174 579 607
796 94 256
619 790 498
283 783 758
75 109 907
744 141 315
374 614 151
294 803 699
668 305 275
143 867 748
666 779 750
878 475 307
42 441 102
81 105 237
288 271 848
702 245 97
438 450 792
602 752 36
261 511 330
313 558 320
951 451 220
371 636 801
596 216 57
962 690 811
713 405 832
973 610 711
721 381 816
719 816 675
532 794 357
890 247 967
736 259 855
268 895 306
973 721 934
419 751 17
913 540 158
909 541 230
885 27 998
718 372 448
443 408 171
283 805 608
935 724 233
648 611 948
798 422 265
596 383 755
546 982 873
406 482 693
346 153 211
377 824 23
727 563 393
358 644 451
687 129 583
82 700 778
79 225 417
966 599 919
793 258 760
766 21 205
521 557 329
837 763 721
889 809 944
703 722 521
741 774 529
378 500 347
200 345 259
535 679 971
744 422 237
502 765 515
459 751 377
78 611 632
107 597 955
832 698 637
451 754 850
296 569 206
199 418 417
213 505 803
425 685 221
414 318 786
912 415 660
927 331 330
747 210 508
764 733 800
67 538 860
79 238 979
920 220 970
761 487 692
590 991 883
412 193 659
363 850 622
70 538 305
13 237 721
557 360 85
272 642 198
812 923 105
389 399 247
556 843 407
810 29 405
950 386 826
670 313 188
157 532 745
913 348 128
619 294 731
897 436 334
983 514 951
885 534 390
802 655 725
641 584 198
421 792 683
245 231 500
50 640 608
55 863 2
590 239 992
142 997 792
520 938 129
161 188 677
786 168 511
867 214 867
376 962 783
935 670 917
496 593 257
786 62 935
462 412 114
308 849 47
381 972 712
255 386 368
606 449 959
235 986 660
980 492 264
587 250 66
727 161 675
13 188 242
912 236 531
888 528 867
939 329 350
45 883 666
838 994 708
737 608 294
564 436 900
191 553 703
203 734 291
206 425 992
51 150 84
762 930 909
70 455 651
254 990 283
28 675 578
389 905 52
733 30 160
713 475 733
149 243 682
613 674 401
474 14 18
611 832 704
821 312 804
829 103 265
495 668 670
526 378 231
181 285 54
89 747 941
713 598 907
24 847 501
768 680 688
875 970 76
961 338 575
34 582 235
692 774 467
281 413 195
23 410 616
448 216 705
71 851 176
748 399 951
426 634 851
376 36 972
341 507 517
647 516 442
432 560 188
744 590 614
723 400 781
805 855 406
441 864 898
597 400 37
34 42 14
7 763 52
153 394 125
312 137 763
137 363 903
33 605 414
535 384 754
756 997 556
224 258 546
60 301 23
138 624 369
127 194 197
876 50 11
379 509 522
592 395 747
906 269 483
412 95 321
998 32 154
4 157 463
350 7 360
414 834 390
423 707 46
736 59 90
531 175 936
855 530 661
771 894 304
840 30 906
131 123 827
728 609 765
431 302 455
587 959 409
460 865 469
214 490 26
500 797 501
902 61 788
849 797 368
29 146 316
253 715 73
351 414 333
36 188 555
953 147 347
150 385 315
550 961 476
320 432 522
332 63 978
245 736 799
842 235 694
107 742 758
27 146 278
522 52 466
783 795 35
386 92 169
837 580 957
882 149 776
934 924 725
665 688 990
721 435 919
467 145 467
601 181 981
976 470 838
474 370 80
217 875 426
938 860 460
866 850 940
134 387 373
469 162 903
144 175 29
729 834 299
411 381 703
138 558 299
856 879 453
856 980 717
473 879 82
575 797 301
572 264 310
123 397 774
121 638 655
257 442 411
711 55 949
58 418 200
927 954 397
140 920 277
581 891 362
167 706 96
354 189 333
192 706 217
715 375 760
430 41 530
516 837 789
35 809 266
931 457 59
641 833 905
465 81 151
604 430 846
283 543 766
192 962 14
384 279 710
792 719 615
548 509 715
969 163 327
731 706 152
746 816 660
844 181 955
886 386 671
715 547 688
640 976 649
698 314 66
880 574 479
579 926 371
145 821 366
124 638 11
941 645 829
913 922 201
193 710 169
665 124 690
829 300 420
44 804 336
673 882 691
108 706 954
882 617 867
996 104 426
947 702 825
130 129 507
937 581 460
120 671 134
436 685 643
192 963 394
914 7 932
898 335 766
929 891 688
249 855 62
0 490 991
970 322 944
234 355 43
867 782 503
240 631 69
170 574 564
350 973 90
170 893 903
264 262 175
640 98 491
509 346 390
280 975 997
467 348 845
512 613 702
455 379 468
185 16 41
426 278 785
539 917 546
416 296 887
200 70 867
0 563 372
601 609 756
540 544 85
415 461 318
564 380 757
701 823 568
1 116 846
95 173 301
179 326 793
131 948 547
211 960 791
654 547 132
870 849 698
689 50 994
187 121 612
839 125 106
302 541 760
850 131 881
259 627 659
56 378 457
402 47 917
310 3 498
581 568 956
189 333 818
759 125 571
110 683 657
328 9 864
25 53 525
768 892 93
197 896 28
147 356 459
108 613 669
904 839 894
519 973 325
419 285 265
962 964 823
97 636 448
433 615 357
948 225 215
289 135 438
936 900 11
783 726 764
957 95 525
956 698 366
19 749 401
603 428 476
419 470 885
661 629 578
921 828 409
410 126 500
853 640 998
989 595 25
98 7 236
8 361 438
474 920 264
459 234 8
24 577 469
843 344 853
651 659 768
975 761 587
530 676 244
738 557 962
282 316 697
597 255 373
246 306 311
212 459 678
422 51 886
85 111 582
418 530 705
744 778 287
314 741 748
762 666 368
107 721 256
494 425 623
905 953 848
217 322 680
555 735 524
897 519 507
233 426 759
176 994 111
595 993 856
538 616 350
478 772 743
99 380 380
93 342 496
50 193 411
173 199 622
223 594 516
856 762 391
191 403 511
206 266 934
904 305 905
699 730 503
936 94 322
908 334 198
951 528 408
950 726 786
209 121 230
397 140 213
942 842 657
67 670 5
885 769 127
401 557 883
857 440 485
183 628 35
521 205 764
4 711 728
778 755 260
539 426 410
925 284 811
881 388 809
613 773 706
301 648 228
322 999 892
585 408 983
189 483 668
79 106 438
107 769 296
672 246 315
16 892 128
325 731 385
636 784 232
234 63 523
623 382 98
672 59 806
611 752 889
723 348 465
96 477 343
296 799 976
732 467 543
504 536 963
411 59 444
764 116 603
387 614 85
421 924 744
775 452 933
867 832 347
574 917 917
551 78 832
947 404 530
741 764 263
729 516 722
483 206 77
28 355 163
581 212 287
638 477 250
495 509 660
986 666 473
457 810 131
108 616 272
484 847 496
903 140 800
324 238 799
15 498 853
475 596 143
71 227 223
816 862 401
462 886 220
570 826 682
727 680 597
873 522 698
174 878 811
842 977 48
576 151 881
101 772 423
403 392 608
4 337 881
568 260 129
500 877 145
813 527 289
646 511 424
843 969 901
491 377 929
518 388 552
568 616 977
418 598 311
684 985 883
647 933 480
384 741 513
448 199 693
718 364 522
588 473 526
545 601 941
847 309 543
326 128 790
577 461 730
488 173 522
168 821 912
7 893 191
631 691 955
830 5 430
695 561 262
65 970 934
685 168 917
305 198 31
166 609 248
114 456 658
486 568 203
670 408 409
341 303 928
216 823 237
806 340 243
699 957 570
647 473 127
436 919 280
80 434 700
189 227 602
239 865 654
730 443 430
637 114 277
961 369 641
570 939 63
92 888 181
494 74 14
155 24 257
651 311 924
557 266 322
132 158 407
335 187 685
92 485 630
361 157 684
96 930 985
754 943 549
16 971 336
542 893 213
125 917 587
54 239 183
884 321 919
837 957 183
219 864 551
498 364 414
662 869 889
809 519 272
376 517 707
389 580 645
675 131 440
620 349 673
92 176 683
117 260 906
556 444 41
250 661 488
222 148 776
594 568 690
882 485 534
146 653 794
873 51 895
408 58 201
793 804 960
57 787 838
317 74 783
371 668 316
444 982 401
784 75 310
416 821 330
25 831 117
474 53 402
502 402 353
439 423 566
643 80 735
758 952 222
367 889 961
744 82 210
439 166 724
921 198 213
293 569 500
958 990 579
349 771 319
802 62 752
957 977 333
597 177 31
820 75 393
651 547 726
850 763 14
691 139 230
281 184 291
463 95 708
388 943 54
259 600 367
147 667 646
422 421 234
210 536 240
51 815 913
43 434 689
121 266 99
59 515 469
935 789 898
803 372 970
819 571 762
0 284 191
340 543 142
872 776 612
655 658 347
107 791 749
607 730 255
123 265 751
143 490 512
334 319 262
874 449 980
679 33 595
73 458 731
86 383 149
461 843 414
415 228 960
79 48 551
906 50 824
413 522 946
236 617 868
150 432 677
309 647 71
365 81 167
23 41 107
340 843 854
635 580 956
801 355 417
529 964 441
262 164 327
899 885 267
377 91 616
241 206 937
322 462 176
376 316 890
870 977 77
799 811 364
610 312 31
720 619 976
478 520 562
304 561 515
758 332 151
131 371 368
431 36 908
331 23 765
811 545 643
540 36 426
517 302 827
475 64 604
660 418 617
94 404 561
562 422 173
29 365 757
680 642 77
883 558 334
286 454 135
338 496 685
141 6 275
636 248 340
696 108 628
374 143 582
793 84 555
883 848 37
383 957 448
100 755 272
713 557 415
97 28 472
805 214 123
31 505 923
597 591 576
639 671 682
481 354 752
438 907 684
928 96 794
985 261 433
746 364 781
990 251 735
531 66 577
631 388 125
241 185 916
404 141 377
62 395 975
205 120 276
852 607 268
131 641 600
525 403 369
852 697 938
384 41 594
428 283 843
453 614 780
931 788 503
549 506 177
559 576 834
327 553 435
171 114 661
834 338 871
219 758 64
333 226 108
464 772 574
668 971 82
148 732 787
150 249 725
408 818 59
743 263 765
789 863 380
283 659 100
333 399 758
879 386 741
769 941 729
774 782 526
538 717 697
284 79 806
867 549 683
672 923 43
679 825 727
939 515 197
594 613 870
431 50 391
761 26 935
334 939 967
158 187 79
31 535 540
79 303 829
467 421 517
466 789 496
715 714 798
995 659 582
749 719 700
867 419 750
505 141 36
131 947 903
943 803 116
442 829 101
345 439 839
132 991 677
449 186 122
578 521 289
477 324 901
263 127 593
929 403 477
638 652 577
851 748 877
673 687 122
503 560 387
995 750 339
693 956 987
923 986 34
807 117 925
192 82 597
574 189 429
293 903 516
399 93 612
331 783 961
98 852 184
909 968 908
378 658 81
132 676 136
572 640 100
909 330 97
531 626 743
850 750 957
707 455 920
274 835 967
893 760 619
956 662 608
845 525 176
857 997 484
588 729 501
478 914 524
240 614 215
173 106 16
137 553 609
377 563 99
295 577 630
652 534 990
888 869 959
746 733 879
569 557 93
376 568 897
713 981 787
267 312 350
286 722 651
776 369 456
540 294 304
902 998 936
29 404 465
616 797 778
22 487 595
949 730 955
613 306 588
381 772 219
268 424 469
713 627 107
926 242 200
518 579 746
788 541 860
478 681 690
199 212 942
875 940 711
208 504 568
909 994 785
619 234 291
993 293 459
501 289 929
141 366 841
338 234 873
150 611 245
671 583 622
450 344 168
445 22 802
414 548 643
300 596 551
53 35 631
403 439 971
77 66 611
999 888 724
908 792 547
807 57 221
949 207 348
559 589 464
898 671 676
172 828 550
602 972 60
358 783 96
878 200 797
659 954 364
246 637 758
270 649 930
547 582 588
17 2 846
831 893 283
314 878 949
976 995 46
25 462 132
626 128 410
121 638 179
393 744 233
222 376 637
541 291 414
738 697 913
289 52 826
383 154 611
499 576 134
20 310 692
947 192 610
161 126 187
975 868 153
219 820 181
599 261 210
520 507 39
552 809 972
285 86 439
277 485 556
185 56 941
109 119 47
413 712 880
470 775 856
64 94 107
776 925 501
529 842 520
977 463 679
457 346 366
249 550 785
532 646 928
771 779 867
482 350 6
308 174 551
940 827 980
605 88 658
190 83 194
335 612 208
116 483 340
307 407 573
841 276 522
445 111 120
569 689 903
517 295 948
141 945 338
482 182 352
304 882 152
982 38 982
636 472 85
741 356 131
431 998 255
421 790 21
936 969 316
35 158 123
247 116 833
465 896 990
996 812 317
651 347 804
779 562 379
135 692 405
531 956 875
174 346 908
987 867 825
667 552 118
55 242 447
605 817 392
28 268 828
586 154 164
292 863 986
977 568 453
239 771 348
497 851 72
503 830 86
747 480 625
907 650 528
886 463 296
899 338 601
749 427 535
141 565 728
222 702 881
580 466 533
281 35 514
306 886 732
489 737 967
997 152 157
463 938 706
228 579 410
297 533 454
71 290 739
806 741 572
451 259 727
493 828 789
161 309 484
275 671 892
843 4 479
998 274 799
265 385 423
665 273 939
59 478 914
714 292 691
12 372 598
473 718 976
691 438 270
786 734 314
637 432 320
708 516 929
861 178 743
199 931 665
408 902 404
850 663 529
467 970 81
373 888 478
177 834 960
818 48 250
568 447 930
462 211 557
981 544 756
410 886 705
360 118 228
181 775 294
851 32 690
838 146 7
167 14 28
63 513 197
411 111 403
533 599 817
88 212 668
733 233 698
124 294 223
35 229 519
224 388 569
872 232 879
193 884 452
757 968 635
41 233 422
243 685 875
209 156 858
908 469 3
753 919 417
9 432 198
461 199 378
815 276 652
759 441 120
0 511 134
644 6 922
814 484 56
889 88 523
929 924 663
461 586 246
709 79 48
567 170 636
86 968 471
142 647 636
800 493 191
194 750 200
596 780 852
251 499 624
164 781 886
365 513 128
983 747 942
550 22 219
280 345 354
790 178 447
737 173 248
573 191 400
534 504 849
887 212 379
523 989 112
435 774 68
956 660 286
118 910 304
457 820 980
361 512 135
946 61 381
41 854 172
132 695 459
584 42 407
137 483 533
80 448 536
177 833 559
253 472 628
258 505 928
140 249 883
361 87 745
74 958 754
684 553 708
692 657 182
84 88 574
726 139 382
802 516 972
309 326 159
906 554 666
88 290 630
861 856 113
806 428 429
704 570 94
560 141 180
821 213 123
701 281 691
170 31 460
876 167 315
638 91 569
66 372 867
420 724 441
649 505 227
394 979 871
410 816 688
804 637 597
777 773 139
384 9 812
810 761 715
325 604 597
3 850 669
36 341 912
323 691 680
977 699 147
222 481 818
114 779 973
343 370 265
249 858 880
50 282 122
865 609 210
829 417 176
689 367 391
841 178 999
507 318 393
161 288 688
63 157 805
494 15 780
328 123 27
558 215 512
164 912 573
411 559 212
871 808 321
682 398 966
925 693 721
740 415 523
717 374 952
717 30 161
10 21 536
889 534 331
564 942 204
834 771 272
931 827 268
791 13 732
528 662 719
575 297 912
778 734 319
133 335 248
446 132 6
197 986 326
739 678 598
617 208 70
317 233 938
827 358 860
857 717 370
877 558 695
313 114 732
405 700 541
29 456 717
870 467 739
507 898 750
976 303 514
730 185 325
937 688 185
405 521 351
151 969 514
736 476 979
974 898 172
879 712 31
500 587 406
523 305 713
167 710 582
956 459 569
132 337 348
521 451 423
973 740 903
332 152 412
434 433 872
921 416 996
725 873 562
338 817 724
400 726 632
559 484 190
456 603 837
114 334 299
935 534 691
842 496 99
756 502 802
22 215 206
808 161 269
768 104 88
410 852 166
1 98 419
948 668 537
850 964 450
820 298 777
303 433 547
133 435 771
369 685 822
481 485 55
86 423 855
419 621 165
72 207 662
7 14 302
153 221 561
439 255 600
39 819 889
284 428 859
132 678 913
611 864 708
244 378 248
787 354 995
389 765 657
812 442 965
729 832 661
207 380 258
13 625 91
833 148 432
651 481 427
456 499 613
262 301 226
890 205 390
422 188 808
38 699 504
28 436 847
772 11 873
35 372 622
167 599 987
477 62 806
538 993 559
119 801 270
335 482 796
787 790 173
142 436 719
204 459 114
719 0 92
619 554 541
560 301 375
68 290 940
556 954 382
136 719 907
702 652 309
371 950 999
743 89 97
723 58 488
392 39 227
256 159 777
341 780 467
956 399 585
104 492 491
823 466 57
454 868 623
781 885 875
558 796 684
22 956 875
196 91 388
569 497 325
342 437 598
498 668 695
320 475 545
311 896 722
443 771 874
510 994 399
560 245 76
775 494 975
438 622 3
932 347 339
643 356 382
211 401 648
980 866 310
39 157 382
187 409 857
12 958 463
866 512 363
628 965 625
376 540 235
79 482 542
534 870 32
416 26 419
369 75 627
701 746 660
786 686 668
932 676 654
402 686 282
160 110 199
699 908 500
343 754 750
388 761 496
457 276 619
117 295 814
855 458 189
0 111 92
638 533 478
707 775 360
60 984 904
597 211 727
527 773 980
58 585 638
731 435 303
422 266 944
117 881 316
393 726 613
685 187 452
944 588 169
810 446 933
395 561 264
463 285 686
705 294 495
485 177 557
360 989 288
944 238 596
582 974 857
877 166 294
969 962 362
726 704 775
429 67 380
25 368 950
447 581 120
634 415 995
48 600 63
894 711 742
972 476 781
225 628 251
103 56 136
97 164 497
752 739 723
940 865 904
482 690 404
391 959 545
971 151 832
329 990 329
424 412 415
567 991 783
886 454 217
239 414 604
200 858 492
359 271 463
927 443 544
948 602 565
82 495 861
442 528 186
892 904 591
425 335 478
954 429 707
726 515 165
568 599 235
287 346 988
362 188 838
58 283 433
873 636 305
668 269 24
749 484 252
532 125 474
863 729 686
257 423 365
20 621 772
628 165 126
648 502 229
790 905 771
88 752 920
720 751 356
550 600 556
553 836 477
956 268 204
458 652 285
380 503 278
479 33 769
767 79 465
833 460 965
211 34 432
944 963 620
697 206 588
584 911 847
457 766 956
109 182 384
299 757 298
784 836 580
248 570 86
19 341 328
94 622 270
257 154 78
908 997 478
890 176 296
927 462 409
75 271 131
157 686 747
300 97 351
396 995 173
433 129 920
414 287 235
846 585 803
567 177 897
472 27 295
854 411 109
635 311 407
412 809 89
169 791 462
305 221 535
41 223 603
781 190 186
698 26 467
895 800 936
856 750 523
872 415 448
831 64 505
952 592 856
145 684 223
472 1 265
627 559 894
804 882 406
929 584 498
989 882 587
814 516 950
476 404 75
289 239 521
833 7 788
63 430 728
87 337 313
549 258 876
845 988 228
148 676 412
984 99 60
328 250 820
198 0 924
350 163 662
142 664 614
170 27 418
835 626 680
88 852 661
272 761 707
789 956 992
868 682 377
99 577 546
698 52 494
182 440 475
673 288 815
722 264 624
602 236 595
619 194 603
764 389 748
559 364 33
616 669 168
885 707 3
553 644 220
756 273 789
613 70 496
354 568 539
994 966 439
586 923 38
27 525 637
52 271 693
207 941 22
829 725 100
532 182 733
784 630 867
0 2
1 1
2 0
3 0
4 3
5 4
6 0
7 2
8 1
9 2
10 2
11 0
12 4
13 3
14 4
15 3
16 4
17 1
18 0
19 0
20 0
21 3
22 2
23 0
24 0
25 1
26 2
27 3
28 0
29 4
30 1
31 1
32 2
33 4
34 3
35 4
36 3
37 1
38 4
39 3
40 0
41 2
42 4
43 4
44 2
45 2
46 2
47 0
48 3
49 4
50 0
51 1
52 2
53 2
54 0
55 3
56 1
57 1
58 2
59 4
60 0
61 4
62 4
63 4
64 4
65 2
66 4
67 3
68 0
69 2
70 3
71 4
72 1
73 4
74 3
75 3
76 2
77 3
78 3
79 4
80 2
81 0
82 3
83 3
84 3
85 1
86 4
87 0
88 4
89 2
90 4
91 4
92 1
93 4
94 2
95 2
96 4
97 4
98 4
99 2
100 1
101 2
102 3
103 4
104 3
105 3
106 1
107 2
108 0
109 0
110 3
111 4
112 1
113 0
114 3
115 3
116 4
117 0
118 0
119 3
120 3
121 3
122 0
123 4
124 4
125 3
126 0
127 1
128 4
129 3
130 4
131 1
132 4
133 1
134 4
135 2
136 1
137 4
138 4
139 4
140 0
141 2
142 3
143 3
144 1
145 1
146 0
147 0
148 2
149 2
150 2
151 3
152 0
153 0
154 1
155 3
156 3
157 0
158 0
159 0
160 1
161 3
162 2
163 2
164 0
165 1
166 0
167 0
168 2
169 3
170 2
171 0
172 2
173 0
174 3
175 3
176 2
177 2
178 2
179 0
180 4
181 3
182 4
183 1
184 0
185 2
186 1
187 2
188 4
189 0
190 0
191 1
192 2
193 2
194 4
195 0
196 1
197 2
198 1
199 1
200 1
201 3
202 0
203 4
204 0
205 1
206 2
207 2
208 1
209 0
210 0
211 4
212 0
213 2
214 3
215 4
216 4
217 1
218 2
219 2
220 3
221 4
222 3
223 1
224 4
225 1
226 1
227 2
228 0
229 2
230 3
231 2
232 3
233 4
234 3
235 3
236 3
237 2
238 2
239 1
240 3
241 0
242 1
243 0
244 1
245 0
246 2
247 1
248 0
249 1
250 1
251 0
252 0
253 4
254 0
255 3
256 3
257 2
258 3
259 3
260 4
261 4
262 3
263 0
264 0
265 1
266 4
267 2
268 4
269 0
270 0
271 4
272 0
273 4
274 4
275 4
276 0
277 1
278 3
279 4
280 3
281 1
282 3
283 0
284 3
285 0
286 0
287 3
288 1
289 0
290 3
291 3
292 3
293 4
294 3
295 2
296 4
297 2
298 4
299 3
300 3
301 4
302 3
303 2
304 3
305 0
306 1
307 0
308 0
309 0
310 3
311 0
312 0
313 1
314 2
315 3
316 1
317 0
318 4
319 2
320 1
321 3
322 3
323 4
324 3
325 4
326 3
327 1
328 3
329 1
330 2
331 4
332 2
333 3
334 0
335 3
336 3
337 2
338 2
339 0
340 1
341 4
342 0
343 1
344 2
345 4
346 1
347 1
348 4
349 3
350 1
351 1
352 4
353 4
354 1
355 2
356 1
357 2
358 0
359 1
360 4
361 4
362 1
363 0
364 4
365 2
366 3
367 4
368 3
369 1
370 2
371 0
372 2
373 4
374 2
375 0
376 0
377 2
378 3
379 4
380 4
381 3
382 3
383 0
384 1
385 0
386 0
387 2
388 0
389 1
390 1
391 4
392 2
393 2
394 4
395 0
396 4
397 2
398 0
399 2
400 4
401 1
402 3
403 0
404 3
405 4
406 0
407 1
408 4
409 0
410 2
411 0
412 1
413 0
414 2
415 1
416 1
417 1
418 4
419 2
420 3
421 3
422 0
423 3
424 0
425 1
426 1
427 1
428 1
429 1
430 3
431 2
432 3
433 4
434 1
435 2
436 4
437 2
438 4
439 2
440 3
441 1
442 4
443 2
444 3
445 0
446 0
447 2
448 0
449 4
450 0
451 1
452 4
453 0
454 2
455 1
456 0
457 2
458 3
459 1
460 0
461 2
462 2
463 1
464 3
465 3
466 2
467 2
468 4
469 1
470 3
471 0
472 0
473 2
474 1
475 3
476 4
477 2
478 2
479 1
480 2
481 4
482 2
483 1
484 0
485 3
486 2
487 3
488 3
489 1
490 0
491 0
492 0
493 2
494 4
495 2
496 4
497 0
498 2
499 4
500 0
501 1
502 4
503 2
504 3
505 4
506 3
507 2
508 2
509 0
510 0
511 3
512 1
513 0
514 2
515 2
516 3
517 1
518 3
519 1
520 3
521 2
522 3
523 3
524 4
525 4
526 4
527 1
528 1
529 2
530 2
531 1
532 1
533 3
534 2
535 3
536 1
537 4
538 1
539 2
540 4
541 1
542 0
543 2
544 3
545 1
546 3
547 3
548 1
549 0
550 4
551 1
552 1
553 0
554 4
555 1
556 1
557 0
558 2
559 3
560 1
561 1
562 4
563 1
564 1
565 3
566 0
567 3
568 3
569 1
570 2
571 3
572 4
573 3
574 3
575 4
576 0
577 3
578 3
579 2
580 3
581 4
582 0
583 4
584 0
585 0
586 4
587 2
588 0
589 4
590 0
591 3
592 4
593 0
594 2
595 2
596 1
597 1
598 3
599 2
600 0
601 2
602 4
603 3
604 0
605 2
606 2
607 2
608 4
609 4
610 1
611 1
612 1
613 4
614 1
615 0
616 2
617 4
618 0
619 2
620 4
621 3
622 0
623 1
624 1
625 2
626 3
627 2
628 3
629 0
630 2
631 1
632 4
633 0
634 0
635 2
636 3
637 0
638 1
639 1
640 2
641 2
642 4
643 4
644 3
645 1
646 4
647 1
648 2
649 1
650 4
651 2
652 0
653 4
654 2
655 3
656 2
657 2
658 1
659 4
660 1
661 4
662 4
663 2
664 4
665 0
666 0
667 4
668 3
669 4
670 2
671 2
672 3
673 4
674 2
675 3
676 3
677 2
678 2
679 0
680 2
681 1
682 3
683 2
684 4
685 3
686 4
687 1
688 4
689 2
690 3
691 3
692 1
693 3
694 0
695 2
696 4
697 0
698 1
699 0
700 1
701 4
702 1
703 0
704 4
705 2
706 4
707 2
708 1
709 1
710 3
711 2
712 3
713 1
714 1
715 2
716 3
717 0
718 0
719 4
720 1
721 4
722 1
723 0
724 2
725 1
726 3
727 4
728 1
729 2
730 1
731 1
732 1
733 0
734 2
735 3
736 1
737 3
738 3
739 4
740 0
741 0
742 0
743 4
744 1
745 3
746 2
747 1
748 4
749 3
750 1
751 3
752 3
753 0
754 2
755 0
756 2
757 4
758 3
759 0
760 2
761 4
762 3
763 1
764 2
765 0
766 1
767 2
768 0
769 4
770 3
771 0
772 4
773 2
774 3
775 0
776 4
777 4
778 4
779 2
780 3
781 2
782 2
783 1
784 1
785 0
786 3
787 4
788 2
789 3
790 1
791 1
792 0
793 1
794 2
795 2
796 1
797 1
798 4
799 1
800 0
801 1
802 0
803 1
804 4
805 2
806 4
807 3
808 2
809 3
810 1
811 2
812 0
813 4
814 2
815 4
816 0
817 0
818 1
819 0
820 0
821 4
822 2
823 3
824 4
825 1
826 3
827 3
828 1
829 2
830 1
831 2
832 0
833 1
834 3
835 2
836 4
837 0
838 4
839 1
840 0
841 4
842 1
843 4
844 2
845 0
846 2
847 4
848 0
849 2
850 4
851 1
852 3
853 0
854 3
855 4
856 4
857 4
858 0
859 3
860 3
861 0
862 1
863 1
864 0
865 3
866 0
867 4
868 0
869 2
870 3
871 1
872 0
873 4
874 3
875 3
876 4
877 1
878 4
879 1
880 2
881 2
882 1
883 4
884 4
885 0
886 3
887 1
888 3
889 0
890 4
891 3
892 2
893 4
894 3
895 2
896 1
897 0
898 0
899 4
900 0
901 4
902 1
903 3
904 3
905 3
906 2
907 1
908 2
909 4
910 1
911 2
912 2
913 0
914 1
915 4
916 1
917 0
918 3
919 3
920 4
921 2
922 2
923 1
924 0
925 1
926 3
927 3
928 0
929 1
930 1
931 4
932 0
933 3
934 2
935 4
936 3
937 0
938 4
939 4
940 0
941 0
942 4
943 3
944 3
945 4
946 3
947 0
948 2
949 3
950 1
951 2
952 0
953 4
954 0
955 4
956 0
957 4
958 2
959 1
960 3
961 3
962 4
963 0
964 1
965 2
966 0
967 1
968 3
969 1
970 0
971 2
972 1
973 2
974 2
975 2
976 1
977 2
978 1
979 0
980 2
981 0
982 1
983 4
984 4
985 3
986 4
987 3
988 2
989 0
990 4
991 1
992 0
993 3
994 1
995 3
996 1
997 1
998 3
999 4