250
45
135 111 466
162 220 673
246 137 945
135 29 611
44 194 492
57 142 92
59 225 59
204 98 712
83 95 894
74 232 813
226 15 402
233 213 548
109 143 906
214 90 164
156 116 117
152 190 35
39 70 387
79 208 904
33 196 552
8 150 131
52 158 569
220 24 68
184 119 882
7 40 830
211 238 448
145 146 430
104 39 846
203 74 554
59 217 683
117 14 944
6 208 413
199 209 560
82 67 812
25 220 899
48 155 883
1 58 477
46 177 873
70 159 23
145 114 18
95 116 514
189 181 269
138 235 697
86 28 770
179 143 48
16 77 114
0 0
1 1
2 0
3 1
4 0
5 0
6 1
7 0
8 1
9 1
10 0
11 1
12 1
13 1
14 1
15 0
16 1
17 1
18 1
19 0
20 1
21 1
22 0
23 1
24 1
25 1
26 0
27 0
28 0
29 0
30 0
31 1
32 1
33 0
34 0
35 0
36 0
37 0
38 0
39 1
40 1
41 0
42 1
43 1
44 1
45 0
46 1
47 0
48 1
49 1
50 0
51 0
52 0
53 0
54 1
55 1
56 1
57 0
58 0
59 1
60 0
61 1
62 1
63 1
64 0
65 0
66 1
67 1
68 0
69 1
70 0
71 1
72 1
73 1
74 1
75 0
76 0
77 0
78 1
79 1
80 1
81 0
82 0
83 0
84 0
85 1
86 1
87 1
88 0
89 0
90 0
91 0
92 0
93 1
94 0
95 1
96 0
97 0
98 0
99 1
100 1
101 1
102 0
103 0
104 0
105 1
106 0
107 1
108 1
109 0
110 1
111 0
112 0
113 1
114 0
115 0
116 0
117 0
118 1
119 0
120 0
121 1
122 0
123 0
124 1
125 1
126 1
127 1
128 1
129 1
130 0
131 1
132 0
133 0
134 0
135 1
136 1
137 0
138 0
139 0
140 1
141 0
142 1
143 1
144 1
145 1
146 0
147 1
148 1
149 0
150 0
151 1
152 1
153 0
154 0
155 0
156 1
157 0
158 1
159 1
160 1
161 0
162 1
163 0
164 0
165 0
166 0
167 1
168 0
169 1
170 0
171 0
172 0
173 0
174 0
175 1
176 0
177 0
178 1
179 0
180 1
181 1
182 1
183 0
184 1
185 0
186 1
187 1
188 0
189 0
190 0
191 1
192 1
193 1
194 0
195 1
196 1
197 1
198 1
199 0
200 1
201 1
202 0
203 0
204 1
205 0
206 1
207 0
208 0
209 1
210 1
211 0
212 1
213 1
214 1
215 0
216 1
217 0
218 0
219 0
220 0
221 1
222 0
223 0
224 1
225 0
226 1
227 0
228 0
229 0
230 1
231 0
232 0
233 0
234 0
235 1
236 0
237 1
238 1
239 0
240 1
241 1
242 1
243 1
244 1
245 1
246 1
247 1
248 1
249 0