1000
3015
519 518 399
573 544 254
983 234 402
393 93 61
80 43 55
48 764 893
561 246 48
667 895 204
4 559 554
717 781 310
700 557 57
59 218 715
150 361 762
849 290 873
907 636 17
486 196 527
786 920 13
709 571 409
99 484 598
903 336 909
208 328 523
170 332 499
227 115 378
453 753 239
39 171 990
512 694 392
352 881 87
633 642 727
309 231 996
700 820 943
717 962 993
641 479 63
964 46 702
863 621 96
146 7 453
391 757 916
31 411 319
183 925 973
859 509 826
856 872 368
472 675 818
347 194 341
156 321 117
34 555 12
646 728 193
88 916 126
558 808 532
829 848 69
937 294 585
392 566 489
573 758 700
130 145 808
511 3 333
92 569 763
917 349 344
471 707 569
257 155 2
575 908 11
270 945 461
451 990 3
912 178 643
197 886 884
603 82 946
800 321 835
323 263 726
475 263 240
749 352 258
59 980 550
462 282 23
923 658 522
424 805 396
101 454 981
633 618 853
960 91 230
528 767 897
261 298 572
804 331 73
532 751 392
632 192 572
815 287 335
516 445 276
649 445 24
929 797 708
31 17 657
312 838 507
629 334 588
118 126 553
105 544 517
751 75 928
425 82 133
564 245 204
549 996 407
212 565 418
631 996 482
884 134 155
391 759 123
723 579 570
380 872 562
273 228 905
423 635 776
444 203 19
802 807 524
620 725 239
340 666 396
579 251 30
766 202 470
990 420 172
230 80 730
21 940 212
59 729 713
77 107 290
941 426 250
928 128 900
421 418 912
665 877 310
15 285 849
23 608 518
246 926 345
918 657 394
671 970 953
34 54 81
670 30 649
120 76 687
287 582 563
414 532 395
618 257 985
390 843 908
685 664 223
166 44 258
464 327 963
513 372 655
188 954 173
847 645 593
374 900 941
847 414 514
558 609 89
698 513 513
103 154 608
601 477 338
421 480 952
816 462 842
118 838 940
25 814 924
41 170 771
501 99 190
134 831 950
194 243 324
18 93 737
334 337 822
392 796 216
121 268 951
818 298 849
28 918 336
235 192 921
388 773 858
260 42 111
854 244 452
181 697 869
559 271 97
920 445 965
83 493 908
82 783 128
646 441 407
533 287 337
539 124 29
152 376 507
125 493 256
117 514 39
337 990 26
827 294 622
498 286 472
72 129 875
106 801 239
33 731 476
59 600 459
730 205 74
726 63 159
19 679 518
979 950 386
963 157 995
420 772 337
436 776 979
796 394 304
484 334 60
884 982 240
49 825 2
787 614 809
164 470 110
65 573 661
504 172 943
340 725 25
399 256 246
300 596 714
807 385 457
884 209 248
128 804 525
314 404 557
775 261 505
819 389 433
225 242 464
723 501 965
65 679 770
245 249 327
913 777 936
745 63 761
520 253 632
532 810 929
543 265 701
387 560 539
605 169 691
355 45 867
658 897 673
689 44 535
170 836 289
282 699 796
536 376 996
544 839 680
85 455 933
783 212 385
127 219 247
531 58 0
738 353 526
458 775 222
139 638 197
736 326 708
277 479 470
556 366 721
698 696 371
488 611 511
376 746 462
314 98 864
845 222 12
301 860 582
523 44 29
894 578 869
518 476 699
408 893 533
326 644 579
848 681 384
191 697 308
874 893 68
231 503 709
785 457 596
932 231 242
388 715 696
160 659 361
495 879 469
169 141 238
45 768 254
456 896 976
556 689 411
839 320 195
650 684 62
805 431 406
484 904 926
308 425 107
467 638 829
982 130 385
255 988 919
925 836 414
639 747 870
478 160 641
538 743 567
599 370 908
422 350 65
918 117 463
493 580 64
569 174 871
165 85 469
469 385 620
623 634 859
503 367 7
327 859 719
400 71 583
438 582 390
390 211 170
29 286 30
818 177 201
625 537 992
8 93 166
712 428 542
180 482 417
105 406 174
953 977 607
665 729 451
68 752 898
0 756 382
268 158 859
159 876 621
616 90 436
415 948 906
275 890 252
654 255 52
720 266 778
827 885 111
799 983 686
902 912 273
940 714 830
960 640 518
116 371 874
185 384 513
774 454 501
682 632 130
493 847 342
268 515 183
327 144 745
962 668 222
214 394 611
350 292 724
18 286 215
681 97 326
566 11 943
600 206 840
802 198 184
337 778 908
721 492 682
749 56 735
849 357 129
394 179 886
73 252 639
345 755 690
157 161 863
935 400 459
869 800 748
203 366 522
476 214 268
13 191 299
475 562 715
375 465 211
88 199 827
491 453 953
180 928 130
183 594 446
631 156 425
424 281 462
703 123 778
287 848 929
49 918 305
650 749 187
559 456 975
981 24 367
887 531 310
799 228 399
370 477 236
526 383 786
164 310 585
379 259 757
647 138 511
675 23 120
35 667 693
592 761 487
16 108 682
744 393 905
943 835 269
321 337 242
51 184 532
758 753 442
368 992 203
260 853 772
478 239 26
9 632 767
274 678 389
364 313 793
661 571 959
538 265 77
819 712 141
816 938 779
590 344 472
213 201 364
542 221 805
844 976 478
626 932 583
44 393 275
824 294 959
621 841 21
252 474 370
43 307 988
103 342 606
836 506 404
869 804 689
634 487 94
1 877 971
755 80 300
87 740 939
578 289 364
65 487 931
415 197 3
292 170 474
88 84 266
283 182 831
283 108 419
37 879 204
285 2 384
577 82 154
283 995 245
889 965 815
890 398 337
97 804 934
3 512 716
42 209 991
766 476 904
498 992 487
240 843 173
335 238 353
459 173 509
321 346 903
834 435 529
343 267 238
382 871 384
96 330 993
152 197 350
352 576 943
355 291 708
453 674 186
341 871 918
856 790 937
919 900 751
532 968 59
5 360 478
720 747 327
132 708 906
337 634 528
287 903 570
691 271 74
338 188 313
477 394 547
458 439 554
79 157 45
77 602 914
928 656 142
75 31 339
842 380 237
283 386 147
242 580 941
601 416 49
988 974 379
752 98 901
5 158 150
886 726 47
188 828 903
829 469 598
820 556 252
622 84 175
606 492 643
228 139 693
353 157 763
543 177 454
94 344 949
53 249 458
261 954 630
4 680 461
104 333 403
231 964 997
871 272 697
365 189 612
800 483 301
848 561 26
229 932 932
459 452 120
269 835 790
580 141 71
218 749 704
291 930 912
796 103 520
604 432 798
308 793 968
460 624 747
382 614 600
586 620 4
462 257 700
958 405 805
699 90 801
228 76 738
274 384 821
181 536 646
759 659 563
584 699 980
239 368 767
39 671 790
859 388 489
444 555 731
20 40 573
367 219 418
686 48 761
38 656 558
209 649 106
975 484 786
920 357 123
660 528 847
434 236 529
908 669 957
932 459 97
592 642 357
811 625 631
945 968 341
245 940 290
264 535 907
289 630 891
785 300 948
842 19 742
625 447 783
744 200 174
547 437 40
665 809 980
932 349 894
580 650 117
57 351 475
159 317 161
236 521 298
276 559 888
936 757 984
131 971 752
930 218 935
157 465 937
637 76 249
545 126 16
423 539 843
564 874 950
562 321 802
914 243 762
700 880 215
509 767 874
537 586 535
201 171 934
373 718 807
710 200 236
925 215 794
339 403 245
420 953 434
959 361 938
815 487 689
84 461 331
83 770 513
664 80 414
603 243 517
32 745 658
810 116 705
333 444 853
474 537 866
35 158 855
397 646 970
664 977 280
507 211 439
350 1 385
130 196 738
935 223 469
962 182 720
966 602 543
411 586 151
49 732 786
572 91 206
640 682 892
280 654 137
484 447 337
732 750 383
495 744 328
203 209 560
600 185 109
543 74 212
207 46 378
461 350 225
383 576 728
130 708 26
764 609 490
110 529 104
166 407 266
774 121 395
251 320 561
587 63 483
19 965 875
488 8 8
950 370 41
493 51 244
577 247 895
979 539 781
316 428 103
413 138 323
320 844 728
703 593 388
402 617 441
125 748 898
623 128 841
560 447 104
645 477 619
125 889 297
592 73 960
206 23 435
40 639 654
975 525 205
849 0 344
948 191 558
347 991 455
391 159 364
263 571 707
970 819 662
264 214 812
637 649 952
263 879 630
619 592 574
596 860 761
369 520 779
899 791 38
533 595 507
328 551 441
988 820 740
749 476 679
137 850 435
846 191 601
567 373 343
854 83 181
725 256 439
726 741 254
860 610 888
85 504 13
589 612 152
344 155 43
292 432 563
977 154 971
54 164 349
251 173 681
603 126 789
461 665 532
254 447 501
163 213 321
611 900 537
63 737 911
339 905 703
209 653 146
760 718 982
376 386 978
897 794 240
835 680 638
827 780 269
600 285 921
196 648 254
163 707 755
725 514 814
30 991 185
507 177 788
494 926 360
484 367 633
920 756 491
620 945 896
569 469 867
620 99 381
811 510 403
455 147 19
639 173 939
390 613 885
106 789 833
589 821 55
646 763 330
950 944 877
939 989 290
355 866 366
834 918 188
898 38 486
233 770 270
581 204 40
488 932 181
441 154 41
19 404 899
432 421 344
277 737 16
466 166 574
609 450 937
485 254 32
71 972 393
190 811 804
484 97 890
961 177 242
853 488 676
942 821 140
843 175 455
717 635 1
988 348 279
929 330 627
302 367 669
752 871 453
61 897 526
587 294 35
247 726 951
221 651 988
158 690 461
985 913 624
128 454 424
256 757 134
296 1 136
369 540 732
112 373 813
269 786 34
885 598 448
833 766 919
985 172 182
921 339 683
721 936 635
836 293 638
405 104 583
479 738 634
552 669 621
317 545 897
795 431 45
637 116 80
843 964 798
721 299 50
839 144 995
246 357 969
542 692 186
964 137 155
894 379 832
650 833 101
633 783 152
304 608 826
395 213 735
800 827 90
182 496 486
271 493 413
294 674 965
279 306 733
449 933 520
452 118 433
226 403 173
999 467 537
810 344 100
303 87 93
373 896 613
903 956 36
832 526 730
321 3 975
243 186 782
758 99 323
84 313 986
635 135 321
439 51 936
872 728 99
863 482 338
146 525 659
224 819 260
894 702 913
455 110 15
673 617 44
135 590 104
898 860 10
469 678 507
806 747 999
428 915 638
183 10 308
663 402 350
963 895 702
259 721 878
991 157 809
166 404 116
808 771 145
796 841 430
398 190 160
150 584 887
878 672 705
654 847 359
380 901 820
898 794 94
328 186 545
308 215 40
569 830 851
280 726 368
445 343 617
514 797 558
580 718 450
443 933 2
726 432 763
235 159 332
748 6 413
452 577 340
915 838 180
113 103 19
856 830 423
812 637 547
312 981 118
994 118 705
203 130 369
491 770 342
373 18 605
555 711 865
22 10 3
44 913 717
355 372 539
47 258 281
330 302 313
8 753 644
960 436 346
237 554 72
735 222 110
87 678 843
346 866 53
89 88 90
662 400 367
446 485 677
590 86 923
557 994 818
568 633 621
320 209 643
943 556 199
858 391 929
431 962 484
894 693 623
897 486 69
470 916 372
222 439 742
130 317 825
306 669 340
723 975 391
97 187 817
90 327 352
78 161 411
615 334 769
195 647 564
287 142 416
694 875 661
688 667 504
177 259 235
790 499 313
280 441 795
915 45 457
325 634 837
77 903 124
150 96 343
101 663 188
772 673 710
891 643 786
236 508 262
944 883 252
163 992 459
70 219 944
301 361 615
952 38 769
995 56 198
506 555 27
70 995 862
56 794 574
70 284 562
108 247 591
813 713 333
927 43 265
646 10 489
514 921 398
775 842 653
824 118 501
823 699 99
234 157 523
402 90 855
823 264 292
625 253 271
479 722 912
737 722 597
893 793 572
687 989 391
423 201 244
536 854 713
27 497 230
115 996 260
927 975 653
984 17 388
912 75 269
720 411 487
231 613 975
622 741 154
506 734 965
120 381 364
248 169 182
263 917 710
925 910 219
300 226 418
696 701 773
239 270 627
486 316 241
147 367 828
227 726 525
684 508 873
691 384 229
791 581 789
174 239 595
642 903 191
395 308 768
654 937 979
353 388 356
155 454 478
530 694 273
384 96 339
674 987 250
429 628 161
266 337 883
759 788 79
846 645 906
401 257 693
19 454 124
591 149 927
815 750 59
749 918 900
110 217 432
423 732 368
97 276 614
931 383 456
996 313 611
954 992 530
569 184 641
749 274 932
752 290 429
36 498 791
216 119 594
402 766 950
995 392 390
299 653 380
529 413 564
869 196 163
56 487 941
986 531 533
196 220 463
313 851 147
365 133 441
891 407 884
506 206 20
591 424 829
926 471 58
404 691 496
259 14 859
475 343 918
911 621 292
127 778 149
378 412 409
637 405 226
956 2 702
148 514 513
538 313 481
49 274 883
930 381 201
139 840 556
872 762 961
122 466 365
339 90 814
703 682 360
915 594 937
137 368 646
844 206 851
782 554 757
597 543 812
357 876 115
417 164 353
616 521 193
918 529 859
287 727 663
491 551 792
279 759 53
443 357 524
237 629 203
229 895 614
790 739 180
432 254 342
583 203 660
298 772 397
496 599 768
374 872 873
913 715 513
591 683 471
73 595 588
377 898 200
594 391 851
233 317 315
299 225 813
738 947 705
705 575 446
90 612 787
449 782 603
430 704 107
278 373 20
961 331 168
323 396 280
729 160 593
364 525 281
425 861 865
377 534 243
495 759 493
100 825 202
784 553 204
565 291 812
780 821 367
452 683 262
584 652 144
562 56 661
738 576 381
449 728 115
603 512 297
610 398 965
21 742 107
802 425 202
679 418 959
815 561 274
561 819 389
0 206 323
829 118 866
779 403 112
772 406 821
274 66 16
582 122 289
172 245 50
713 31 313
500 401 103
179 230 18
455 823 766
714 681 563
891 58 928
729 149 529
336 533 640
6 916 254
724 377 538
576 339 380
317 394 27
123 629 204
422 231 727
797 463 587
647 675 617
83 445 900
962 978 785
303 65 858
254 653 333
618 251 828
228 431 705
224 567 967
339 766 747
262 734 355
49 582 88
807 29 775
800 329 280
36 898 50
375 239 52
494 316 736
142 426 340
746 59 344
409 788 386
115 598 875
621 391 290
783 708 227
553 105 712
415 435 381
8 825 238
258 954 120
758 133 79
333 667 70
586 501 740
850 282 1
354 155 892
989 302 847
336 250 100
911 369 972
320 324 910
217 836 728
345 145 335
489 791 500
176 200 710
915 228 52
502 814 108
171 260 162
754 753 742
728 69 866
659 740 848
589 541 367
982 971 120
428 215 660
10 262 193
988 810 470
207 690 35
459 183 748
764 150 799
26 814 816
806 149 595
21 80 424
407 794 98
434 111 100
822 917 674
870 538 902
191 687 77
423 636 93
940 888 102
519 712 155
357 575 969
36 308 984
142 183 988
324 202 268
130 320 459
915 315 767
909 915 638
302 392 93
670 208 51
400 168 632
812 451 733
310 263 298
971 32 494
126 549 195
237 124 512
940 829 503
992 283 563
966 978 487
373 261 391
920 345 560
502 666 812
711 779 35
482 767 551
197 743 264
220 236 540
574 222 894
326 362 378
78 307 0
331 725 879
667 94 57
286 640 794
159 374 328
680 236 791
998 697 130
973 48 306
490 52 980
976 873 957
741 7 614
675 824 384
976 592 595
859 295 424
662 217 994
801 677 62
57 571 907
871 551 323
42 746 459
447 67 791
490 263 318
657 676 302
185 638 658
123 90 829
363 922 665
173 689 607
479 784 556
95 726 92
553 378 864
308 577 99
599 986 415
342 237 197
192 953 353
145 663 84
332 19 505
916 782 908
241 121 262
899 869 268
991 517 666
795 622 251
501 830 542
962 572 401
720 104 176
977 671 104
484 841 828
591 179 477
198 244 635
569 315 580
979 364 612
465 425 857
205 77 534
23 630 639
92 586 500
127 897 731
80 244 860
809 497 832
718 925 373
418 824 609
173 78 540
183 758 387
879 302 472
448 402 599
435 949 550
258 574 160
80 357 238
792 363 542
221 38 582
385 62 487
67 158 852
779 261 276
846 119 737
717 767 231
75 783 187
651 724 20
73 681 518
992 411 392
718 257 604
903 273 749
398 360 345
866 177 315
933 41 73
929 692 626
324 927 685
863 77 695
751 214 76
152 747 391
416 238 775
827 875 127
69 575 775
365 709 182
908 966 552
999 580 219
908 297 992
180 934 603
705 702 138
98 908 391
854 279 704
729 476 459
383 683 886
863 377 744
67 183 849
515 542 614
311 581 37
924 933 238
459 578 445
856 782 945
265 351 52
311 122 388
885 88 562
73 939 73
853 410 217
709 381 574
684 852 207
708 497 948
138 359 656
998 673 531
355 670 536
895 793 390
68 739 5
472 170 293
367 957 484
0 69 167
469 77 529
724 292 395
613 329 804
418 695 674
143 355 781
460 256 653
836 956 514
328 399 481
347 215 163
594 924 809
663 806 748
519 345 384
388 564 132
255 750 471
999 959 93
940 925 59
610 546 475
903 411 317
123 270 199
317 559 674
169 167 387
253 933 256
697 18 887
752 244 152
768 961 9
511 144 500
624 726 920
896 905 735
667 686 474
621 501 708
144 307 98
868 261 486
76 906 992
701 415 810
745 790 698
753 466 155
412 642 774
123 625 227
806 242 107
224 451 568
778 355 308
703 744 336
276 411 285
228 423 505
566 293 842
636 798 709
273 883 929
850 78 704
390 423 128
447 644 52
127 373 459
728 974 809
622 454 71
762 73 879
326 34 577
195 42 794
848 678 844
826 57 665
324 827 696
123 5 194
267 4 445
841 845 188
516 384 629
431 752 741
14 155 951
108 513 800
737 83 843
547 895 396
931 606 755
463 352 291
670 629 171
406 705 795
606 80 297
834 661 69
989 794 73
5 204 403
111 804 203
886 256 713
85 942 408
68 564 84
176 360 378
213 762 45
820 592 458
563 859 566
802 243 638
815 287 142
553 869 571
711 115 688
286 96 698
448 790 148
212 623 995
241 937 898
442 929 843
719 377 917
424 896 685
866 561 959
842 107 271
460 502 994
849 770 944
540 145 793
586 827 507
752 686 850
504 591 28
515 523 959
20 660 419
867 192 643
781 585 791
417 545 156
117 139 950
433 418 199
224 542 250
332 751 816
396 679 465
286 372 228
609 299 813
291 977 0
99 746 754
372 70 300
519 533 829
573 850 652
273 133 617
956 105 446
955 595 787
72 840 947
171 627 81
100 56 733
570 221 888
870 766 642
564 830 272
439 441 904
529 301 25
273 186 58
93 614 487
942 185 132
576 928 476
842 727 419
324 11 140
237 305 80
929 803 742
626 587 726
844 458 435
419 651 133
545 895 326
643 23 930
620 432 792
80 793 311
953 774 684
608 209 171
978 988 177
665 664 647
692 369 896
781 400 976
243 487 732
869 153 532
360 753 311
504 451 649
524 732 5
30 830 492
205 774 763
60 182 95
649 470 237
953 76 181
547 161 245
105 35 529
179 553 335
98 178 673
470 189 604
280 402 581
609 256 346
371 780 865
696 253 812
808 949 363
506 357 15
770 342 282
508 68 525
9 860 444
717 954 752
2 132 59
165 923 776
444 580 293
103 968 628
163 805 234
343 538 324
854 170 977
372 88 956
188 665 290
773 907 226
693 291 469
532 342 490
614 738 942
445 540 853
639 217 79
43 109 922
327 488 5
84 539 112
632 453 512
556 486 484
559 306 579
35 724 799
828 512 788
512 793 882
505 637 108
985 311 586
741 810 623
99 430 417
318 25 342
30 467 171
863 447 244
311 377 530
643 621 775
947 586 403
563 313 238
414 657 722
627 128 82
215 787 745
973 39 704
62 135 147
731 95 821
688 872 404
69 608 276
953 545 710
458 206 911
455 953 680
278 281 122
198 64 328
810 593 318
107 267 902
729 582 840
847 396 260
692 390 834
960 387 184
970 726 445
334 263 648
19 467 269
733 589 232
434 113 631
270 909 67
597 470 713
952 980 7
797 494 832
739 883 686
404 659 379
273 961 200
198 803 469
753 411 279
59 606 621
87 181 240
833 413 365
827 878 964
296 452 922
61 301 694
72 86 769
807 924 901
886 853 421
311 724 222
762 963 723
987 770 63
694 975 274
546 540 115
739 746 339
831 464 841
762 231 140
194 153 398
392 606 746
792 875 423
410 85 532
561 531 925
161 304 17
403 199 352
656 311 760
643 534 134
543 611 390
74 72 152
620 726 175
319 902 530
210 200 102
164 252 878
981 710 938
416 319 389
371 22 385
193 772 693
281 717 962
964 405 107
921 278 125
272 48 125
389 86 825
964 251 531
379 552 471
519 848 622
372 751 827
132 62 857
740 280 936
101 309 641
41 403 348
941 142 353
403 748 398
645 582 733
671 232 672
600 433 522
131 133 883
963 913 369
247 980 860
751 812 101
570 190 367
614 742 573
711 94 750
994 395 99
331 289 819
803 183 89
493 695 931
882 578 958
970 532 256
537 802 18
789 141 535
657 448 216
626 349 842
198 854 331
214 457 93
815 350 722
666 995 641
718 479 70
364 936 757
228 866 801
972 932 886
148 288 43
378 681 981
412 32 135
903 595 1
228 149 266
600 935 10
153 807 492
546 850 456
15 639 100
316 874 427
881 678 662
27 438 784
514 991 632
906 201 776
448 642 66
162 732 582
305 338 200
778 106 441
814 943 26
270 164 117
158 668 73
331 634 825
285 593 420
313 258 356
187 802 543
598 901 614
305 527 240
100 345 857
398 591 62
230 89 313
958 610 39
396 942 202
80 827 770
827 775 809
492 522 219
297 675 774
499 927 807
280 142 189
275 446 38
847 441 604
249 628 269
439 908 48
508 131 260
616 715 619
654 337 370
246 223 450
173 4 289
473 303 5
208 611 393
493 779 261
682 909 800
2 381 80
19 564 517
76 188 382
738 638 299
795 324 804
739 900 366
563 380 792
773 538 460
868 285 293
660 719 314
619 83 528
68 366 5
670 619 397
315 777 708
787 944 651
664 234 184
931 766 716
673 778 900
646 244 922
463 673 449
417 316 706
363 271 195
795 658 314
587 127 488
444 126 884
601 910 420
988 773 752
154 78 374
451 835 888
534 516 645
599 577 222
910 219 934
204 884 354
652 736 893
812 549 743
111 848 440
489 242 625
388 358 453
998 189 697
289 221 326
213 282 567
460 30 398
359 584 885
223 444 495
876 499 514
654 243 418
646 482 344
2 448 601
389 530 794
51 186 409
466 664 391
132 192 147
479 455 964
566 957 601
119 597 861
608 440 377
930 633 888
771 556 945
663 686 869
193 677 69
668 987 989
868 497 754
372 889 652
343 552 508
775 856 278
248 910 527
364 713 456
206 705 624
862 460 189
44 677 340
423 938 404
370 534 725
752 817 440
671 387 414
201 991 146
684 256 138
519 286 852
257 367 408
101 596 565
124 603 812
680 510 852
129 401 453
577 570 154
701 590 977
368 411 245
334 131 982
739 848 751
35 588 716
172 639 912
503 582 434
895 353 304
765 610 203
539 942 822
817 240 651
578 152 141
111 261 577
726 532 841
879 439 100
475 362 270
351 751 535
267 176 513
497 427 518
584 200 528
258 280 772
700 249 61
613 296 822
15 421 751
331 227 983
795 915 650
125 847 257
394 890 943
832 902 633
162 349 552
392 867 217
510 51 94
664 497 250
447 428 203
194 381 558
321 993 538
940 141 738
498 581 718
897 999 144
262 834 666
175 945 938
248 257 660
125 427 434
186 610 236
899 727 733
727 645 872
81 941 828
971 419 765
268 923 288
146 519 366
921 686 80
302 491 641
679 117 475
112 347 507
257 355 463
401 703 957
312 311 835
307 496 791
910 744 86
996 709 301
982 885 942
818 125 352
913 6 467
313 20 782
742 57 139
212 781 509
571 797 40
915 621 878
415 153 806
345 323 991
132 964 887
408 523 161
214 408 474
556 23 829
968 864 487
491 286 981
821 546 975
770 858 824
75 998 466
347 215 766
348 815 519
800 489 44
542 743 273
743 334 41
6 434 986
367 31 384
810 951 500
346 332 334
305 420 314
474 835 952
574 931 443
810 133 498
253 402 918
377 694 822
406 769 859
761 162 354
181 26 645
634 478 551
262 158 51
885 548 413
697 827 630
15 438 922
125 566 804
341 361 508
494 144 359
921 989 603
933 615 335
954 756 793
504 451 898
733 714 72
51 444 40
634 304 355
37 854 863
395 617 689
231 517 144
537 244 280
935 209 38
177 12 496
318 881 654
140 764 610
815 56 762
135 183 478
248 171 812
46 79 26
669 493 324
160 332 969
202 641 20
833 843 150
795 269 997
67 797 600
311 492 491
619 561 311
913 81 517
139 368 6
380 307 831
436 499 662
1 900 52
561 902 319
607 979 605
349 786 332
802 212 193
700 572 437
847 994 46
168 916 731
86 237 857
791 604 688
864 753 775
913 245 120
628 993 927
737 60 315
406 471 426
274 500 132
466 910 287
678 940 38
580 522 100
348 320 993
758 867 310
703 451 570
880 45 219
706 177 473
387 405 990
847 148 375
741 13 462
439 692 383
598 46 891
872 662 382
326 81 312
91 684 458
382 379 477
536 249 439
559 425 995
594 809 870
932 19 175
581 221 617
57 11 601
181 120 715
277 971 317
570 98 841
440 990 795
231 166 128
813 469 210
455 323 984
572 146 582
406 1 626
166 725 973
504 331 385
887 636 96
37 737 159
122 965 982
513 925 25
693 943 699
50 514 136
976 949 850
443 19 886
890 751 991
553 335 264
816 450 130
951 671 114
548 603 528
357 627 602
34 658 258
995 456 577
394 408 549
862 781 576
776 3 273
997 952 595
621 520 306
304 837 492
557 279 662
672 733 115
24 784 590
381 787 587
635 308 928
889 403 989
585 486 366
31 540 223
81 729 567
307 120 327
624 640 751
992 870 924
612 148 356
475 277 75
10 987 230
179 575 188
495 789 713
37 270 191
629 795 393
495 470 934
816 427 999
553 331 452
212 464 303
888 301 263
935 729 754
709 112 938
856 145 9
313 621 573
72 181 713
343 444 686
384 593 449
43 187 691
252 444 686
742 145 65
979 274 77
976 717 103
347 10 922
536 49 816
522 77 401
623 154 20
941 333 122
952 366 35
23 341 264
534 205 996
603 679 397
377 324 809
958 107 837
904 240 13
511 809 434
117 505 847
644 381 635
523 627 611
756 223 328
590 220 97
975 453 477
995 953 966
641 456 244
130 376 63
724 379 874
288 207 45
914 915 996
486 294 141
17 138 202
12 659 545
867 618 113
233 544 313
512 738 662
283 259 652
265 424 481
178 386 230
7 662 618
761 709 205
864 136 721
289 459 550
725 648 187
645 797 371
939 201 217
572 958 659
864 578 281
773 561 957
621 194 388
84 503 589
85 71 652
109 309 765
201 845 908
111 796 401
294 55 284
761 925 482
556 458 831
915 533 696
871 733 549
584 843 313
440 998 229
657 701 943
871 843 235
509 194 725
703 323 341
239 173 104
395 226 601
708 499 629
326 220 865
429 202 499
401 744 284
123 246 808
580 586 174
565 720 731
131 56 216
663 986 542
106 322 334
537 162 378
839 372 450
296 235 443
303 887 740
441 828 462
894 513 740
906 276 348
656 925 120
632 401 787
11 596 268
903 83 805
927 648 0
786 605 990
79 479 916
110 103 563
935 654 877
881 674 327
694 735 369
228 397 675
380 671 269
612 713 630
909 925 58
988 803 496
351 88 89
151 801 757
744 990 527
356 751 266
265 382 219
106 794 148
394 704 239
687 68 645
512 826 949
158 439 277
624 717 605
541 299 374
482 333 88
178 927 541
140 475 104
627 328 80
431 363 78
809 204 282
28 468 210
543 26 710
140 321 801
401 383 708
634 142 467
45 693 603
581 370 697
149 851 152
571 728 334
550 657 456
737 31 562
659 269 745
640 735 377
546 124 445
262 952 676
594 137 322
307 713 674
841 13 815
283 582 705
456 249 312
79 78 845
715 843 806
788 647 556
573 661 786
35 82 987
602 333 529
332 220 220
530 880 379
299 457 864
941 457 86
137 551 216
350 279 54
748 438 980
833 573 158
65 410 57
492 836 510
368 654 855
434 495 697
894 725 452
853 166 258
457 592 270
980 253 75
47 360 200
109 525 695
762 665 697
927 616 638
528 708 448
281 301 794
958 487 223
506 451 417
949 990 210
375 705 598
837 663 213
834 248 458
138 620 983
570 625 100
41 343 111
429 874 850
543 697 805
446 703 952
202 289 48
905 518 954
933 206 990
238 123 46
101 576 947
24 101 126
207 774 573
391 940 487
640 854 752
426 934 195
445 180 988
360 394 540
48 10 658
714 907 644
702 613 647
786 397 511
479 872 291
22 536 728
61 367 54
673 469 852
625 66 714
836 938 10
473 880 757
622 666 185
243 960 937
320 153 804
970 335 473
887 970 740
204 995 31
973 375 235
601 509 263
735 36 113
449 40 111
888 686 187
211 412 805
274 527 771
329 413 354
64 747 140
43 164 71
745 119 145
484 521 711
954 546 640
704 520 850
925 772 751
786 784 977
61 350 23
213 931 4
246 906 959
637 993 294
483 5 760
214 862 3
687 159 275
486 3 420
821 103 727
740 481 277
75 699 278
828 883 464
636 711 50
106 760 584
832 94 370
860 207 646
831 253 970
319 865 974
863 9 845
417 278 250
974 198 654
647 857 21
759 783 46
871 405 153
781 898 779
645 939 203
665 672 377
701 458 287
179 240 587
435 796 701
893 537 24
655 635 214
995 526 962
657 287 573
322 927 320
7 924 955
526 208 680
140 603 427
833 280 896
672 805 323
861 329 927
160 800 489
399 31 581
371 623 775
187 407 368
973 129 935
790 772 822
15 414 957
256 802 717
579 18 555
865 440 985
236 507 201
308 801 716
512 299 912
684 249 524
299 960 787
947 630 499
286 763 387
122 247 223
61 228 155
234 111 27
780 494 804
749 876 10
225 316 62
188 466 857
12 421 231
652 415 888
296 165 633
230 45 89
526 779 967
708 433 115
811 447 620
274 200 362
506 108 123
541 619 241
577 82 818
7 400 297
142 880 37
516 429 89
552 320 207
222 11 483
239 591 421
415 607 130
10 565 697
205 785 412
166 374 684
865 529 883
340 797 692
91 247 758
954 150 734
989 535 301
571 119 72
455 646 812
646 912 282
599 808 46
489 826 799
521 769 334
14 7 261
797 69 272
419 603 530
611 979 80
958 359 831
328 926 493
803 809 936
546 16 416
297 504 334
30 948 81
406 135 958
377 876 971
966 622 10
425 286 789
220 12 103
423 127 820
731 109 813
545 271 421
50 197 7
181 614 131
631 620 945
663 85 895
240 721 5
107 197 702
589 704 289
780 418 393
521 873 82
228 84 346
180 1 813
532 353 662
92 98 304
418 486 146
468 230 133
474 402 492
117 485 390
976 668 861
589 53 524
38 817 48
69 660 147
296 840 677
151 295 723
300 64 115
304 235 500
736 70 468
123 554 177
513 549 843
862 87 855
424 50 522
857 631 112
352 717 734
394 445 629
258 10 967
792 44 726
367 228 142
829 881 164
622 631 684
745 988 676
808 763 693
135 321 595
399 152 920
772 871 725
428 115 80
1 821 361
444 624 115
370 68 147
541 614 920
283 70 682
634 47 134
609 508 81
761 255 68
626 715 110
791 48 877
666 690 955
128 853 944
451 495 830
991 437 939
905 36 154
261 224 996
382 204 982
649 150 417
170 106 843
57 168 294
974 82 439
313 613 750
927 84 746
331 87 99
130 223 545
512 848 995
893 757 214
134 996 79
404 178 180
253 38 853
603 403 339
524 758 13
625 354 899
231 284 156
195 386 705
604 724 173
349 276 617
264 363 893
653 810 891
821 3 384
588 688 427
150 25 954
868 998 840
506 734 56
774 545 501
718 494 400
587 399 562
849 921 284
300 12 499
692 666 713
312 262 28
189 780 728
674 919 720
749 242 844
266 354 3
493 335 314
195 103 584
691 850 463
971 704 419
996 524 801
408 109 750
409 879 243
16 597 483
23 77 514
754 709 758
767 932 646
796 506 212
390 543 984
156 23 706
319 822 841
660 173 803
346 782 709
50 204 948
72 581 33
991 844 345
229 797 251
715 902 291
732 147 15
912 260 401
51 827 593
645 464 104
206 215 320
318 709 661
116 434 219
567 716 542
694 128 480
498 903 410
486 386 263
553 166 802
271 727 572
485 799 265
525 969 838
831 530 868
116 281 268
133 723 843
874 657 271
418 653 764
707 786 964
626 978 345
283 848 576
464 284 593
708 429 571
730 117 251
51 4 826
726 156 557
244 876 158
241 276 697
845 273 349
41 240 225
711 287 336
768 574 388
1 30 216
766 518 853
495 306 474
768 737 337
960 998 846
241 278 379
998 91 479
159 954 375
977 662 604
541 203 388
347 3 648
188 925 686
767 464 440
623 670 186
121 603 646
92 773 106
538 803 180
532 855 261
833 57 109
864 173 904
906 711 323
14 409 173
314 529 946
372 307 510
935 986 115
754 753 448
481 346 193
849 70 225
465 806 531
916 440 398
109 384 834
996 961 87
804 605 233
370 298 580
120 941 951
831 431 796
363 791 82
52 631 364
550 409 4
820 653 441
872 778 378
223 246 587
444 114 226
138 940 532
384 47 776
2 600 656
166 508 40
430 605 534
834 538 705
599 853 890
192 850 273
665 627 819
518 64 133
306 80 560
1 236 555
178 469 545
100 183 556
300 899 731
751 661 372
649 482 784
275 447 810
316 988 140
360 335 577
80 217 507
320 834 443
81 222 573
901 163 951
726 16 595
131 171 242
637 352 171
992 509 514
703 517 325
350 309 972
728 325 104
108 233 253
844 484 594
995 838 711
213 284 593
180 466 548
928 712 978
38 361 885
921 205 528
565 757 839
737 216 381
385 647 963
496 347 387
144 327 511
375 449 223
35 235 191
246 692 868
735 912 71
168 540 71
0 354 112
994 283 435
476 866 386
79 870 118
140 599 134
512 623 544
319 645 734
615 45 195
18 264 10
710 526 611
545 979 654
615 871 246
509 499 360
330 197 727
810 264 899
261 910 54
577 927 399
899 604 111
87 758 790
110 726 71
810 867 612
592 290 253
950 738 318
806 435 386
4 850 321
701 834 16
531 331 887
895 80 873
316 350 435
979 308 768
424 657 624
295 709 594
659 411 913
393 405 754
624 128 48
252 410 185
232 485 618
487 624 210
293 51 401
393 16 841
337 747 353
1 945 809
377 579 612
401 745 314
47 132 113
782 594 223
893 650 532
79 298 550
254 257 265
504 231 933
235 530 901
661 317 335
99 173 254
657 692 552
215 730 192
504 380 249
25 167 138
411 733 162
904 956 5
354 293 947
9 887 179
855 470 753
431 74 546
527 317 519
952 496 488
281 987 347
800 856 408
363 492 797
951 481 213
125 103 490
75 610 305
587 234 958
918 234 452
981 844 35
651 549 691
113 556 220
557 189 755
783 106 923
592 33 458
773 204 945
539 904 574
991 502 578
425 735 325
441 6 503
339 474 605
897 724 82
482 533 748
103 578 238
723 94 447
389 214 674
6 975 621
357 501 825
119 903 546
402 293 617
570 453 89
213 768 433
452 186 253
529 188 494
785 85 853
591 249 62
132 144 268
914 868 647
801 171 128
5 707 996
287 241 273
279 825 23
820 977 334
481 278 37
147 772 30
502 902 674
252 552 691
147 576 19
256 96 24
757 728 320
331 847 964
749 497 892
127 738 942
213 163 121
210 341 270
361 164 507
598 653 677
478 175 133
78 14 186
462 436 150
344 477 814
27 116 710
4 415 353
662 185 915
278 730 42
96 90 727
126 398 579
185 168 800
941 948 398
910 865 412
331 355 13
761 658 338
461 587 190
608 589 46
190 177 876
342 555 990
242 643 161
865 558 543
130 425 759
2 924 995
598 921 151
329 905 657
311 889 330
294 848 265
455 269 949
812 331 726
324 16 42
758 820 548
196 39 397
840 618 391
920 917 8
195 145 801
322 473 247
362 767 793
101 671 272
963 170 254
663 677 561
614 28 138
675 997 881
750 44 968
292 766 129
509 601 410
376 893 920
640 367 444
34 294 55
836 957 333
774 447 731
41 814 174
151 727 731
140 293 819
186 499 661
581 900 709
228 524 770
882 33 47
73 966 163
899 452 556
553 235 676
507 503 315
250 174 905
122 622 89
186 646 929
187 295 339
541 246 484
97 620 65
555 78 388
615 680 69
651 393 575
678 944 39
180 63 873
104 608 756
889 94 928
750 328 398
56 982 40
946 797 768
864 637 682
786 690 995
310 407 883
701 658 808
38 276 90
165 746 197
71 920 480
553 713 971
655 307 825
888 516 996
867 394 489
789 491 523
692 934 179
442 994 165
907 514 124
466 698 196
590 947 149
498 581 617
972 471 490
519 575 421
967 715 723
350 181 631
291 652 493
489 578 385
801 311 80
486 307 552
880 0 165
801 681 231
130 246 147
982 908 633
488 986 847
279 274 483
930 754 344
474 861 882
235 614 982
124 538 746
857 729 821
209 905 943
7 755 52
514 430 609
132 910 70
275 7 510
267 742 449
605 128 189
656 108 824
327 576 898
657 150 269
917 30 350
315 69 750
100 688 191
922 294 387
808 456 791
71 933 47
888 940 270
862 558 608
513 821 803
283 739 489
597 788 616
687 96 694
828 314 17
578 233 248
183 727 412
76 895 325
498 660 349
159 914 773
857 249 581
200 51 964
777 223 448
175 865 228
311 257 646
384 860 242
229 761 904
242 878 725
694 740 863
994 772 654
181 748 160
994 208 511
80 423 274
416 480 51
574 926 532
274 768 24
277 532 296
341 952 555
869 904 405
357 205 645
893 344 233
430 205 19
245 625 35
697 936 335
675 57 379
517 873 405
780 944 881
775 500 902
201 519 734
462 71 341
300 940 468
0 960 366
357 209 976
31 556 596
669 999 933
912 282 681
534 780 190
719 765 944
785 831 651
477 234 665
941 370 626
907 143 755
906 685 885
251 703 542
154 410 142
504 249 152
664 887 216
73 295 21
304 462 211
340 689 692
584 543 174
773 935 783
492 162 462
320 269 643
750 50 789
323 614 184
126 389 424
742 963 756
802 49 733
355 691 64
92 197 735
671 182 391
295 396 39
165 789 821
37 687 520
412 679 818
62 150 179
112 369 103
84 199 446
695 350 294
929 258 756
715 694 516
473 468 233
908 835 335
172 500 70
261 291 925
373 37 265
901 217 467
956 243 144
555 407 61
174 430 104
741 943 100
63 311 902
818 279 41
702 828 981
669 506 647
954 67 3
139 378 61
308 913 211
359 950 784
918 579 88
209 25 635
967 452 260
99 773 225
595 581 339
458 213 219
70 707 403
605 508 38
331 906 135
278 985 748
397 309 294
623 454 457
402 430 475
461 3 729
52 354 179
301 488 544
755 812 5
573 942 602
644 349 704
744 315 939
40 224 815
617 762 715
422 549 656
911 720 398
74 768 340
124 886 49
31 822 694
979 883 952
419 493 504
820 646 265
249 312 240
751 272 933
70 208 73
884 528 382
266 182 707
854 541 15
744 314 47
542 232 772
801 283 40
842 548 411
80 562 898
873 686 563
284 201 842
634 336 524
604 890 331
5 723 93
760 503 991
243 917 125
596 258 439
776 297 101
789 171 673
528 591 273
549 937 620
115 892 29
97 270 68
912 661 725
523 74 999
962 766 719
452 784 851
191 62 234
900 611 618
888 349 897
905 467 370
387 601 231
656 612 990
719 373 326
45 449 425
448 765 916
707 263 394
4 315 356
660 69 749
36 37 33
243 553 630
28 128 928
497 28 594
129 404 477
682 311 291
997 549 833
553 123 889
76 415 398
60 659 974
919 196 982
458 522 44
115 738 810
257 867 540
790 552 487
698 568 362
287 593 204
482 433 576
889 255 516
593 397 609
799 349 15
369 466 677
843 537 219
319 200 648
477 713 242
739 147 207
342 217 188
976 409 500
331 872 776
918 856 510
319 516 272
55 895 171
429 875 382
878 227 833
93 342 106
731 848 793
370 181 740
480 87 146
535 759 687
226 256 982
877 983 330
371 981 100
555 493 469
241 986 677
727 831 924
315 209 90
951 134 702
402 9 491
801 759 267
349 949 564
290 868 709
570 830 920
702 406 382
175 176 763
328 651 185
728 217 439
204 331 425
224 144 380
389 313 133
283 912 685
852 745 593
377 678 584
754 263 616
539 416 852
276 865 120
428 44 491
817 841 328
964 132 361
342 882 404
920 274 811
776 165 792
55 782 874
482 503 30
246 685 450
161 69 497
693 417 945
524 43 185
0 2
1 1
2 1
3 4
4 1
5 0
6 3
7 4
8 3
9 1
10 0
11 2
12 3
13 4
14 1
15 2
16 2
17 2
18 0
19 3
20 1
21 3
22 1
23 3
24 3
25 0
26 1
27 2
28 3
29 3
30 3
31 4
32 3
33 0
34 2
35 4
36 1
37 3
38 0
39 1
40 2
41 1
42 4
43 0
44 2
45 2
46 1
47 2
48 3
49 2
50 1
51 4
52 1
53 0
54 3
55 4
56 4
57 1
58 3
59 1
60 0
61 2
62 4
63 3
64 4
65 1
66 4
67 0
68 1
69 4
70 4
71 3
72 0
73 1
74 1
75 0
76 1
77 4
78 3
79 2
80 2
81 2
82 2
83 0
84 1
85 1
86 4
87 3
88 3
89 0
90 1
91 3
92 1
93 2
94 2
95 2
96 2
97 0
98 0
99 4
100 0
101 1
102 4
103 2
104 3
105 2
106 2
107 1
108 0
109 4
110 4
111 1
112 3
113 3
114 0
115 0
116 3
117 4
118 3
119 3
120 4
121 2
122 3
123 4
124 3
125 3
126 0
127 0
128 0
129 3
130 3
131 1
132 3
133 3
134 2
135 3
136 2
137 3
138 0
139 0
140 0
141 3
142 0
143 2
144 2
145 0
146 1
147 4
148 1
149 1
150 3
151 2
152 2
153 0
154 1
155 0
156 4
157 1
158 1
159 0
160 3
161 2
162 2
163 0
164 2
165 4
166 3
167 3
168 3
169 2
170 4
171 3
172 1
173 0
174 0
175 3
176 1
177 1
178 2
179 3
180 4
181 2
182 4
183 2
184 1
185 1
186 3
187 3
188 4
189 1
190 3
191 0
192 1
193 2
194 4
195 1
196 2
197 0
198 3
199 4
200 2
201 1
202 0
203 1
204 4
205 0
206 1
207 4
208 2
209 3
210 4
211 1
212 1
213 2
214 3
215 0
216 1
217 3
218 4
219 1
220 0
221 1
222 1
223 4
224 3
225 0
226 3
227 2
228 3
229 2
230 4
231 1
232 4
233 3
234 0
235 2
236 2
237 0
238 3
239 2
240 2
241 1
242 1
243 1
244 0
245 3
246 2
247 2
248 1
249 2
250 2
251 4
252 0
253 1
254 2
255 1
256 1
257 4
258 3
259 3
260 1
261 0
262 2
263 0
264 4
265 0
266 3
267 2
268 4
269 1
270 1
271 0
272 1
273 1
274 1
275 0
276 4
277 4
278 4
279 2
280 2
281 0
282 1
283 1
284 0
285 0
286 1
287 3
288 2
289 2
290 0
291 1
292 1
293 3
294 1
295 0
296 3
297 4
298 4
299 4
300 2
301 3
302 4
303 0
304 3
305 3
306 1
307 3
308 2
309 3
310 4
311 1
312 0
313 0
314 1
315 2
316 4
317 4
318 2
319 1
320 2
321 1
322 0
323 2
324 1
325 3
326 3
327 3
328 1
329 2
330 3
331 1
332 2
333 2
334 3
335 2
336 0
337 2
338 0
339 4
340 0
341 2
342 1
343 0
344 4
345 3
346 4
347 2
348 4
349 3
350 0
351 2
352 1
353 3
354 4
355 3
356 2
357 4
358 4
359 4
360 3
361 4
362 1
363 2
364 3
365 4
366 0
367 0
368 1
369 4
370 0
371 0
372 2
373 1
374 1
375 4
376 4
377 0
378 4
379 1
380 1
381 2
382 2
383 2
384 3
385 3
386 3
387 3
388 1
389 2
390 0
391 1
392 0
393 0
394 0
395 0
396 3
397 4
398 2
399 0
400 2
401 1
402 0
403 0
404 4
405 1
406 4
407 2
408 1
409 4
410 3
411 3
412 2
413 3
414 1
415 2
416 4
417 1
418 3
419 2
420 4
421 0
422 4
423 4
424 4
425 4
426 4
427 0
428 3
429 1
430 2
431 0
432 4
433 4
434 4
435 1
436 1
437 2
438 4
439 2
440 3
441 4
442 3
443 1
444 3
445 3
446 1
447 4
448 4
449 1
450 1
451 2
452 0
453 0
454 2
455 3
456 4
457 1
458 0
459 1
460 2
461 2
462 0
463 4
464 4
465 0
466 1
467 1
468 2
469 0
470 3
471 0
472 3
473 1
474 1
475 2
476 0
477 2
478 0
479 0
480 2
481 2
482 3
483 2
484 1
485 0
486 0
487 2
488 1
489 2
490 3
491 3
492 4
493 1
494 0
495 0
496 0
497 1
498 4
499 4
500 0
501 0
502 3
503 4
504 3
505 1
506 3
507 3
508 0
509 1
510 3
511 1
512 2
513 4
514 3
515 1
516 4
517 3
518 3
519 0
520 0
521 4
522 2
523 4
524 2
525 0
526 0
527 2
528 4
529 0
530 0
531 4
532 2
533 2
534 3
535 0
536 0
537 3
538 2
539 2
540 2
541 3
542 0
543 3
544 0
545 3
546 0
547 1
548 3
549 2
550 1
551 2
552 3
553 0
554 1
555 0
556 1
557 0
558 4
559 2
560 0
561 3
562 0
563 3
564 0
565 3
566 1
567 2
568 0
569 3
570 4
571 2
572 2
573 2
574 0
575 2
576 0
577 1
578 4
579 2
580 4
581 3
582 0
583 4
584 0
585 4
586 2
587 4
588 1
589 2
590 2
591 0
592 3
593 1
594 0
595 4
596 0
597 1
598 4
599 4
600 2
601 0
602 0
603 4
604 2
605 3
606 3
607 1
608 0
609 2
610 4
611 4
612 0
613 4
614 0
615 1
616 0
617 2
618 0
619 1
620 3
621 3
622 4
623 3
624 1
625 2
626 0
627 2
628 4
629 1
630 4
631 2
632 2
633 2
634 4
635 1
636 1
637 4
638 3
639 4
640 2
641 2
642 0
643 0
644 1
645 3
646 1
647 4
648 3
649 0
650 3
651 4
652 3
653 1
654 3
655 4
656 2
657 0
658 4
659 2
660 3
661 1
662 0
663 2
664 4
665 1
666 1
667 1
668 2
669 2
670 4
671 0
672 4
673 1
674 2
675 2
676 4
677 4
678 2
679 0
680 0
681 2
682 4
683 4
684 4
685 0
686 4
687 4
688 3
689 3
690 3
691 2
692 3
693 4
694 3
695 2
696 4
697 1
698 3
699 4
700 1
701 1
702 1
703 0
704 4
705 3
706 3
707 3
708 0
709 1
710 3
711 4
712 4
713 1
714 1
715 4
716 3
717 3
718 3
719 4
720 2
721 1
722 3
723 4
724 3
725 4
726 0
727 1
728 0
729 4
730 1
731 1
732 1
733 0
734 0
735 0
736 1
737 2
738 4
739 3
740 1
741 2
742 4
743 1
744 3
745 4
746 0
747 0
748 1
749 2
750 0
751 4
752 2
753 4
754 2
755 0
756 3
757 4
758 1
759 3
760 1
761 0
762 0
763 3
764 1
765 2
766 2
767 0
768 3
769 0
770 2
771 4
772 0
773 0
774 1
775 1
776 0
777 0
778 4
779 3
780 4
781 0
782 3
783 4
784 4
785 4
786 2
787 4
788 0
789 1
790 1
791 1
792 1
793 4
794 0
795 3
796 4
797 1
798 0
799 2
800 0
801 0
802 0
803 0
804 2
805 3
806 3
807 4
808 1
809 2
810 0
811 1
812 3
813 3
814 2
815 1
816 4
817 1
818 0
819 1
820 2
821 3
822 3
823 0
824 4
825 4
826 4
827 3
828 3
829 2
830 2
831 3
832 1
833 0
834 3
835 4
836 2
837 1
838 2
839 1
840 4
841 0
842 0
843 1
844 3
845 2
846 1
847 2
848 4
849 3
850 4
851 4
852 0
853 2
854 1
855 4
856 4
857 0
858 4
859 2
860 2
861 0
862 1
863 2
864 1
865 2
866 2
867 2
868 3
869 1
870 0
871 3
872 2
873 0
874 3
875 4
876 1
877 0
878 0
879 1
880 4
881 4
882 3
883 4
884 1
885 1
886 4
887 3
888 2
889 4
890 1
891 4
892 1
893 2
894 2
895 0
896 2
897 1
898 4
899 3
900 2
901 2
902 0
903 2
904 3
905 0
906 3
907 4
908 1
909 3
910 4
911 0
912 4
913 1
914 4
915 1
916 4
917 2
918 1
919 3
920 0
921 2
922 3
923 1
924 3
925 1
926 4
927 3
928 3
929 2
930 0
931 4
932 4
933 4
934 2
935 1
936 0
937 4
938 0
939 2
940 4
941 3
942 0
943 3
944 3
945 2
946 3
947 3
948 4
949 0
950 2
951 1
952 4
953 2
954 1
955 3
956 4
957 3
958 0
959 0
960 0
961 2
962 1
963 3
964 2
965 1
966 3
967 2
968 4
969 1
970 4
971 0
972 2
973 2
974 4
975 2
976 1
977 3
978 4
979 0
980 0
981 1
982 2
983 4
984 4
985 0
986 0
987 3
988 3
989 3
990 1
991 0
992 2
993 0
994 4
995 3
996 3
997 0
998 2
999 3