1000
350
369 619 258
89 322 463
885 5 252
622 324 344
900 784 933
55 12 195
404 902 736
824 622 75
213 18 683
138 868 320
776 328 665
40 666 88
690 499 935
598 680 142
458 613 422
633 819 314
300 566 901
882 201 764
758 483 909
762 76 21
298 648 232
798 183 196
185 766 205
682 80 4
782 761 44
498 596 987
147 143 517
820 186 175
857 934 143
59 338 983
137 866 197
167 673 53
29 136 917
444 428 634
115 935 969
275 787 401
41 270 384
859 391 779
760 122 53
211 28 161
165 622 186
499 259 326
144 492 987
120 770 671
781 787 485
836 589 68
963 474 334
270 497 649
330 484 610
396 105 527
319 267 12
444 21 330
127 602 398
242 299 805
903 909 170
647 228 325
589 182 262
945 999 172
695 665 135
825 818 733
39 643 766
356 428 355
163 621 775
721 618 520
679 379 74
570 493 387
528 508 395
350 969 65
730 864 214
921 10 607
432 634 388
817 891 44
836 518 601
264 331 515
913 141 466
269 743 911
815 847 764
979 873 755
299 718 157
76 900 620
902 80 36
574 385 714
612 286 900
570 414 13
998 711 378
989 672 652
951 26 379
657 320 556
110 111 396
549 989 156
796 26 170
794 761 500
215 312 743
708 81 15
42 829 972
140 96 253
573 30 175
134 234 565
107 396 934
606 580 985
567 630 313
445 102 795
712 245 905
419 742 604
917 420 691
312 409 837
583 313 286
359 859 143
996 605 234
765 383 628
548 607 133
512 150 732
83 858 880
272 617 43
973 161 863
534 624 636
699 295 292
56 889 991
57 398 545
942 69 868
231 606 366
243 50 20
663 182 430
257 249 845
588 238 651
377 72 888
954 838 164
624 45 221
908 136 912
456 441 537
515 381 47
427 248 713
206 748 585
836 717 678
465 99 852
730 380 900
645 507 151
584 207 563
924 857 303
137 892 486
156 745 649
652 306 164
528 99 413
974 398 641
686 677 667
460 869 626
765 3 604
851 579 622
63 174 716
648 312 362
147 350 892
958 369 399
404 140 127
293 457 904
275 567 390
351 285 904
83 646 220
700 470 156
516 493 10
493 391 275
25 591 277
805 398 730
18 78 784
5 821 824
423 949 645
834 13 866
764 874 546
258 769 861
59 521 834
451 969 918
579 501 209
23 756 43
811 388 958
610 49 336
587 638 498
55 258 733
680 685 403
801 653 612
13 186 49
7 331 250
828 858 569
428 58 256
956 693 737
853 142 946
969 182 188
14 855 770
629 260 381
239 434 575
111 357 755
206 847 67
233 284 263
920 142 84
784 257 842
855 935 801
459 365 846
55 577 839
789 589 450
802 954 133
879 85 286
542 386 925
502 892 870
226 753 442
230 448 858
49 361 970
531 599 368
553 242 743
768 455 139
827 601 862
110 405 408
679 11 171
743 943 542
562 180 820
82 567 647
568 243 107
109 508 935
854 833 240
208 264 784
113 319 993
596 152 19
284 746 870
822 87 596
46 525 547
780 722 497
936 938 11
938 235 33
55 483 460
740 573 777
204 772 990
362 424 643
147 854 39
175 571 548
672 844 254
49 825 902
657 260 527
621 185 216
362 688 130
698 162 885
946 673 416
737 752 781
249 423 469
873 923 2
969 714 616
662 716 269
134 745 570
333 428 917
867 109 958
164 311 949
502 219 481
802 417 982
503 896 991
279 894 603
417 215 539
129 206 771
494 161 913
946 0 648
338 871 993
322 123 214
132 769 812
790 746 34
610 857 694
564 700 14
620 467 798
811 274 968
680 972 770
901 111 500
990 559 854
155 41 587
674 822 457
900 628 208
211 216 225
898 242 501
982 187 861
948 476 300
239 361 297
654 873 681
345 246 512
671 771 74
424 889 289
653 708 454
278 973 539
401 658 404
620 417 224
331 664 663
585 756 840
269 906 437
205 681 448
638 875 424
802 674 341
173 45 605
190 674 226
619 134 370
943 288 135
837 3 73
480 92 763
684 70 220
870 489 852
52 884 538
810 22 827
578 762 911
844 491 30
295 770 610
292 958 74
374 77 249
203 944 185
867 185 219
381 90 838
177 515 478
253 304 112
913 110 91
416 762 642
566 301 354
50 838 40
663 16 742
853 630 278
457 779 315
588 688 893
609 905 94
442 209 509
214 893 581
102 928 922
153 76 993
255 743 250
529 999 553
996 628 610
866 217 232
35 861 106
160 192 126
641 412 705
605 873 902
57 34 725
111 104 808
876 836 193
778 361 17
581 817 806
15 174 180
626 260 312
407 461 825
905 354 859
768 275 203
825 15 380
274 521 154
639 378 645
395 522 536
359 834 42
448 163 416
824 198 408
848 802 828
831 656 764
259 411 282
473 138 52
0 2
1 1
2 0
3 1
4 2
5 0
6 1
7 1
8 1
9 2
10 2
11 0
12 1
13 2
14 0
15 1
16 2
17 0
18 1
19 0
20 2
21 0
22 2
23 0
24 1
25 1
26 1
27 1
28 2
29 0
30 2
31 1
32 2
33 2
34 0
35 2
36 2
37 1
38 0
39 2
40 1
41 0
42 0
43 2
44 0
45 1
46 2
47 1
48 2
49 1
50 0
51 1
52 1
53 2
54 0
55 2
56 1
57 1
58 1
59 0
60 1
61 2
62 2
63 2
64 0
65 1
66 0
67 1
68 2
69 1
70 2
71 2
72 0
73 2
74 2
75 0
76 1
77 1
78 2
79 1
80 2
81 0
82 0
83 1
84 2
85 0
86 1
87 0
88 0
89 0
90 1
91 0
92 2
93 0
94 0
95 1
96 1
97 2
98 0
99 2
100 0
101 1
102 1
103 1
104 1
105 2
106 1
107 0
108 0
109 0
110 0
111 2
112 0
113 2
114 0
115 2
116 1
117 1
118 0
119 2
120 1
121 0
122 0
123 0
124 2
125 0
126 1
127 1
128 1
129 0
130 0
131 1
132 2
133 2
134 1
135 1
136 2
137 1
138 1
139 1
140 0
141 1
142 2
143 0
144 2
145 1
146 1
147 1
148 0
149 0
150 0
151 2
152 2
153 0
154 1
155 2
156 0
157 2
158 1
159 0
160 2
161 1
162 1
163 0
164 1
165 1
166 0
167 1
168 0
169 1
170 2
171 1
172 0
173 2
174 0
175 2
176 2
177 0
178 1
179 2
180 1
181 0
182 1
183 1
184 0
185 0
186 0
187 2
188 1
189 1
190 1
191 2
192 0
193 0
194 2
195 2
196 2
197 2
198 0
199 2
200 2
201 2
202 1
203 2
204 2
205 2
206 1
207 1
208 2
209 1
210 0
211 1
212 2
213 2
214 1
215 2
216 2
217 0
218 1
219 1
220 2
221 0
222 0
223 2
224 0
225 1
226 0
227 0
228 2
229 0
230 1
231 1
232 2
233 2
234 2
235 0
236 1
237 2
238 2
239 0
240 0
241 2
242 0
243 1
244 2
245 2
246 0
247 0
248 1
249 0
250 1
251 0
252 1
253 0
254 0
255 1
256 0
257 2
258 1
259 0
260 0
261 1
262 1
263 1
264 1
265 2
266 0
267 0
268 1
269 1
270 1
271 1
272 0
273 2
274 1
275 2
276 0
277 1
278 1
279 2
280 2
281 0
282 0
283 0
284 1
285 1
286 0
287 2
288 2
289 0
290 1
291 2
292 0
293 2
294 1
295 0
296 2
297 2
298 1
299 2
300 0
301 2
302 1
303 2
304 2
305 1
306 1
307 2
308 1
309 1
310 1
311 2
312 1
313 2
314 1
315 1
316 2
317 1
318 0
319 1
320 2
321 2
322 2
323 2
324 2
325 0
326 0
327 2
328 2
329 0
330 2
331 0
332 1
333 0
334 2
335 1
336 1
337 2
338 2
339 2
340 1
341 1
342 2
343 0
344 2
345 2
346 1
347 2
348 0
349 1
350 0
351 0
352 1
353 1
354 0
355 2
356 0
357 0
358 1
359 2
360 0
361 2
362 1
363 2
364 0
365 2
366 0
367 1
368 2
369 2
370 1
371 1
372 1
373 2
374 2
375 2
376 2
377 1
378 2
379 0
380 1
381 2
382 0
383 2
384 1
385 1
386 0
387 1
388 1
389 1
390 2
391 2
392 2
393 1
394 1
395 2
396 1
397 2
398 0
399 0
400 0
401 2
402 2
403 1
404 2
405 2
406 0
407 1
408 1
409 2
410 0
411 2
412 1
413 1
414 2
415 2
416 0
417 0
418 1
419 2
420 1
421 1
422 1
423 1
424 0
425 1
426 0
427 0
428 2
429 0
430 2
431 0
432 0
433 2
434 2
435 0
436 2
437 2
438 2
439 2
440 2
441 0
442 0
443 0
444 1
445 2
446 1
447 2
448 2
449 0
450 1
451 0
452 1
453 1
454 1
455 1
456 1
457 1
458 2
459 0
460 0
461 0
462 1
463 2
464 2
465 1
466 1
467 2
468 0
469 0
470 1
471 0
472 1
473 0
474 2
475 0
476 2
477 1
478 1
479 0
480 1
481 2
482 2
483 0
484 0
485 2
486 2
487 0
488 1
489 0
490 2
491 1
492 0
493 1
494 2
495 0
496 0
497 0
498 0
499 1
500 0
501 0
502 0
503 2
504 0
505 0
506 1
507 0
508 1
509 1
510 2
511 0
512 2
513 1
514 0
515 1
516 2
517 1
518 2
519 2
520 0
521 2
522 1
523 1
524 1
525 1
526 2
527 1
528 0
529 2
530 2
531 2
532 2
533 0
534 1
535 1
536 0
537 0
538 1
539 0
540 0
541 0
542 1
543 1
544 2
545 2
546 0
547 0
548 1
549 1
550 2
551 0
552 0
553 2
554 0
555 1
556 2
557 0
558 2
559 0
560 1
561 1
562 0
563 1
564 2
565 0
566 1
567 1
568 2
569 1
570 0
571 0
572 1
573 1
574 0
575 0
576 2
577 1
578 1
579 1
580 2
581 1
582 0
583 1
584 2
585 2
586 2
587 1
588 1
589 2
590 1
591 2
592 1
593 0
594 2
595 0
596 1
597 0
598 1
599 0
600 0
601 0
602 0
603 0
604 2
605 2
606 0
607 0
608 2
609 1
610 0
611 0
612 2
613 1
614 1
615 2
616 0
617 2
618 2
619 0
620 1
621 2
622 0
623 2
624 0
625 1
626 1
627 0
628 0
629 2
630 2
631 0
632 2
633 0
634 2
635 1
636 0
637 0
638 2
639 1
640 1
641 2
642 1
643 1
644 0
645 2
646 2
647 0
648 2
649 0
650 1
651 0
652 0
653 2
654 2
655 1
656 2
657 1
658 1
659 1
660 0
661 1
662 2
663 0
664 2
665 2
666 2
667 0
668 0
669 1
670 2
671 1
672 2
673 2
674 2
675 0
676 0
677 1
678 2
679 1
680 2
681 0
682 1
683 2
684 1
685 0
686 0
687 2
688 2
689 0
690 0
691 1
692 0
693 2
694 1
695 1
696 1
697 0
698 0
699 2
700 0
701 2
702 1
703 2
704 0
705 0
706 0
707 0
708 1
709 2
710 1
711 0
712 0
713 1
714 0
715 2
716 1
717 0
718 0
719 0
720 0
721 1
722 2
723 2
724 1
725 0
726 2
727 1
728 1
729 2
730 0
731 2
732 1
733 1
734 1
735 1
736 0
737 2
738 0
739 2
740 2
741 1
742 1
743 0
744 2
745 2
746 0
747 2
748 0
749 1
750 2
751 0
752 0
753 1
754 0
755 0
756 1
757 1
758 1
759 2
760 2
761 0
762 2
763 0
764 0
765 0
766 2
767 1
768 0
769 0
770 2
771 2
772 0
773 0
774 2
775 2
776 0
777 1
778 0
779 0
780 1
781 1
782 1
783 1
784 1
785 2
786 2
787 0
788 1
789 0
790 1
791 1
792 1
793 0
794 1
795 0
796 2
797 0
798 2
799 1
800 0
801 0
802 1
803 0
804 2
805 1
806 0
807 0
808 2
809 0
810 0
811 0
812 0
813 2
814 1
815 2
816 2
817 0
818 1
819 1
820 2
821 2
822 1
823 2
824 1
825 2
826 0
827 1
828 0
829 2
830 2
831 1
832 0
833 0
834 1
835 2
836 1
837 2
838 1
839 0
840 2
841 2
842 2
843 2
844 0
845 2
846 1
847 0
848 2
849 1
850 0
851 0
852 0
853 0
854 2
855 1
856 2
857 2
858 2
859 1
860 1
861 1
862 0
863 0
864 2
865 1
866 2
867 1
868 0
869 1
870 2
871 0
872 1
873 0
874 1
875 0
876 0
877 0
878 1
879 2
880 2
881 2
882 1
883 1
884 2
885 2
886 0
887 2
888 1
889 2
890 1
891 1
892 2
893 0
894 0
895 0
896 0
897 1
898 1
899 1
900 2
901 0
902 1
903 1
904 0
905 2
906 2
907 2
908 0
909 2
910 0
911 1
912 2
913 2
914 1
915 2
916 0
917 2
918 1
919 2
920 1
921 1
922 0
923 2
924 0
925 0
926 1
927 1
928 0
929 0
930 1
931 2
932 1
933 2
934 0
935 0
936 0
937 2
938 1
939 2
940 0
941 0
942 2
943 1
944 1
945 2
946 0
947 1
948 1
949 0
950 0
951 2
952 1
953 0
954 2
955 0
956 0
957 2
958 1
959 0
960 1
961 1
962 1
963 0
964 0
965 1
966 0
967 1
968 2
969 2
970 1
971 2
972 1
973 2
974 2
975 2
976 2
977 2
978 1
979 1
980 1
981 0
982 0
983 2
984 0
985 0
986 1
987 0
988 0
989 0
990 2
991 2
992 0
993 2
994 2
995 2
996 1
997 2
998 2
999 0