1000
2340
160 30 989
358 293 477
327 827 494
615 497 313
461 273 38
649 167 374
79 380 605
612 168 888
576 734 418
677 560 697
199 439 51
178 6 882
103 551 89
135 591 925
201 613 833
239 798 423
679 608 429
749 260 440
942 323 508
575 270 966
433 971 303
43 758 78
241 474 413
787 333 228
257 922 883
511 606 677
899 902 441
846 851 688
499 302 760
356 439 542
851 593 670
907 773 633
585 430 81
885 983 698
970 383 623
499 416 502
474 968 459
219 982 565
861 926 304
79 786 931
469 263 844
621 772 335
56 368 278
261 584 890
935 714 555
521 330 258
575 871 49
692 432 429
330 699 736
489 356 588
979 34 456
160 954 243
489 438 695
872 281 394
608 912 336
796 389 282
761 832 616
111 682 423
991 79 613
254 915 929
470 81 594
689 219 635
9 126 744
730 650 624
549 38 718
731 943 126
996 135 218
67 454 635
253 514 852
767 830 135
586 289 877
526 755 410
332 43 815
273 371 879
991 273 200
319 322 744
681 854 553
322 589 965
101 246 548
998 435 809
79 207 703
797 471 458
783 15 608
278 977 217
300 50 415
317 135 950
355 304 916
344 855 652
166 284 182
581 516 884
962 567 348
58 813 37
321 396 402
511 594 764
928 239 312
294 165 572
115 910 141
824 205 949
546 914 289
138 964 463
725 686 524
25 273 226
579 817 576
576 467 122
590 550 264
968 757 27
916 294 645
823 8 535
937 172 856
933 639 382
778 409 642
891 563 270
770 21 709
289 497 967
684 231 190
756 20 273
961 958 740
777 939 258
167 329 137
274 951 769
882 214 806
191 336 199
223 384 291
360 804 909
785 73 324
270 357 168
221 892 884
186 319 607
217 341 624
697 76 586
10 256 387
922 564 787
690 457 294
542 145 163
359 870 129
958 452 370
990 270 74
447 609 997
559 388 73
124 303 395
190 441 404
742 60 266
697 458 427
329 320 496
839 75 2
428 942 398
202 356 867
282 202 356
480 581 641
168 358 595
835 947 546
929 235 687
932 764 443
73 464 233
960 378 559
608 127 195
431 243 892
422 505 622
469 583 441
721 750 343
521 183 314
160 865 351
227 479 687
322 982 755
228 943 245
285 810 173
879 797 211
714 921 639
129 278 132
760 4 653
727 72 585
376 198 14
324 630 665
855 698 764
855 115 853
297 128 365
389 326 234
601 571 105
824 83 543
524 557 831
705 530 347
780 714 717
487 829 623
883 400 831
88 967 963
152 860 40
899 216 262
783 70 789
8 711 31
641 999 7
648 235 840
128 514 433
698 950 890
241 393 16
203 708 897
866 692 241
227 801 921
667 267 583
953 131 692
859 44 676
978 746 782
668 800 47
829 758 519
104 403 581
842 310 829
593 867 428
129 549 80
542 112 820
889 69 978
114 623 624
867 63 605
565 502 233
581 136 323
281 950 565
109 512 473
186 342 542
128 428 556
217 971 859
380 214 704
607 515 899
630 869 799
789 295 952
424 266 871
313 44 410
471 357 737
560 447 247
693 514 896
420 45 971
509 278 191
328 886 626
756 592 91
603 746 744
661 543 265
416 843 409
506 61 944
6 888 254
17 671 99
159 933 108
118 780 325
985 842 251
109 343 400
527 768 403
798 252 264
734 982 155
340 906 901
963 844 147
767 100 597
670 566 344
184 716 874
740 475 123
252 134 208
145 732 168
802 926 439
248 62 270
84 333 622
441 839 289
712 947 345
442 450 891
714 924 233
515 979 69
403 448 631
711 985 938
285 803 317
460 659 116
893 906 139
800 343 641
494 750 826
199 636 527
538 625 176
184 187 145
610 95 201
172 145 269
270 415 827
865 939 3
415 71 395
486 173 547
817 405 395
987 538 357
254 967 741
49 293 686
899 622 452
157 301 205
306 314 145
728 750 853
112 32 120
817 970 470
533 644 846
569 84 727
269 301 339
669 881 137
848 309 34
138 973 475
830 905 900
636 319 69
417 897 460
912 673 556
588 87 911
929 477 711
784 138 9
324 928 299
393 351 16
265 812 457
279 573 313
536 413 170
789 627 562
718 229 805
650 723 959
718 804 690
725 318 644
201 902 983
246 401 710
446 875 634
354 815 359
904 971 596
338 275 118
333 178 33
166 860 512
707 786 31
792 383 623
939 408 650
766 956 91
820 432 172
365 699 176
486 337 348
353 937 795
331 728 622
140 545 578
906 913 47
181 586 596
981 444 298
192 591 531
993 559 774
463 353 511
911 56 286
552 467 119
800 51 746
630 49 915
891 9 740
506 77 727
442 155 115
40 214 861
587 289 766
143 455 944
829 702 438
549 699 680
931 353 868
858 210 851
462 614 747
680 480 789
73 524 241
459 70 871
341 64 176
534 27 481
73 34 364
359 492 889
27 479 281
908 474 813
673 606 916
888 406 80
857 102 317
759 430 311
758 480 836
537 500 177
736 543 710
596 745 669
66 948 933
830 794 644
891 461 173
21 993 622
204 478 270
778 545 693
222 592 225
976 185 74
513 213 605
215 676 365
712 406 546
643 167 124
480 362 828
221 104 485
641 926 330
486 386 904
604 725 21
993 863 65
290 230 722
96 348 613
951 82 455
33 835 209
64 487 357
27 376 116
236 430 509
942 231 639
780 3 175
88 12 592
665 751 202
586 327 731
708 64 169
683 630 830
880 509 75
538 590 615
533 224 85
912 39 84
839 97 941
623 960 233
570 798 123
595 780 254
634 168 920
799 591 152
245 697 395
212 812 656
894 573 587
100 433 135
157 288 351
702 154 434
815 657 671
268 258 478
627 486 713
919 867 745
675 243 776
849 603 944
216 501 767
219 804 106
542 622 836
613 466 805
427 246 848
788 503 19
515 761 670
774 588 552
897 696 121
843 532 542
57 582 334
861 719 929
893 757 450
24 196 379
565 831 824
549 599 697
220 981 232
242 132 365
945 687 402
942 837 982
222 458 410
222 388 920
395 259 974
760 443 258
616 345 949
58 716 907
272 613 857
107 312 548
579 500 202
491 272 114
816 762 413
633 741 683
707 834 908
427 600 61
30 212 261
690 259 907
316 383 377
99 377 809
41 533 606
229 261 252
33 484 550
517 293 600
339 704 99
597 146 432
175 872 51
438 506 464
233 468 10
815 460 863
56 206 501
682 486 601
636 408 386
462 96 131
317 275 602
404 44 907
525 533 761
135 581 401
99 662 169
490 177 48
622 567 206
45 241 24
545 125 85
806 29 505
914 331 502
21 201 996
915 237 655
756 770 409
495 742 265
716 797 207
829 781 743
198 824 430
174 837 412
997 392 698
28 403 306
623 978 435
476 13 148
776 500 553
683 556 11
690 122 171
560 529 979
337 277 205
245 150 110
398 114 700
453 870 914
397 34 43
596 889 436
45 94 518
274 592 112
53 177 33
267 348 294
723 715 735
473 357 617
956 382 70
972 795 133
178 660 30
748 803 448
559 282 173
219 350 147
553 452 450
749 491 910
316 639 721
336 980 854
286 844 591
613 215 945
499 972 46
391 312 428
378 859 737
108 68 576
717 383 301
850 688 273
734 355 461
29 288 52
589 952 785
975 788 75
391 772 452
514 9 902
55 18 538
490 703 621
585 264 643
351 544 55
282 576 878
448 912 210
482 23 531
126 930 563
705 358 331
345 382 672
792 151 947
601 180 742
116 515 72
373 414 514
348 95 825
990 460 646
378 614 786
382 862 662
231 402 977
540 625 267
8 637 68
545 941 318
107 480 478
796 932 596
260 747 651
588 976 512
77 744 296
796 758 339
79 460 501
961 861 664
130 595 763
259 661 37
649 772 968
373 414 820
932 886 995
859 467 583
499 149 224
883 168 772
101 16 788
407 83 159
135 627 698
596 520 890
203 885 838
976 757 746
663 505 710
698 669 264
776 669 482
32 614 335
498 174 368
214 890 313
283 397 131
612 605 720
608 671 48
460 38 759
372 470 482
255 410 589
181 163 175
831 506 225
302 15 999
389 999 941
430 950 513
966 299 681
843 393 290
518 712 421
258 114 612
865 93 38
427 415 486
66 992 868
668 278 933
444 371 668
809 412 548
457 552 841
362 298 357
675 755 505
422 234 919
941 134 143
381 826 443
248 695 626
972 902 925
26 976 517
596 555 470
520 618 672
200 214 219
5 144 758
910 696 541
626 856 719
504 804 360
834 412 421
739 357 637
898 842 447
882 770 736
467 0 129
353 636 47
634 74 533
188 322 694
238 627 268
705 944 427
152 229 843
645 525 705
651 946 265
901 311 209
690 804 138
314 157 784
552 995 648
961 112 950
461 853 656
213 48 393
246 608 224
837 57 119
490 685 713
727 668 819
45 838 973
817 969 69
951 507 290
140 826 567
845 269 621
82 546 374
518 719 395
780 209 125
546 345 914
243 353 81
218 521 635
809 946 380
849 977 956
117 381 782
608 450 834
744 345 484
685 278 791
134 62 666
664 126 898
646 214 978
648 162 823
391 673 628
270 1 881
829 306 787
826 28 555
50 229 492
970 343 778
460 458 654
160 538 128
164 786 355
790 47 297
879 946 861
566 368 882
118 56 209
348 711 994
972 386 444
63 686 983
737 476 630
820 176 75
695 723 221
342 687 896
388 291 739
417 766 201
18 253 13
800 350 235
908 429 737
650 875 406
285 337 643
445 627 251
987 203 610
384 531 264
889 691 406
121 118 598
630 749 530
506 38 585
410 674 938
706 525 534
526 93 426
154 954 167
798 739 4
390 614 422
19 219 7
645 301 679
794 239 472
899 102 20
179 658 227
318 613 382
188 341 411
111 784 849
399 575 674
790 804 36
770 80 695
774 932 234
631 989 551
677 304 621
129 351 914
183 924 118
577 187 92
220 460 242
772 87 323
194 488 136
634 570 501
923 79 700
164 360 2
671 83 231
76 88 849
333 496 828
365 135 912
192 263 219
266 858 317
798 742 446
855 59 831
650 565 245
238 389 615
141 12 53
368 290 337
531 810 640
298 971 495
461 220 195
204 662 287
767 226 724
884 604 454
488 853 743
472 295 780
481 656 727
286 241 166
345 933 383
352 195 866
27 475 751
769 685 11
205 454 996
988 308 982
527 685 871
422 979 249
804 446 737
290 407 378
239 731 586
369 771 441
295 132 376
653 284 979
916 796 308
279 343 38
110 520 376
730 67 897
761 15 437
81 118 653
190 156 694
638 805 921
373 906 600
100 838 641
691 23 875
259 620 388
85 843 273
693 710 90
465 712 118
543 218 629
55 77 424
511 551 583
215 101 417
802 736 141
371 78 144
770 80 367
666 588 343
738 862 970
624 991 159
710 27 814
17 625 806
763 74 604
284 959 293
721 607 243
69 259 194
545 800 689
283 53 286
24 907 352
888 503 955
268 240 576
505 635 133
158 302 954
579 24 879
786 884 878
175 916 748
94 702 94
240 79 676
687 572 499
705 244 360
211 971 250
625 658 984
415 978 463
981 676 847
613 476 159
414 92 584
961 481 951
623 561 645
139 908 760
53 533 62
769 168 21
262 622 510
447 251 41
156 959 387
465 172 25
621 786 183
302 928 9
369 823 724
134 342 7
346 976 970
434 581 864
145 812 851
714 792 61
550 132 780
853 827 523
790 559 671
273 547 632
609 925 684
870 768 509
217 61 238
587 556 991
523 335 622
767 115 752
539 75 885
289 664 941
899 43 982
302 594 935
241 235 94
598 522 171
814 374 255
67 433 253
563 329 761
798 487 255
656 216 579
234 372 666
310 884 259
984 441 569
194 122 438
194 841 618
37 525 357
624 856 453
524 126 966
757 148 777
192 211 242
960 545 36
665 541 180
839 447 197
386 782 432
270 885 469
260 253 654
462 304 14
778 914 509
787 217 458
959 741 767
914 129 650
196 795 322
821 370 729
978 980 290
98 476 542
202 969 198
495 795 229
691 176 246
519 266 76
873 114 629
806 490 754
164 607 622
611 145 254
717 494 361
635 43 695
409 370 633
851 574 313
842 977 396
947 962 23
990 564 924
344 203 299
280 277 360
356 428 211
653 963 960
3 353 546
456 850 89
259 483 298
249 632 21
169 492 213
88 488 457
566 70 502
896 697 94
658 73 808
579 426 238
903 327 361
35 743 482
497 553 701
813 766 571
431 993 231
13 108 933
742 440 112
843 827 105
518 976 135
813 266 617
624 658 615
675 112 348
524 890 523
133 943 866
590 906 588
125 50 246
885 538 261
814 890 428
266 103 68
17 898 112
584 333 90
241 613 317
533 297 353
289 809 57
231 214 901
178 869 158
400 485 908
848 73 915
612 157 374
467 91 699
647 300 802
588 740 36
253 262 740
18 632 367
543 926 361
156 882 558
243 953 612
498 681 632
846 693 639
982 502 311
587 499 408
49 102 732
503 674 403
339 8 762
682 574 380
320 7 804
476 517 936
35 732 788
629 469 344
28 715 807
82 440 118
579 949 693
575 762 597
621 129 294
141 175 21
609 6 167
464 425 761
686 417 119
406 211 931
953 147 153
225 567 168
316 720 407
680 881 713
938 80 477
732 668 134
128 630 431
663 799 191
559 261 996
534 144 388
392 92 584
511 87 781
558 578 777
934 622 827
484 193 141
491 123 88
796 151 405
226 91 675
646 950 601
63 508 603
595 391 179
819 613 191
841 288 376
475 859 434
853 733 389
655 458 743
870 62 693
175 426 761
961 315 522
649 614 308
869 977 173
22 661 384
868 747 79
847 785 704
295 358 912
978 312 227
96 504 471
358 356 16
233 61 803
197 11 676
389 352 286
538 304 600
658 20 544
465 415 482
304 262 327
221 951 129
501 974 982
912 640 819
116 971 972
691 1 485
417 138 896
569 575 395
235 895 526
543 515 135
466 292 932
364 323 116
57 497 222
568 363 660
732 234 83
986 898 721
692 101 804
829 280 538
856 586 196
205 641 356
813 538 863
905 350 860
432 604 360
987 446 65
189 166 736
986 880 660
544 402 571
339 152 241
999 732 466
800 245 817
668 787 617
240 624 978
75 397 626
410 374 680
744 979 450
349 68 986
932 294 73
510 367 149
154 807 705
182 611 825
266 514 301
539 254 143
719 806 93
535 686 436
464 773 295
258 942 705
260 337 55
514 968 386
195 821 839
238 452 306
15 999 436
564 513 10
39 6 72
163 742 491
136 454 237
504 13 700
815 671 285
733 985 910
275 598 567
92 579 26
455 1 765
971 692 571
901 864 139
555 375 372
318 172 358
299 806 461
685 845 741
485 531 207
158 601 94
543 465 200
263 655 187
908 543 423
384 282 333
941 943 132
133 637 666
504 502 470
246 215 640
687 962 208
600 299 15
751 882 543
540 594 71
507 566 322
54 842 429
255 30 978
704 381 354
6 791 602
796 307 616
824 843 249
705 644 703
646 382 771
719 264 658
350 970 776
316 319 697
738 771 996
664 346 794
71 742 505
454 935 877
615 242 45
664 22 332
43 375 102
995 724 543
613 805 465
911 678 519
846 395 666
785 656 269
143 468 732
187 452 748
470 972 972
682 439 256
571 840 176
719 866 212
545 521 885
622 627 684
629 514 181
26 302 621
27 136 500
570 286 397
614 304 150
123 591 834
914 945 771
270 55 201
742 63 900
988 277 797
811 389 924
829 243 911
728 91 65
471 5 11
980 759 114
532 593 550
270 923 121
794 470 603
824 18 504
989 624 49
523 109 437
517 74 493
309 787 323
351 139 508
552 266 86
983 550 489
737 360 692
747 604 549
493 426 708
176 415 463
537 995 95
867 495 843
305 984 183
994 124 237
894 159 569
347 599 141
701 722 90
940 951 253
545 678 702
883 722 822
312 687 249
384 877 56
847 125 888
320 5 958
855 98 368
972 136 538
235 106 154
262 662 574
153 511 404
610 869 67
774 758 689
447 675 645
982 688 32
197 361 464
280 633 558
760 243 565
283 931 678
361 372 411
483 682 225
490 895 194
14 306 947
290 519 685
759 267 191
251 271 892
750 546 24
985 147 997
912 161 936
182 540 201
700 548 28
648 53 950
30 926 487
4 812 380
650 622 183
431 287 232
508 263 144
876 996 892
248 255 743
201 208 618
449 541 656
1 623 22
144 762 48
311 618 7
186 610 75
198 514 726
867 479 0
653 465 873
696 40 684
322 829 699
596 149 588
607 340 908
472 972 120
951 556 530
814 969 601
300 211 519
404 252 605
275 950 432
35 203 578
202 844 865
178 377 635
144 11 696
415 866 662
380 106 740
540 283 314
703 920 736
622 725 61
609 817 577
368 835 492
858 706 877
318 181 356
355 427 692
992 500 316
100 240 511
50 9 647
999 594 556
681 634 609
973 682 392
468 716 624
94 138 37
117 471 713
316 419 694
427 405 912
707 489 19
825 189 993
562 961 228
504 973 982
695 386 298
224 270 143
767 991 113
941 605 360
406 431 226
798 317 780
164 274 782
637 399 941
816 158 209
862 264 837
208 596 438
818 894 547
585 449 314
581 196 937
761 915 981
851 71 270
886 990 839
464 765 8
531 252 751
952 283 555
100 548 510
490 411 415
831 838 916
936 127 248
226 318 889
543 539 597
683 721 17
903 276 870
310 539 920
57 705 307
337 448 804
50 394 549
742 453 120
590 706 869
878 277 886
940 79 878
296 951 629
610 636 86
462 694 556
69 366 507
820 884 585
839 369 496
142 550 871
559 329 607
652 125 907
101 448 863
828 5 141
297 963 848
621 318 699
581 45 68
573 409 531
975 484 949
504 671 338
714 267 74
928 317 705
972 638 389
258 74 241
851 922 275
962 420 713
853 961 828
85 858 176
133 357 185
552 38 224
168 198 104
778 773 235
208 462 467
137 131 178
553 995 363
566 597 449
850 602 495
447 456 290
856 790 505
680 419 615
881 577 593
181 697 544
399 682 667
696 823 940
609 798 290
119 866 120
985 390 159
997 825 149
736 642 866
382 40 572
308 716 935
428 205 643
269 510 856
249 426 465
965 936 802
552 661 207
744 188 644
702 176 919
521 410 9
7 920 524
380 942 848
801 495 195
461 256 338
106 331 803
488 75 479
320 505 639
699 954 222
344 591 334
560 299 84
880 165 101
283 88 163
313 480 928
976 589 686
606 254 752
841 906 100
679 760 396
258 771 838
661 557 919
282 700 272
611 24 847
287 406 478
220 629 868
696 306 732
707 678 288
565 49 101
431 510 263
309 387 357
61 875 982
966 206 965
518 859 450
405 509 455
320 724 180
706 807 630
33 615 483
192 957 568
557 350 21
735 393 375
612 56 878
755 932 216
633 988 211
593 792 238
862 469 477
190 280 941
465 145 795
500 951 869
826 615 15
745 597 453
685 769 767
111 882 580
791 563 490
675 339 443
929 503 395
657 132 460
657 821 124
638 705 713
193 390 357
121 35 527
432 16 328
412 642 612
287 184 625
260 388 869
685 745 540
978 807 604
776 758 730
738 673 596
852 388 967
453 902 285
674 630 96
329 491 571
931 195 250
758 197 790
432 797 651
337 642 264
377 642 872
221 867 213
593 316 695
757 871 563
392 663 398
445 853 10
567 77 369
164 453 788
227 295 805
292 849 369
856 303 382
137 543 648
303 881 104
873 283 340
35 844 783
680 118 658
634 704 334
886 837 272
255 914 379
672 228 598
605 691 910
388 696 479
469 237 344
503 66 973
882 565 465
386 711 850
4 263 63
174 474 416
128 162 400
165 909 160
306 700 540
774 928 618
924 179 479
79 644 924
481 629 811
727 26 76
534 613 25
973 181 451
261 315 189
346 453 244
152 853 96
129 298 745
362 161 991
797 659 809
781 967 459
222 826 478
437 646 211
561 384 119
877 57 202
34 875 535
880 422 5
889 393 49
767 251 730
155 780 445
493 459 48
954 447 498
929 295 738
628 61 457
729 188 814
273 274 334
436 630 206
880 568 389
514 460 26
833 969 388
156 10 790
206 376 682
623 767 313
814 15 639
619 308 504
41 537 66
727 378 938
927 784 499
270 321 67
877 252 875
484 124 693
737 138 925
302 75 452
190 37 484
868 411 759
922 901 701
564 941 64
221 150 976
163 223 823
801 132 29
711 499 255
661 143 630
187 743 84
740 563 981
231 327 972
153 152 868
538 746 357
769 550 555
873 31 304
857 327 37
653 727 354
597 474 693
672 181 966
865 168 74
222 346 845
238 207 50
797 694 950
600 847 394
197 943 418
826 651 247
830 555 41
167 467 215
806 450 779
334 407 436
480 336 846
177 905 630
242 623 4
208 326 585
623 752 470
536 347 635
411 932 906
825 857 477
835 413 438
976 637 647
178 855 59
84 381 870
368 879 670
76 155 190
181 868 947
99 25 486
862 896 95
391 420 404
831 396 509
702 767 66
543 738 238
319 78 800
449 13 231
35 329 108
301 545 995
47 644 684
489 506 390
297 920 102
122 831 596
974 418 89
960 446 401
696 419 794
976 381 502
882 920 754
975 581 233
563 328 37
192 222 134
545 926 677
263 750 431
522 852 180
600 416 799
480 745 750
967 947 610
878 246 786
747 227 784
338 328 525
213 998 12
859 132 206
104 859 555
366 477 280
892 61 887
479 557 589
328 105 784
206 551 343
490 312 973
384 983 561
883 38 44
748 780 290
694 975 479
411 112 618
972 334 886
231 889 956
122 863 861
386 377 723
713 111 477
695 835 645
402 433 587
778 643 196
627 877 113
224 791 435
689 851 851
970 515 904
615 174 145
553 317 830
200 526 935
651 829 450
661 816 518
400 62 18
591 643 225
314 763 959
163 264 816
403 16 252
529 51 780
195 954 850
38 889 10
46 438 101
350 78 799
442 725 588
404 468 642
283 372 916
614 370 196
734 603 911
181 896 64
44 848 506
515 506 676
611 302 358
414 333 586
807 84 385
488 978 958
95 940 255
146 208 240
150 259 101
853 687 466
45 832 80
173 70 148
255 467 602
574 140 566
765 807 312
530 999 422
327 770 540
616 116 349
863 247 124
161 330 686
136 348 747
401 541 130
337 210 50
25 751 768
469 329 822
914 481 841
859 70 908
526 322 773
501 421 768
877 442 819
469 195 862
85 215 83
237 4 840
136 211 426
357 333 857
625 514 341
921 907 605
226 171 202
792 706 198
545 517 138
662 18 436
784 483 970
757 496 229
367 395 965
732 912 90
992 166 403
417 733 206
866 577 738
187 99 663
279 678 600
710 249 667
619 992 446
87 855 118
712 305 216
726 208 410
674 106 133
166 882 569
292 11 579
896 120 931
242 38 103
451 89 172
35 999 682
653 928 0
914 901 990
740 62 200
630 986 861
859 419 614
265 967 888
994 690 551
119 942 995
918 368 151
441 212 145
2 426 223
355 47 563
846 666 556
184 76 426
627 731 586
58 163 804
312 654 694
459 748 636
684 22 288
125 421 29
585 693 298
812 937 685
343 185 347
460 202 490
756 54 841
195 156 137
547 571 534
605 687 451
570 438 775
328 644 934
349 348 793
664 231 313
304 68 640
944 62 105
365 476 652
604 531 411
418 393 866
909 555 924
242 741 997
960 238 914
891 60 4
204 990 336
954 620 400
494 868 537
123 974 591
997 559 343
174 983 316
531 456 211
625 636 450
645 688 473
635 135 784
974 386 302
898 434 830
174 232 335
792 76 113
192 458 522
13 997 975
669 273 426
754 394 972
748 143 24
149 84 24
163 178 234
772 245 246
260 111 569
4 600 8
614 988 926
774 253 926
958 617 128
987 981 561
573 689 52
76 389 883
880 561 825
595 561 482
577 213 685
652 235 672
517 337 295
18 404 334
328 719 19
454 335 901
489 613 489
398 694 127
428 242 254
976 885 227
548 596 651
4 47 715
560 676 763
693 425 917
627 793 137
645 409 998
693 502 774
545 731 138
706 830 563
584 397 466
542 67 787
189 48 525
830 593 932
519 83 814
738 393 231
244 206 640
723 750 428
778 862 147
375 558 334
871 616 826
796 605 833
714 697 737
683 183 465
341 54 978
145 466 694
855 67 711
589 891 781
471 183 259
982 477 380
18 801 981
939 105 780
263 630 910
716 315 136
690 30 784
100 659 426
964 689 997
214 137 424
941 248 63
910 777 406
827 400 186
522 343 438
621 845 816
771 269 144
8 722 963
312 510 526
411 398 836
646 935 324
42 369 58
835 218 572
9 670 562
169 760 873
383 73 284
584 416 392
553 735 113
916 886 767
124 749 434
635 891 795
311 398 958
395 461 569
830 412 336
367 439 431
109 322 508
250 974 97
567 724 134
80 251 882
207 345 757
953 146 639
378 657 364
458 203 989
874 553 437
157 831 959
71 717 319
117 101 335
967 976 103
111 47 251
448 249 188
874 64 862
863 910 314
847 881 96
696 511 888
207 693 68
950 958 450
937 730 768
866 750 87
98 721 296
784 137 246
55 617 880
231 299 643
996 780 984
709 591 628
351 31 883
169 516 81
420 215 451
575 643 305
951 334 363
333 680 303
92 346 46
247 305 705
95 24 230
525 853 819
776 280 37
170 316 771
867 850 320
258 15 995
967 911 496
532 134 974
387 75 127
18 113 871
165 249 457
896 909 477
921 234 409
19 911 813
943 576 919
143 712 259
597 313 713
498 637 254
74 491 813
328 610 833
260 42 641
252 744 638
404 923 746
575 720 997
973 398 55
559 590 805
566 941 698
649 868 85
925 375 738
657 264 772
513 337 141
242 160 763
477 941 483
717 984 244
919 340 73
104 841 920
915 26 597
866 801 762
604 869 160
67 31 728
151 581 733
934 787 747
961 39 648
228 384 459
881 924 208
275 388 711
337 655 876
985 80 43
290 932 477
67 931 479
239 457 538
710 874 875
788 579 813
965 348 524
874 586 927
507 994 729
990 579 627
574 73 747
882 955 174
240 572 528
585 695 413
709 734 202
683 241 546
96 43 700
535 157 231
424 528 38
502 432 678
578 445 445
326 376 424
898 752 746
639 821 293
629 937 421
868 313 932
9 740 451
955 562 514
983 758 318
235 968 504
266 623 18
84 245 63
717 123 726
861 744 537
118 35 431
953 784 523
849 39 115
179 66 791
448 784 441
335 697 128
687 962 240
867 688 147
5 529 920
273 332 724
127 58 800
781 980 718
543 785 553
107 617 476
988 537 641
569 528 565
288 598 629
69 333 689
953 872 332
391 18 843
165 262 790
79 750 478
920 277 467
596 640 13
162 44 691
80 413 739
648 406 583
702 491 542
386 268 877
779 549 900
22 484 844
877 19 597
371 760 651
42 500 42
790 293 400
259 50 934
51 0 981
324 245 662
181 172 261
471 423 709
152 432 355
501 358 503
879 133 882
240 949 629
345 754 994
829 748 79
722 92 870
120 139 470
135 315 131
594 225 710
643 78 41
534 472 614
931 516 838
589 578 984
472 783 985
146 979 537
759 708 908
829 132 714
699 299 771
723 588 581
475 559 125
973 395 662
73 140 997
537 968 617
578 388 323
215 304 194
236 97 239
172 690 794
610 891 745
434 382 40
940 553 860
964 696 742
218 457 992
136 726 150
503 138 343
619 216 684
630 473 77
644 326 141
130 440 360
455 401 406
149 965 375
764 983 333
238 744 98
279 582 284
324 395 586
905 781 18
389 179 144
753 440 32
279 46 994
190 70 724
350 36 301
523 756 72
94 960 140
336 467 958
706 110 148
286 911 391
366 805 775
130 974 605
878 223 262
870 33 73
876 891 102
990 551 997
637 221 797
734 442 787
879 978 476
346 112 22
353 181 458
681 689 748
609 903 878
485 521 467
795 102 493
174 36 776
448 500 247
875 241 855
479 509 702
73 109 292
341 656 572
634 61 905
277 793 173
597 428 503
68 605 595
96 626 689
98 999 944
840 666 472
139 683 50
796 752 802
640 843 485
936 123 821
792 239 565
537 236 262
795 418 947
985 938 197
509 44 76
585 191 886
185 176 459
764 101 124
631 704 443
467 390 705
100 493 529
207 700 708
274 329 346
729 746 190
552 27 421
994 638 888
778 578 414
158 583 595
36 883 361
59 290 598
118 545 514
784 529 606
725 450 963
502 61 764
126 902 830
312 218 138
380 164 625
160 621 798
627 326 244
752 79 9
722 292 829
7 125 944
941 599 185
673 163 760
490 2 710
482 446 596
332 437 119
37 926 131
398 801 767
566 906 188
772 653 362
199 2 124
664 486 580
804 25 150
877 444 998
197 280 550
903 743 262
751 531 184
373 946 219
544 118 963
94 792 335
88 539 844
384 745 566
601 778 689
818 144 720
373 202 730
412 438 237
319 821 319
559 129 172
232 651 597
980 812 779
816 498 173
346 512 926
291 483 502
764 576 687
645 829 356
235 919 838
612 131 801
890 197 652
955 65 547
446 634 784
715 210 198
778 294 586
250 420 81
21 31 322
261 987 833
579 98 253
810 524 437
944 159 677
400 331 209
546 232 367
652 477 687
3 142 887
575 549 364
491 575 869
832 312 827
503 972 13
182 522 443
803 284 610
763 752 224
543 183 385
643 626 11
641 418 719
571 192 491
684 142 778
683 285 376
747 455 486
708 802 646
479 992 944
844 164 959
516 603 449
707 704 610
331 592 12
929 639 242
781 40 658
598 944 518
809 584 628
604 106 446
316 251 563
700 56 716
249 185 801
692 787 693
478 969 822
436 278 787
925 299 131
721 493 174
4 828 155
100 795 49
136 733 752
7 920 226
392 745 627
82 63 457
64 563 375
335 848 803
3 305 601
816 680 217
404 470 798
910 999 947
809 735 829
444 107 582
951 770 830
835 617 126
279 469 813
294 396 379
569 785 205
977 531 770
76 532 773
708 86 360
480 382 927
865 339 955
899 636 761
666 159 109
167 822 103
652 843 608
778 250 646
141 477 882
978 621 344
435 787 357
703 667 394
789 293 147
528 263 372
203 720 715
801 205 788
28 196 707
178 573 673
495 886 21
486 823 619
261 75 190
229 448 233
656 171 412
398 889 595
380 126 407
842 844 233
196 602 73
854 32 906
320 511 659
673 179 318
398 139 726
86 152 311
363 450 630
404 766 701
668 922 965
295 513 692
381 236 274
497 118 116
272 76 222
275 802 781
180 98 514
399 255 994
788 524 837
918 916 463
359 687 396
984 292 466
796 225 536
387 958 75
922 870 898
595 657 853
175 108 945
61 319 553
465 687 352
448 850 512
974 507 166
466 448 152
762 727 926
603 761 346
211 87 724
262 584 239
211 117 392
144 289 205
705 463 196
35 378 16
174 157 361
387 454 436
234 796 526
511 152 996
113 954 630
386 948 80
853 467 968
868 412 953
134 236 78
509 861 932
147 381 926
91 940 636
631 567 330
194 347 659
808 392 805
322 919 428
423 354 705
991 623 345
473 129 505
778 909 346
732 254 511
391 688 446
714 641 227
91 997 402
725 601 730
433 93 389
168 736 291
941 466 982
515 635 38
532 210 438
16 646 710
396 634 829
839 605 246
723 92 559
582 287 337
757 959 846
635 430 614
283 493 610
855 469 158
870 23 289
712 796 368
352 740 336
646 96 895
448 51 664
643 844 493
201 737 648
608 73 465
325 604 291
576 522 279
356 116 679
156 857 15
664 127 481
907 366 162
51 575 832
588 723 804
950 716 928
498 663 781
303 832 482
640 229 974
497 28 199
60 86 101
536 862 208
997 411 638
59 524 730
411 180 160
902 416 798
775 719 769
240 810 792
673 588 700
868 905 883
463 626 109
0 0
1 1
2 1
3 0
4 3
5 0
6 1
7 2
8 1
9 1
10 3
11 0
12 2
13 1
14 3
15 1
16 3
17 0
18 1
19 0
20 3
21 0
22 3
23 1
24 2
25 2
26 1
27 3
28 3
29 3
30 3
31 1
32 2
33 1
34 3
35 2
36 0
37 3
38 3
39 0
40 3
41 3
42 3
43 1
44 0
45 2
46 0
47 0
48 2
49 1
50 2
51 2
52 1
53 3
54 2
55 3
56 2
57 0
58 1
59 3
60 1
61 0
62 1
63 1
64 2
65 0
66 3
67 0
68 2
69 0
70 2
71 0
72 3
73 2
74 1
75 1
76 2
77 0
78 0
79 1
80 2
81 1
82 0
83 3
84 0
85 1
86 0
87 3
88 1
89 3
90 1
91 1
92 1
93 3
94 1
95 0
96 2
97 1
98 1
99 3
100 0
101 1
102 0
103 2
104 2
105 3
106 2
107 2
108 0
109 0
110 3
111 3
112 0
113 3
114 1
115 3
116 2
117 0
118 0
119 1
120 1
121 1
122 0
123 3
124 1
125 3
126 2
127 2
128 1
129 1
130 3
131 2
132 3
133 0
134 2
135 2
136 2
137 0
138 0
139 3
140 0
141 1
142 3
143 2
144 1
145 0
146 1
147 0
148 0
149 1
150 0
151 1
152 1
153 2
154 1
155 3
156 0
157 0
158 2
159 3
160 0
161 2
162 2
163 3
164 2
165 0
166 2
167 2
168 0
169 0
170 3
171 1
172 1
173 0
174 3
175 3
176 0
177 0
178 0
179 2
180 2
181 2
182 3
183 0
184 1
185 3
186 2
187 2
188 3
189 3
190 1
191 2
192 2
193 2
194 2
195 3
196 1
197 1
198 3
199 2
200 3
201 2
202 2
203 3
204 1
205 1
206 3
207 2
208 3
209 0
210 1
211 1
212 1
213 1
214 2
215 2
216 0
217 2
218 2
219 3
220 1
221 3
222 3
223 1
224 1
225 0
226 2
227 3
228 1
229 3
230 3
231 3
232 2
233 3
234 2
235 3
236 3
237 1
238 3
239 3
240 2
241 0
242 1
243 0
244 2
245 1
246 3
247 0
248 2
249 1
250 2
251 3
252 0
253 3
254 0
255 0
256 1
257 3
258 3
259 3
260 1
261 0
262 1
263 1
264 2
265 1
266 3
267 0
268 0
269 1
270 2
271 2
272 0
273 0
274 3
275 1
276 2
277 1
278 3
279 1
280 2
281 2
282 0
283 0
284 0
285 1
286 2
287 0
288 2
289 3
290 1
291 2
292 1
293 0
294 3
295 2
296 3
297 2
298 2
299 1
300 0
301 3
302 3
303 2
304 0
305 1
306 0
307 0
308 2
309 1
310 0
311 0
312 1
313 1
314 2
315 1
316 1
317 3
318 0
319 3
320 1
321 3
322 2
323 2
324 0
325 2
326 2
327 1
328 2
329 0
330 1
331 1
332 3
333 1
334 0
335 1
336 0
337 3
338 0
339 3
340 0
341 0
342 1
343 2
344 0
345 0
346 2
347 1
348 1
349 0
350 2
351 0
352 2
353 1
354 0
355 2
356 1
357 3
358 3
359 2
360 0
361 0
362 0
363 0
364 3
365 1
366 3
367 1
368 0
369 0
370 1
371 3
372 1
373 0
374 1
375 0
376 1
377 1
378 2
379 2
380 3
381 2
382 2
383 3
384 3
385 3
386 3
387 2
388 0
389 0
390 0
391 3
392 0
393 2
394 1
395 2
396 1
397 2
398 2
399 3
400 0
401 2
402 0
403 1
404 3
405 3
406 3
407 2
408 3
409 2
410 2
411 1
412 2
413 1
414 2
415 1
416 1
417 2
418 3
419 0
420 1
421 2
422 1
423 1
424 2
425 2
426 2
427 0
428 2
429 3
430 1
431 2
432 2
433 2
434 3
435 0
436 2
437 2
438 1
439 0
440 1
441 3
442 0
443 0
444 0
445 1
446 3
447 1
448 0
449 2
450 1
451 0
452 0
453 1
454 3
455 0
456 3
457 1
458 1
459 1
460 0
461 3
462 1
463 3
464 1
465 2
466 3
467 3
468 1
469 2
470 2
471 2
472 3
473 2
474 2
475 0
476 3
477 2
478 0
479 2
480 3
481 1
482 0
483 0
484 0
485 2
486 1
487 0
488 3
489 3
490 2
491 2
492 1
493 3
494 2
495 3
496 2
497 2
498 1
499 2
500 1
501 1
502 1
503 2
504 0
505 3
506 2
507 1
508 3
509 1
510 0
511 0
512 3
513 0
514 2
515 0
516 3
517 2
518 2
519 2
520 1
521 3
522 0
523 3
524 1
525 2
526 0
527 2
528 3
529 3
530 2
531 1
532 0
533 0
534 0
535 2
536 2
537 2
538 2
539 2
540 2
541 3
542 2
543 3
544 1
545 1
546 1
547 3
548 1
549 2
550 1
551 1
552 2
553 1
554 3
555 1
556 1
557 3
558 3
559 3
560 2
561 1
562 1
563 1
564 3
565 2
566 3
567 1
568 3
569 2
570 3
571 0
572 1
573 3
574 1
575 1
576 2
577 3
578 2
579 3
580 2
581 0
582 2
583 1
584 3
585 0
586 0
587 0
588 2
589 3
590 0
591 1
592 2
593 2
594 1
595 0
596 2
597 0
598 3
599 3
600 2
601 3
602 0
603 0
604 3
605 1
606 2
607 1
608 0
609 0
610 1
611 1
612 3
613 1
614 3
615 0
616 1
617 0
618 3
619 3
620 1
621 3
622 3
623 2
624 1
625 1
626 0
627 0
628 1
629 3
630 3
631 3
632 0
633 1
634 2
635 0
636 0
637 2
638 2
639 3
640 1
641 0
642 0
643 3
644 3
645 0
646 1
647 2
648 0
649 1
650 1
651 3
652 1
653 3
654 3
655 2
656 3
657 1
658 0
659 3
660 2
661 1
662 0
663 2
664 0
665 1
666 0
667 1
668 2
669 1
670 0
671 1
672 3
673 0
674 0
675 2
676 0
677 3
678 3
679 2
680 2
681 3
682 2
683 2
684 2
685 0
686 3
687 3
688 1
689 0
690 2
691 3
692 0
693 3
694 0
695 1
696 1
697 3
698 0
699 0
700 3
701 0
702 3
703 3
704 1
705 1
706 1
707 2
708 1
709 2
710 2
711 0
712 0
713 1
714 2
715 2
716 0
717 1
718 2
719 3
720 0
721 0
722 3
723 0
724 0
725 2
726 1
727 0
728 2
729 2
730 3
731 2
732 1
733 3
734 3
735 3
736 1
737 1
738 1
739 0
740 3
741 3
742 2
743 1
744 1
745 1
746 1
747 2
748 0
749 0
750 3
751 3
752 0
753 0
754 3
755 3
756 1
757 3
758 2
759 3
760 1
761 3
762 3
763 3
764 3
765 0
766 1
767 1
768 0
769 2
770 3
771 2
772 2
773 3
774 1
775 2
776 3
777 2
778 0
779 1
780 1
781 0
782 0
783 0
784 1
785 0
786 0
787 3
788 0
789 3
790 2
791 2
792 0
793 2
794 1
795 2
796 3
797 1
798 1
799 0
800 0
801 0
802 3
803 3
804 1
805 0
806 0
807 2
808 1
809 0
810 0
811 2
812 2
813 0
814 2
815 3
816 0
817 2
818 2
819 2
820 3
821 2
822 3
823 2
824 2
825 0
826 1
827 2
828 2
829 1
830 0
831 3
832 0
833 3
834 0
835 3
836 3
837 2
838 1
839 2
840 2
841 3
842 3
843 3
844 0
845 2
846 1
847 1
848 3
849 3
850 2
851 3
852 2
853 0
854 1
855 2
856 3
857 2
858 2
859 1
860 0
861 0
862 3
863 3
864 1
865 2
866 2
867 0
868 3
869 2
870 3
871 0
872 1
873 3
874 3
875 2
876 3
877 1
878 0
879 3
880 2
881 0
882 1
883 2
884 1
885 1
886 0
887 3
888 0
889 1
890 3
891 2
892 2
893 1
894 1
895 0
896 0
897 0
898 2
899 2
900 3
901 3
902 3
903 3
904 0
905 1
906 2
907 1
908 0
909 3
910 0
911 1
912 3
913 0
914 2
915 2
916 2
917 0
918 1
919 1
920 0
921 3
922 0
923 0
924 3
925 2
926 2
927 3
928 2
929 0
930 1
931 2
932 2
933 1
934 0
935 0
936 1
937 0
938 0
939 0
940 3
941 0
942 0
943 3
944 2
945 1
946 1
947 1
948 0
949 1
950 3
951 2
952 2
953 3
954 2
955 3
956 0
957 1
958 1
959 1
960 0
961 3
962 0
963 1
964 2
965 3
966 2
967 3
968 0
969 1
970 1
971 3
972 1
973 3
974 0
975 2
976 0
977 0
978 0
979 2
980 1
981 3
982 0
983 0
984 2
985 1
986 1
987 1
988 0
989 0
990 2
991 3
992 0
993 1
994 0
995 3
996 0
997 2
998 3
999 3