1000
4569
130 817 915
879 343 331
107 703 772
334 709 515
334 307 816
113 919 333
243 587 287
589 281 878
110 43 680
734 288 677
708 186 121
917 541 901
883 17 757
964 637 126
412 968 126
17 517 603
989 67 476
959 290 908
718 890 985
67 933 801
394 238 937
984 254 164
151 531 878
687 342 70
444 715 834
322 583 473
880 244 834
201 455 843
827 291 497
307 707 660
917 225 779
907 976 278
479 149 254
5 376 318
297 39 252
630 492 25
535 136 772
361 946 689
370 168 707
550 792 881
400 789 412
952 294 419
719 334 554
816 665 594
567 397 337
817 643 122
102 465 917
0 304 283
58 992 242
844 225 325
413 190 175
483 792 373
690 198 16
204 48 526
924 229 591
325 117 62
19 710 318
139 883 744
433 891 565
895 87 923
107 732 660
133 434 821
414 156 440
768 52 286
785 949 393
496 488 132
221 562 882
3 133 536
975 374 33
688 723 794
492 878 973
497 804 332
857 163 304
615 347 446
128 440 578
976 490 99
266 724 861
570 6 900
812 712 211
258 758 307
726 830 464
902 961 32
881 604 964
922 909 133
26 183 989
407 619 911
101 1 314
810 493 936
40 396 411
953 782 879
221 917 273
351 798 886
24 206 339
742 865 689
728 104 677
718 288 819
473 62 900
567 875 883
505 732 558
770 854 413
532 816 37
99 439 359
160 406 560
518 109 390
777 742 835
903 192 676
990 803 51
946 625 343
842 363 329
284 192 122
167 962 330
352 987 101
306 514 975
214 715 317
615 46 686
392 397 746
164 653 780
34 98 736
726 189 337
763 508 427
974 847 628
497 885 95
253 477 521
52 887 17
470 359 929
418 79 581
156 449 326
379 314 553
799 6 4
607 797 33
80 654 667
512 182 578
942 637 936
618 198 920
459 769 982
693 113 974
232 75 359
72 182 731
756 946 847
931 334 0
446 284 666
73 182 925
170 238 554
81 611 335
876 496 989
418 269 368
7 980 150
377 740 401
615 246 196
218 383 747
319 446 980
473 10 18
767 350 786
32 766 751
570 392 659
389 608 135
188 636 950
717 618 24
944 718 55
411 764 822
222 582 586
699 478 675
247 489 793
38 433 529
497 837 601
488 948 508
493 150 647
860 980 261
314 503 155
687 79 909
142 291 322
129 877 931
961 698 765
359 272 464
220 156 55
73 429 790
134 362 476
516 200 929
943 612 727
540 794 910
381 489 85
515 983 432
834 61 217
443 636 125
854 161 973
870 646 94
255 759 453
972 720 890
324 475 192
201 402 167
453 504 772
985 956 972
582 684 453
75 375 504
577 720 408
234 875 426
691 361 274
137 506 986
45 755 704
605 217 519
511 927 647
740 222 30
234 943 179
905 863 153
182 368 858
724 664 276
327 338 898
655 279 867
689 934 745
787 783 152
816 239 742
502 948 97
774 683 413
877 693 342
484 195 673
846 692 831
833 26 359
476 339 289
186 984 577
805 57 146
622 87 462
999 145 218
92 931 748
605 255 781
519 450 201
16 383 765
821 824 961
13 500 18
941 108 387
643 441 291
625 135 872
394 172 247
326 503 109
136 839 602
445 31 665
775 979 929
901 917 899
984 425 932
70 520 276
753 672 453
377 584 240
816 735 617
264 249 614
847 159 885
780 842 988
720 44 269
662 682 311
573 258 684
334 740 735
775 347 297
898 508 89
932 222 125
698 93 933
531 743 384
986 156 288
141 243 411
427 552 147
799 80 427
114 430 912
919 701 816
496 396 105
748 243 636
427 49 246
615 121 318
125 647 247
29 390 670
54 842 499
305 495 300
831 680 328
384 124 831
646 23 383
101 788 473
212 346 932
916 866 17
673 340 267
49 680 817
190 571 562
215 582 949
77 623 716
240 589 252
778 914 981
996 161 770
388 904 35
654 746 78
783 561 562
556 981 99
233 932 284
852 305 238
271 67 976
782 852 624
112 720 755
655 780 271
213 293 370
931 997 337
577 243 558
186 609 11
656 136 861
169 895 155
511 145 184
438 590 876
32 54 146
334 560 673
643 921 654
967 432 986
933 8 781
310 539 488
450 541 654
170 676 188
469 348 670
728 570 93
350 729 8
124 41 72
112 331 44
494 503 292
765 30 51
300 553 907
282 2 999
984 779 136
597 400 519
526 537 0
438 252 242
163 370 159
889 689 553
31 280 449
551 855 991
496 501 878
855 742 405
760 70 698
651 342 831
879 58 592
822 928 125
248 904 300
988 8 763
459 131 927
886 668 278
588 651 315
278 744 415
457 349 954
504 140 401
602 112 349
30 956 273
454 482 185
995 704 910
883 526 329
540 75 366
699 147 509
728 162 946
287 256 967
23 485 650
542 495 304
588 725 755
954 740 933
303 719 55
396 717 277
521 896 619
565 993 820
946 1 903
183 486 176
185 333 97
323 768 67
443 830 390
590 554 825
942 234 523
519 959 511
660 792 413
199 95 729
750 177 266
361 638 287
651 556 507
561 233 472
430 660 542
613 888 81
779 767 244
291 63 905
82 597 681
680 852 98
705 517 518
197 966 240
910 91 795
592 606 176
271 974 648
3 972 106
581 828 227
61 740 189
505 527 268
220 270 275
60 749 199
162 617 92
687 21 941
250 584 464
805 177 145
218 127 822
792 325 100
354 963 541
283 430 115
536 212 569
164 507 405
31 785 122
108 895 743
365 446 854
279 906 309
68 459 271
631 565 281
510 826 941
551 434 450
654 786 992
983 596 614
20 880 634
283 386 193
771 202 768
570 383 733
258 3 616
380 133 338
623 311 175
281 329 395
99 572 117
587 265 515
525 685 330
921 15 60
269 149 266
922 931 939
716 180 180
638 777 967
107 285 903
446 822 314
116 511 639
192 46 264
629 682 791
570 972 496
714 165 818
419 332 715
290 232 484
246 629 777
697 830 599
977 625 587
467 230 949
792 664 738
960 694 78
751 237 943
456 592 755
456 648 175
726 890 694
192 53 84
601 386 61
233 861 982
329 324 306
706 605 552
234 905 967
545 129 695
510 558 642
164 134 343
383 918 506
882 501 755
67 132 785
762 820 807
228 447 243
543 577 73
497 527 940
367 453 924
97 767 290
235 797 932
822 681 902
792 996 853
832 899 615
568 884 714
584 650 229
136 146 689
968 624 256
224 301 815
279 70 331
965 851 521
51 400 953
375 257 73
892 801 763
340 502 979
822 582 86
12 262 347
198 968 413
279 537 180
863 364 834
678 923 157
617 819 920
298 321 918
114 224 551
404 154 93
970 675 554
798 403 682
194 626 791
224 864 302
869 928 617
582 630 149
148 322 592
228 741 872
948 834 450
651 699 454
625 95 653
276 121 685
364 918 490
155 598 647
482 175 448
721 177 464
702 644 680
60 277 424
460 242 909
653 268 935
583 92 748
845 498 397
488 408 894
957 645 304
169 137 655
118 728 14
287 365 842
306 528 801
84 451 334
616 780 502
393 912 598
791 145 118
844 127 50
616 58 81
358 814 173
185 727 532
741 572 790
557 482 571
946 96 256
673 918 246
690 286 158
297 914 105
878 963 822
388 316 589
964 374 727
305 636 220
405 399 450
451 556 612
622 504 901
523 220 214
195 440 571
1 144 754
880 189 151
240 258 774
509 925 971
287 586 62
925 85 13
185 629 376
588 34 870
841 948 761
782 883 612
517 527 429
230 706 710
706 837 703
639 951 266
920 339 690
159 2 601
756 985 513
821 616 853
695 157 476
939 567 731
401 95 419
505 501 42
484 250 682
314 55 443
636 868 679
228 839 942
865 90 538
268 477 73
646 213 862
779 689 17
404 963 625
790 299 569
279 890 872
534 436 500
307 184 955
52 426 257
494 407 645
609 997 354
893 944 364
500 625 45
815 201 986
40 315 818
347 879 180
948 589 550
836 483 400
621 183 392
60 618 250
458 942 700
260 348 763
666 509 125
653 652 824
657 221 169
911 495 297
208 415 925
527 478 6
521 223 260
817 78 430
8 377 423
813 782 733
565 570 148
808 436 902
83 730 283
210 518 124
118 224 890
706 554 968
932 451 160
93 417 399
463 798 368
645 150 417
487 88 936
780 507 609
538 445 721
238 185 392
234 853 26
808 985 138
550 776 176
111 573 597
618 810 643
640 446 559
965 112 692
890 595 67
162 383 612
675 826 302
578 849 507
811 281 118
618 710 918
551 787 720
848 20 314
968 34 361
673 571 966
700 744 474
284 750 788
689 417 327
448 378 916
660 876 665
658 838 923
611 77 586
713 638 923
946 330 506
833 125 382
439 272 12
507 552 486
653 204 447
77 770 231
681 619 210
128 593 902
497 242 239
752 259 121
99 382 569
155 879 587
916 29 498
252 907 348
263 578 629
789 224 565
15 433 129
866 651 517
451 610 481
627 580 31
87 73 849
926 332 513
249 680 639
446 922 693
223 591 758
480 529 909
601 739 125
34 623 327
594 27 90
22 443 8
697 724 181
559 192 798
200 292 270
122 667 920
864 226 530
687 113 305
652 234 201
487 460 496
861 64 833
55 717 670
678 50 743
131 757 776
728 777 152
832 779 191
725 972 106
329 790 127
755 171 123
748 250 561
440 87 149
910 438 735
406 480 187
989 905 585
953 331 179
827 851 182
327 231 708
915 87 850
789 91 974
534 19 776
479 843 158
256 452 260
519 995 517
672 574 135
450 276 305
85 39 534
482 170 918
32 358 529
522 495 495
983 41 622
719 734 882
424 995 554
168 135 632
274 618 229
898 155 219
798 959 149
189 850 17
149 0 247
671 909 712
994 720 91
858 844 690
945 152 839
125 445 102
314 466 495
91 179 809
986 756 617
649 160 64
978 277 587
451 54 393
564 217 489
111 759 56
687 839 898
381 696 749
981 191 992
332 37 267
37 479 780
362 15 226
468 318 610
599 83 19
821 902 391
290 148 986
761 575 600
963 909 147
875 680 219
939 663 670
383 308 632
577 720 109
962 535 99
82 762 979
289 777 986
993 182 236
108 231 949
286 279 450
941 255 378
661 377 642
533 667 289
33 793 973
26 414 376
908 484 640
492 463 754
786 864 167
977 550 278
605 505 239
676 211 924
738 581 136
278 479 440
0 62 34
45 180 379
620 520 47
392 46 668
107 308 235
159 422 315
211 595 654
315 441 230
768 246 117
883 270 479
289 268 536
43 514 197
455 206 398
487 796 371
265 451 511
878 374 210
757 335 558
88 30 336
825 782 653
5 469 804
718 219 20
665 114 761
88 987 10
48 7 831
229 129 934
355 500 473
677 896 439
83 251 927
424 827 15
551 86 423
736 606 627
702 826 127
787 194 755
853 461 683
70 777 30
907 664 25
994 882 40
514 816 737
170 436 793
830 237 208
747 894 699
289 34 571
911 885 248
906 518 465
648 933 292
651 994 80
277 313 417
820 852 947
59 668 123
457 534 331
559 908 15
655 935 858
237 292 443
928 69 270
735 961 79
687 3 455
975 23 227
997 946 530
948 931 651
905 84 521
404 109 554
499 886 836
921 714 368
52 800 771
577 461 374
145 224 145
862 979 223
809 321 713
258 267 40
847 328 285
279 484 389
525 759 517
501 661 872
89 803 934
983 434 490
266 796 298
968 377 576
618 388 881
339 655 769
214 46 719
684 326 459
522 730 271
733 15 163
542 134 217
817 240 281
158 92 145
853 689 880
3 185 822
161 178 123
127 275 403
900 613 45
616 923 125
322 612 105
502 991 678
729 164 681
85 339 110
563 966 637
453 553 810
784 188 130
282 533 238
576 545 651
60 511 914
627 744 490
96 109 748
376 256 997
694 320 409
600 522 198
847 254 995
455 64 192
69 436 135
169 628 445
404 962 38
267 425 307
609 981 606
280 124 25
177 950 749
663 561 791
680 862 414
604 545 915
34 540 123
904 581 528
904 264 387
729 907 640
760 898 590
264 897 108
252 570 673
748 208 150
825 659 398
576 557 920
86 343 977
726 64 308
594 802 109
791 693 856
265 574 294
891 473 155
586 104 843
181 130 749
983 749 158
673 850 391
710 697 546
796 225 190
409 195 819
677 21 186
324 680 566
656 169 715
915 764 751
839 231 309
581 340 273
346 582 957
474 998 664
711 839 536
100 75 851
400 551 727
633 325 284
408 6 74
49 192 862
777 799 186
810 295 654
994 892 251
3 655 629
403 666 495
737 23 494
168 858 330
476 384 980
383 598 938
200 383 454
467 649 566
335 635 731
460 319 681
929 829 151
679 662 238
642 876 340
565 224 173
921 795 315
487 357 184
170 186 987
989 437 947
592 162 36
875 978 260
822 805 999
207 378 203
125 935 435
368 726 978
987 686 545
677 755 951
740 719 583
465 681 218
246 910 526
117 958 282
774 404 586
706 478 949
855 15 951
311 380 0
218 610 363
166 100 130
6 162 149
949 871 759
349 186 214
253 995 766
89 841 646
134 667 785
914 351 871
422 447 984
428 392 363
945 415 641
975 813 592
409 167 165
620 770 82
278 179 96
64 588 356
834 200 702
873 170 210
964 804 192
890 360 519
818 85 215
322 502 554
798 617 362
110 778 288
687 296 273
651 407 955
546 360 635
754 655 318
398 572 924
766 504 774
197 332 128
419 203 75
628 430 854
686 137 181
807 185 837
215 653 142
897 160 141
653 718 681
34 165 456
402 305 117
467 206 950
196 212 627
162 111 233
236 845 243
103 894 83
607 14 64
446 726 118
864 443 850
244 709 963
614 260 823
219 12 163
322 375 702
930 623 843
716 764 57
918 901 769
104 9 138
5 237 345
425 16 436
256 684 369
869 94 821
207 389 665
883 735 341
196 16 626
224 349 725
208 775 759
744 184 88
605 513 22
160 614 651
478 945 60
373 517 922
308 387 330
704 544 177
912 498 158
946 13 430
705 742 623
315 596 621
623 662 431
597 654 634
853 38 710
349 868 454
923 367 531
516 78 686
646 995 688
373 455 376
228 976 613
679 776 703
470 752 546
482 652 849
675 110 61
976 570 175
988 66 390
784 162 301
43 520 796
358 220 204
181 808 647
548 768 143
940 874 389
469 927 121
853 530 25
573 144 24
324 786 75
929 834 303
733 251 904
335 423 710
398 280 578
871 968 840
269 180 744
657 599 640
66 368 934
111 645 126
89 221 769
49 54 280
969 549 578
363 510 794
585 163 433
637 231 784
171 954 460
261 192 544
605 115 694
295 195 839
677 707 807
630 891 885
894 917 770
506 178 759
273 16 721
38 367 803
429 988 935
796 125 932
46 154 317
304 258 264
88 672 463
273 564 81
820 104 583
503 15 715
83 867 908
550 154 622
558 38 840
898 600 787
484 440 721
543 980 124
944 461 570
293 997 778
146 819 589
217 672 438
928 356 742
433 15 477
991 492 169
505 718 423
657 922 301
933 631 501
837 960 867
68 374 810
412 533 853
119 210 247
861 669 460
596 339 994
378 491 633
377 521 503
353 742 252
633 39 53
251 937 532
665 842 309
330 939 316
633 299 651
49 499 478
231 590 808
479 150 320
714 444 527
345 273 283
453 759 559
553 389 32
257 220 706
306 831 294
70 298 368
992 565 821
319 176 810
355 316 691
383 779 437
550 449 817
468 786 909
832 651 974
638 287 918
147 51 838
266 412 13
438 23 485
799 198 688
940 249 857
143 358 781
261 99 626
340 921 22
106 676 917
972 291 654
897 82 995
464 520 751
45 656 67
907 149 101
76 543 955
141 285 819
461 346 13
849 888 976
681 693 638
219 917 175
316 813 8
439 59 789
168 830 19
715 999 616
964 317 449
378 622 77
926 678 63
76 460 74
915 51 625
318 69 885
688 424 588
116 65 140
694 891 759
873 784 436
857 649 7
159 585 825
106 874 846
621 95 270
488 178 200
410 983 727
812 532 22
506 494 978
315 605 816
354 475 119
385 158 805
664 190 926
940 809 139
249 230 652
161 8 163
761 946 886
682 831 841
44 970 39
426 558 392
754 865 705
369 167 101
620 411 115
599 794 387
124 886 348
396 66 749
216 384 190
589 391 229
480 792 127
644 602 281
907 852 831
402 627 898
284 112 741
821 386 532
65 897 751
212 457 851
939 235 515
380 771 612
656 647 51
992 475 625
877 34 66
244 423 769
975 99 189
172 48 271
39 902 721
292 442 85
579 29 441
142 834 275
602 383 242
245 865 435
427 334 949
770 572 733
19 520 940
819 849 709
620 923 640
142 865 79
50 576 119
357 961 953
739 651 88
0 999 890
91 315 752
274 970 375
109 727 285
570 186 126
666 519 511
126 690 372
743 409 910
467 302 644
740 586 477
480 470 549
481 586 618
788 661 37
683 738 446
640 761 545
925 843 208
695 313 841
493 773 350
842 184 142
649 666 263
640 873 942
218 625 317
935 881 803
238 348 290
363 259 53
461 262 29
801 747 297
511 632 663
154 395 302
978 337 628
323 830 978
729 815 66
315 274 600
464 736 558
325 379 951
257 333 542
353 796 409
813 588 61
817 547 106
707 950 643
995 908 304
723 400 356
465 71 196
831 520 664
472 524 593
882 803 981
801 579 3
756 218 834
953 887 674
4 495 443
31 374 257
299 681 502
789 106 456
143 533 100
732 771 125
221 22 379
505 134 171
319 241 480
461 888 529
827 499 252
735 865 515
56 320 416
236 524 544
172 993 573
276 568 572
386 382 944
6 486 720
280 107 19
817 745 498
370 576 705
949 956 606
774 94 97
625 293 811
781 682 861
429 601 790
282 13 917
772 756 31
537 930 856
100 286 940
405 540 654
978 350 57
579 809 37
457 93 763
104 430 541
107 421 972
776 955 965
110 896 5
950 212 65
550 674 825
996 145 215
928 422 623
354 154 274
663 483 155
331 419 922
868 247 154
986 494 39
450 515 501
962 406 705
518 510 997
915 183 57
154 699 596
717 779 274
559 962 657
801 480 93
566 853 33
331 815 412
714 485 275
795 543 285
393 568 861
198 603 304
630 706 786
461 886 205
208 35 777
353 627 225
375 74 430
829 721 59
959 329 450
551 548 527
566 854 377
866 45 912
903 46 630
887 826 206
932 592 418
34 58 298
334 785 230
782 3 995
658 45 562
453 808 194
663 371 758
102 177 726
785 217 71
245 93 997
584 171 130
770 47 164
938 684 708
423 523 818
335 956 523
426 348 702
320 302 33
532 938 418
527 432 695
113 297 204
783 383 441
193 792 122
287 84 508
942 398 917
355 842 14
350 108 139
908 861 32
519 468 131
275 577 890
455 37 564
809 433 497
574 540 31
652 804 86
453 383 339
394 285 768
654 371 219
880 0 100
957 943 655
112 814 116
65 976 444
645 714 4
316 99 11
666 563 187
653 661 89
236 669 17
892 35 556
467 508 407
68 874 24
634 54 378
906 767 942
129 333 154
186 67 24
887 895 885
51 183 345
684 944 894
601 84 531
104 499 905
713 99 256
565 961 303
185 683 431
423 606 558
411 17 171
223 7 259
862 268 155
300 830 696
293 59 795
70 784 710
871 822 799
805 326 115
657 741 691
747 343 315
939 986 549
606 543 179
105 114 501
665 339 794
412 740 960
434 939 499
439 436 628
769 696 425
378 574 578
134 506 444
831 768 369
842 779 307
539 977 545
165 37 673
134 207 464
953 208 364
231 151 368
28 295 285
410 429 340
660 289 839
411 125 368
97 52 478
388 58 352
5 370 694
27 952 391
863 232 688
394 918 667
461 451 539
433 9 42
798 673 925
573 877 793
182 872 456
778 173 951
740 886 539
926 361 476
468 945 807
897 697 913
672 208 356
795 406 647
40 824 815
485 770 391
325 910 789
421 425 785
819 370 928
199 655 369
382 591 284
857 755 771
619 313 743
580 420 738
403 888 9
807 271 477
563 629 683
684 127 679
512 657 965
273 358 389
289 852 868
138 857 574
178 835 402
995 399 861
799 280 934
186 63 55
146 535 245
472 993 555
524 667 110
109 656 654
226 848 241
6 724 242
129 370 830
487 944 202
885 448 548
324 227 523
488 472 826
386 120 270
424 367 299
984 446 981
309 100 22
790 102 214
305 735 756
772 93 891
234 917 108
935 865 896
935 647 383
313 567 678
280 809 210
30 219 367
519 718 919
310 180 609
687 581 867
963 395 738
684 2 256
375 683 630
671 735 593
635 223 582
890 179 149
291 734 170
779 237 231
79 496 891
776 852 158
284 824 876
223 190 179
839 65 308
58 208 367
660 237 905
861 178 739
877 962 750
922 44 758
135 282 365
669 981 999
219 555 403
39 223 938
178 625 147
787 511 187
364 870 325
639 322 297
305 199 9
766 495 301
997 416 290
570 387 906
867 911 954
917 867 84
958 866 618
860 332 580
480 55 819
420 956 253
333 219 983
459 392 60
208 748 637
473 973 797
723 795 789
490 459 972
812 862 210
0 995 992
681 20 606
827 832 5
307 650 375
338 575 662
685 238 49
130 798 726
810 642 349
97 601 230
181 335 969
829 393 416
581 940 929
20 302 240
958 171 549
17 438 559
87 672 148
706 624 601
879 77 164
534 724 388
378 67 938
230 561 593
109 785 451
680 608 289
961 973 512
793 635 473
739 332 854
281 109 791
413 285 813
613 553 391
266 16 900
364 974 749
239 978 437
182 734 149
36 729 206
782 85 797
987 671 994
336 527 834
358 219 62
907 991 864
105 355 82
894 812 87
639 699 838
962 753 192
71 385 175
73 417 964
308 143 677
44 462 363
747 227 934
494 281 404
333 791 591
668 627 213
73 719 456
844 589 55
433 111 761
665 869 889
648 214 583
480 77 541
62 43 156
736 669 616
666 359 416
603 425 691
418 923 745
291 24 966
741 994 41
115 665 465
475 672 944
267 301 733
203 787 977
105 240 673
750 677 102
623 942 619
174 265 259
890 370 247
186 847 708
660 585 469
461 214 911
108 578 326
338 952 797
108 836 428
751 290 429
251 89 563
929 811 971
479 754 604
647 955 707
798 216 420
308 298 282
4 671 170
801 324 676
550 525 437
746 476 449
184 33 556
207 380 727
28 567 708
426 682 759
559 236 19
852 413 621
152 826 771
850 293 146
389 854 183
442 773 538
600 955 335
584 585 193
278 438 942
57 381 338
304 663 985
499 587 499
781 562 640
323 790 315
450 725 936
719 356 300
239 20 678
561 435 924
158 176 698
916 473 635
825 281 483
422 410 632
857 909 971
351 955 44
515 469 909
312 545 149
523 557 186
805 218 560
565 605 557
601 970 112
46 139 968
655 931 62
670 930 909
970 386 491
403 952 359
76 173 576
96 261 914
434 14 176
957 545 519
366 122 805
315 96 55
92 523 300
906 297 258
418 789 907
676 210 241
221 375 247
643 805 463
372 96 848
683 35 433
92 220 998
326 298 961
129 675 958
347 865 443
775 824 369
435 2 655
6 214 276
28 883 841
146 622 613
725 436 964
232 56 637
785 673 305
789 67 697
686 818 520
477 857 348
945 903 174
968 792 898
529 394 782
629 897 264
363 659 879
190 448 969
502 907 665
874 244 406
799 487 925
666 186 103
524 378 11
137 466 134
149 308 390
721 669 855
54 489 71
86 534 504
610 131 672
537 965 573
567 876 474
733 310 419
806 464 71
278 984 522
852 88 570
611 284 152
863 232 656
916 498 839
952 921 101
667 861 779
360 385 813
965 611 372
750 763 22
865 443 631
993 570 587
713 157 450
597 673 922
653 833 340
687 283 863
848 796 151
764 110 652
275 592 495
866 833 146
63 884 912
126 57 574
484 956 714
806 98 768
349 980 10
448 803 197
643 722 421
493 225 37
297 712 191
510 691 391
107 294 525
458 539 620
221 271 314
479 59 707
229 550 959
359 927 707
946 868 355
912 189 76
769 536 58
882 124 546
2 930 618
504 679 514
470 717 823
387 533 95
631 851 702
770 93 135
647 739 425
130 710 73
750 198 491
50 315 427
756 209 315
572 447 951
25 166 936
122 811 634
854 843 792
825 201 704
933 437 278
374 365 251
445 171 423
478 512 628
738 877 220
58 673 265
371 307 213
738 249 993
738 293 335
369 192 725
388 729 370
213 554 315
632 979 292
13 539 269
418 111 542
379 78 529
380 626 635
524 296 317
134 374 107
569 325 344
121 110 408
405 793 956
591 518 594
256 504 46
966 991 896
399 41 153
569 914 924
193 963 411
376 571 730
595 135 80
989 645 611
447 902 438
488 199 211
147 499 550
752 824 740
611 515 995
345 340 700
269 868 320
743 983 731
4 671 811
183 807 304
664 925 265
870 81 364
914 564 277
451 954 422
838 246 229
428 572 340
25 328 813
747 234 893
107 687 182
843 949 314
193 747 535
38 688 265
381 278 828
201 235 112
130 58 2
534 313 633
426 279 987
391 90 68
526 502 651
246 984 203
588 693 383
491 934 306
368 990 701
664 291 122
661 793 144
799 272 706
160 389 825
275 438 425
624 579 688
742 553 200
761 93 856
447 751 368
859 515 578
419 41 897
855 38 289
498 410 211
990 171 907
713 194 103
427 441 328
602 245 539
134 423 988
216 350 931
960 158 710
482 276 373
767 817 420
261 620 449
454 581 826
873 575 435
62 693 36
709 519 719
416 907 282
101 18 960
957 567 762
809 426 408
211 380 205
822 741 227
468 850 818
621 430 583
385 3 677
82 719 954
437 215 311
918 279 319
391 854 33
239 149 545
261 222 718
129 431 31
38 732 64
312 741 716
238 404 86
669 442 474
35 201 101
885 573 722
772 213 38
935 645 734
26 244 553
178 589 605
327 648 266
869 451 409
26 151 165
690 717 651
624 613 281
909 561 558
305 489 774
823 72 182
118 830 412
847 404 934
387 856 372
988 794 343
936 334 393
349 547 199
833 968 572
388 470 896
208 692 567
974 313 832
25 893 709
352 681 168
595 629 143
975 855 715
225 701 15
683 911 170
498 154 319
583 892 452
779 590 958
21 601 176
998 534 62
583 961 601
742 815 574
112 461 362
664 203 211
103 761 774
501 155 463
396 702 262
577 274 251
923 417 309
351 852 681
655 297 810
134 693 77
188 126 456
56 223 560
115 316 251
1 324 60
286 255 708
984 852 125
569 811 470
641 258 7
359 773 248
887 485 825
126 610 381
268 114 402
608 334 402
904 235 621
500 410 363
563 558 138
94 230 329
419 665 346
430 476 394
157 188 171
306 671 35
599 34 538
469 584 272
813 216 239
954 736 145
27 96 539
417 22 377
230 626 833
138 487 837
497 763 880
784 31 415
419 392 869
237 702 982
163 748 701
545 70 747
79 876 696
975 282 665
376 188 472
357 746 716
309 494 916
452 825 180
7 18 210
240 326 330
502 88 848
812 738 49
394 62 82
76 834 898
229 194 553
941 554 618
541 403 103
768 3 963
561 936 181
68 25 639
12 936 365
130 930 458
929 707 396
203 121 372
508 635 951
15 93 394
878 89 522
492 346 212
7 227 537
80 22 622
284 46 343
563 430 934
312 631 675
380 186 752
703 250 622
591 779 159
10 4 929
886 355 106
782 28 620
610 602 120
16 266 127
308 153 675
137 406 145
278 353 269
446 24 811
454 769 932
831 919 747
907 998 168
390 835 265
73 886 76
850 511 636
469 826 202
607 130 14
649 705 456
675 377 259
605 719 298
584 714 203
613 526 877
202 879 233
777 400 266
786 885 241
403 169 30
981 403 194
475 259 962
496 581 844
955 213 900
815 75 523
617 574 60
670 707 512
280 107 171
458 199 412
940 689 939
334 159 322
21 88 509
797 744 133
570 110 2
510 785 801
365 245 84
697 853 822
621 918 567
107 270 303
938 926 990
843 934 666
696 44 353
221 155 382
521 390 533
273 12 531
352 1 121
920 409 397
895 24 244
229 409 353
974 395 766
377 855 908
828 480 695
497 418 467
425 581 311
736 468 703
811 431 166
805 972 978
407 663 965
330 478 931
547 343 154
710 279 331
528 382 995
811 570 762
582 230 519
138 182 922
366 117 43
469 13 549
331 531 608
303 1 238
320 395 421
854 55 312
14 358 546
92 987 960
845 367 937
666 511 621
162 785 93
293 543 37
522 605 117
715 623 994
803 392 368
725 978 457
572 708 409
993 382 435
590 559 68
65 381 885
446 425 900
645 583 341
639 69 495
923 133 238
365 947 900
28 377 501
888 292 348
121 730 763
287 643 190
881 232 502
721 896 853
142 780 222
424 962 827
841 585 674
617 597 808
881 728 426
779 760 670
754 384 144
258 409 399
601 199 797
202 934 669
757 898 233
2 207 803
813 238 0
563 28 836
506 632 473
994 854 834
316 474 112
760 167 417
236 672 932
636 98 728
755 656 521
729 864 121
591 669 639
229 687 313
519 35 196
493 846 487
349 443 900
444 777 7
431 796 759
48 420 702
743 668 376
220 163 331
469 854 57
541 22 267
843 807 735
868 689 329
994 22 131
334 45 942
36 608 95
528 633 956
977 889 34
205 83 710
987 931 780
847 818 1
715 136 506
132 807 674
759 507 465
143 303 751
374 196 934
852 783 168
560 832 208
505 840 774
868 40 840
918 369 999
191 504 835
926 673 119
267 226 757
996 471 685
8 405 9
3 887 145
186 776 277
207 449 120
346 739 183
894 29 474
609 566 723
62 21 132
147 737 945
754 207 461
929 402 474
505 488 966
81 591 304
505 871 80
583 561 179
971 314 785
38 474 448
423 562 654
124 684 499
741 100 733
312 162 446
680 350 444
267 25 148
320 321 833
286 552 593
243 260 102
636 764 963
791 55 220
488 100 501
143 321 566
308 59 59
847 726 356
110 763 75
206 785 667
605 562 680
163 568 862
732 749 769
11 590 584
533 735 185
105 59 347
374 938 195
800 113 227
638 41 897
983 765 316
189 371 27
577 53 264
880 441 485
157 332 500
838 150 454
236 342 647
895 351 292
801 68 158
841 458 724
70 562 63
11 497 640
56 852 527
46 735 768
952 995 710
969 228 154
173 395 170
501 763 795
222 560 683
738 519 271
738 739 174
607 916 245
642 282 913
289 669 745
276 90 709
886 995 769
490 328 225
635 790 14
944 560 64
314 311 80
286 951 122
149 640 689
407 204 807
767 839 569
485 20 569
687 276 457
924 347 168
872 219 46
76 297 296
647 184 482
609 422 140
479 830 406
189 52 652
687 713 977
955 987 117
947 797 251
486 536 110
261 643 304
697 375 129
864 848 590
544 290 974
621 851 498
706 772 987
106 478 437
322 801 380
648 893 240
506 563 924
263 44 76
180 695 855
2 147 774
130 138 242
166 837 113
523 920 80
361 241 289
986 63 909
189 190 573
738 861 446
236 890 466
821 172 346
481 976 690
65 553 523
481 80 248
674 749 485
407 439 421
933 706 144
925 420 145
593 272 599
653 86 478
139 772 700
499 857 650
799 900 430
3 713 836
739 647 527
744 586 666
148 684 579
319 366 586
716 594 541
586 286 913
661 194 747
828 636 505
414 925 943
395 826 189
160 626 762
884 718 127
330 813 734
576 304 46
652 616 819
667 301 901
775 603 626
226 924 641
306 596 142
962 703 958
65 345 759
644 538 132
925 758 634
912 827 840
323 790 794
598 815 219
938 334 261
397 177 390
265 669 164
102 208 175
324 882 642
722 263 848
177 155 978
413 130 175
64 844 813
463 806 381
715 772 334
450 643 44
25 333 378
173 332 749
286 451 163
344 898 788
788 796 957
598 738 332
653 948 885
508 617 964
645 687 752
654 496 484
557 47 948
617 100 361
831 380 956
177 40 6
454 964 628
623 281 831
425 798 53
498 692 435
591 504 557
438 18 418
858 483 253
716 545 494
140 845 688
217 809 48
892 722 779
180 682 732
472 655 66
461 470 230
150 977 685
645 514 38
530 217 97
91 751 769
642 349 969
838 894 306
162 475 64
926 111 632
124 120 970
206 554 249
279 398 281
698 117 521
207 784 426
963 79 127
584 362 319
554 766 937
71 716 68
510 807 363
18 564 840
992 487 365
739 781 496
723 227 90
779 526 846
285 884 311
992 816 669
472 946 464
50 368 83
856 168 873
276 295 955
240 173 246
894 862 590
116 880 499
756 777 20
604 921 176
281 2 910
275 862 261
585 800 487
621 758 81
185 392 555
549 825 922
543 61 368
216 618 615
282 884 942
990 942 156
19 706 184
393 40 97
146 952 57
70 236 577
262 112 412
599 539 241
942 594 860
117 399 120
383 861 388
730 731 450
228 529 561
314 889 489
341 114 515
200 848 221
585 875 675
252 492 59
203 530 552
991 771 995
706 55 498
453 529 605
920 814 691
557 418 849
541 754 240
509 968 781
372 973 130
664 726 886
332 730 833
41 693 12
902 167 77
57 688 235
737 975 170
537 417 750
359 141 27
510 852 328
315 231 407
276 724 393
854 243 262
567 436 24
424 141 508
634 697 834
153 102 236
962 183 374
310 132 562
324 712 463
650 272 226
387 545 411
213 113 752
121 610 720
559 483 120
771 216 844
92 184 691
769 101 839
85 448 858
196 222 323
925 814 830
866 365 655
568 60 675
558 870 932
594 228 30
357 531 324
222 899 644
24 893 715
730 401 540
869 629 425
444 508 38
485 160 163
812 368 392
375 539 20
126 529 951
65 411 568
11 468 739
529 344 53
782 169 419
215 751 801
741 309 245
923 524 99
732 417 664
966 649 588
509 452 563
702 579 740
401 145 900
194 311 943
259 771 588
603 497 226
412 847 26
524 103 49
814 548 913
577 859 64
80 753 70
528 111 132
892 533 188
23 713 766
502 985 331
809 779 380
541 489 598
144 984 340
490 153 796
745 227 206
518 731 92
811 362 430
351 455 823
235 402 454
822 104 230
332 284 520
752 182 422
305 255 506
632 869 868
740 376 764
671 478 125
524 49 479
922 546 609
674 65 280
390 993 701
43 814 572
325 526 604
258 344 118
390 711 693
156 586 468
639 523 7
671 259 135
958 804 576
164 199 937
685 736 719
844 514 538
834 495 271
100 978 898
549 243 281
104 6 780
491 186 220
630 130 832
46 892 532
355 475 487
229 313 52
533 576 287
170 179 242
374 587 915
216 946 872
282 637 982
600 688 427
691 490 499
848 23 502
386 680 641
286 681 506
359 167 94
296 582 980
734 321 339
389 996 552
49 279 607
897 551 630
791 901 618
57 158 58
56 857 115
346 662 318
779 898 640
162 902 488
49 724 335
439 336 620
2 575 179
22 249 933
655 428 869
708 242 309
742 390 482
488 13 451
988 402 718
143 938 435
100 753 326
656 243 501
913 52 912
30 499 915
727 650 75
356 212 39
500 433 791
175 606 468
486 530 147
230 465 598
949 900 743
861 573 749
901 407 264
957 623 475
658 403 658
616 963 910
778 551 356
465 438 760
375 589 59
116 488 548
757 823 311
271 324 381
147 756 970
689 629 418
954 906 891
809 647 201
84 40 359
360 341 840
965 768 490
900 283 767
434 581 136
501 997 756
279 280 874
319 837 954
313 915 945
537 888 221
619 8 516
648 420 783
825 890 790
925 940 822
967 630 751
115 506 839
331 769 253
926 988 882
726 765 83
842 500 661
876 870 20
836 699 9
246 508 1
379 786 842
669 291 411
607 769 735
293 880 695
198 644 858
163 670 795
86 530 957
129 910 736
750 315 423
676 402 843
131 526 512
54 728 640
469 228 6
312 642 68
515 479 877
51 391 810
106 320 160
377 338 563
580 402 884
524 153 578
903 87 282
405 494 689
287 189 890
700 579 877
693 356 887
218 778 681
431 743 946
489 724 254
880 345 291
695 428 46
375 516 796
912 502 848
524 928 27
929 247 71
533 89 268
920 946 541
401 338 988
133 175 479
713 474 476
770 765 393
564 562 899
792 460 936
269 510 627
605 956 60
113 554 644
36 277 259
805 346 969
522 615 143
777 168 498
646 30 199
450 857 463
389 330 541
303 159 363
528 539 968
644 699 788
833 531 52
960 38 949
298 245 337
259 511 773
249 106 771
700 291 891
468 353 282
54 253 145
584 331 454
344 350 362
552 710 538
340 806 525
351 322 899
366 656 606
466 946 390
488 723 134
115 444 167
541 65 113
309 693 400
72 81 329
584 78 866
513 720 683
871 278 940
149 574 913
652 816 409
808 195 706
500 688 798
390 528 420
66 217 331
466 862 379
685 103 259
509 810 411
397 184 807
131 775 496
780 35 990
168 248 79
371 650 87
245 634 872
692 107 566
412 9 265
452 791 260
132 121 495
748 335 889
573 672 637
278 408 71
711 994 621
151 880 269
313 597 579
699 963 183
14 972 577
828 22 916
722 854 789
514 701 440
298 423 161
29 308 30
408 110 184
247 813 487
899 705 735
708 64 486
88 270 675
462 82 244
324 87 503
334 119 699
257 29 879
735 469 353
692 388 498
68 348 560
880 941 434
958 210 634
11 954 869
645 969 521
828 200 506
606 656 915
801 739 728
222 549 587
839 426 452
894 831 348
513 692 545
180 570 264
699 432 201
678 711 576
498 849 48
398 228 920
639 473 16
284 831 652
503 758 772
86 777 244
969 539 151
845 416 164
423 767 86
603 969 845
872 313 370
315 457 336
971 980 499
758 47 261
915 943 897
693 626 446
581 754 988
5 399 770
974 662 130
341 631 800
897 99 599
599 139 187
642 921 883
258 365 563
140 707 185
809 942 141
70 541 133
407 576 550
965 527 291
964 788 911
564 677 577
279 363 577
494 625 646
495 649 5
964 79 49
607 102 716
359 283 491
557 870 588
512 536 708
545 236 636
331 462 635
755 442 492
219 909 347
792 239 420
302 307 106
609 341 20
460 13 175
507 223 711
65 843 249
28 645 111
606 602 546
673 512 903
651 686 115
719 671 214
418 619 38
932 170 968
549 832 79
656 102 221
366 861 698
980 813 227
238 599 793
965 406 607
41 360 805
664 180 264
616 535 616
467 866 957
149 838 777
3 75 413
104 53 454
568 936 879
587 795 727
888 802 208
755 281 283
252 668 208
124 368 575
697 393 134
740 213 959
204 816 80
480 880 802
272 474 570
44 274 89
666 956 253
367 175 346
859 619 183
63 261 562
38 277 755
461 409 498
303 729 725
745 81 515
985 635 768
526 239 497
656 766 170
29 895 325
310 771 263
112 90 60
482 505 723
864 992 28
630 251 73
905 760 418
843 412 88
650 567 701
465 425 632
464 703 545
626 256 905
600 794 90
211 721 776
757 365 799
451 293 96
115 92 304
945 6 345
940 667 115
539 405 157
986 321 306
894 129 965
784 833 669
120 873 376
675 758 777
713 790 811
577 567 891
194 134 341
93 739 835
450 121 871
46 600 697
996 824 143
546 23 404
965 934 225
61 245 459
868 112 842
131 909 816
312 64 795
401 180 211
562 186 227
906 389 732
34 71 2
552 187 361
175 908 787
651 377 472
901 772 97
373 795 90
531 181 528
57 81 886
741 211 98
861 165 282
788 805 898
240 448 952
208 518 250
422 546 248
541 918 653
530 435 688
809 498 137
332 7 898
833 978 573
910 726 100
476 697 937
481 855 410
442 459 603
850 463 593
897 649 985
937 902 810
497 208 410
435 597 706
316 164 700
322 594 572
526 569 183
8 693 316
448 350 904
337 569 162
304 898 807
871 48 524
379 125 101
995 937 413
163 305 484
25 388 882
900 707 954
182 548 243
83 486 336
725 571 840
466 356 774
906 846 730
134 687 376
435 595 962
993 57 20
88 99 682
663 916 540
979 947 880
186 743 617
996 379 522
267 487 818
649 712 266
505 773 389
331 289 877
953 710 376
251 754 621
173 966 415
561 400 322
96 348 507
540 155 691
148 595 926
310 839 33
867 773 46
789 792 350
864 544 692
350 812 26
634 677 670
992 269 185
72 537 152
640 345 181
471 136 997
659 674 981
618 924 154
47 273 532
227 694 131
931 502 178
850 71 68
835 46 629
499 477 323
852 412 847
275 431 973
394 666 121
128 624 296
375 945 494
995 367 912
781 457 970
143 395 363
864 971 483
478 114 363
960 708 836
214 290 303
616 189 74
863 193 605
815 561 854
735 609 176
877 576 718
420 540 565
590 345 944
295 343 228
968 351 852
697 369 652
448 763 364
223 846 330
205 715 648
632 485 303
145 583 217
653 846 608
591 181 396
952 562 633
659 834 480
867 411 740
232 961 68
717 791 129
556 622 238
842 116 91
672 563 835
11 354 879
784 174 860
822 476 291
671 526 269
408 797 944
983 488 156
532 534 413
897 424 443
961 585 45
684 512 475
529 371 735
236 628 174
56 289 613
323 311 289
742 447 333
759 58 412
382 693 531
100 462 379
855 756 227
728 670 528
319 41 957
370 770 787
873 386 137
334 996 259
387 661 924
974 306 236
193 491 292
960 310 354
709 741 325
254 400 465
641 733 540
833 311 212
702 531 631
14 396 505
704 461 688
136 321 320
804 636 664
814 408 986
401 732 209
331 428 217
600 93 982
104 984 948
821 8 235
660 868 125
915 899 175
98 358 668
848 307 696
962 871 444
929 338 61
137 10 391
792 72 776
879 878 264
579 990 228
163 28 944
407 112 167
993 944 847
542 944 230
395 408 587
809 116 243
808 643 465
605 9 989
791 542 685
589 965 958
190 428 456
596 925 697
249 388 318
30 228 494
688 730 46
61 404 633
346 827 673
859 188 240
891 257 956
412 938 46
900 921 566
682 561 373
796 270 36
951 328 112
141 954 642
769 50 101
39 527 464
234 628 463
760 904 210
896 681 586
150 858 494
475 70 942
817 139 864
763 146 547
785 490 458
973 749 775
856 503 352
191 628 966
466 809 672
922 953 352
393 12 745
4 670 378
483 826 345
632 308 353
445 371 354
329 721 286
53 615 74
664 241 91
454 851 232
588 76 926
293 482 762
98 936 959
256 899 286
218 13 746
704 97 583
501 442 681
430 40 570
75 37 208
135 650 527
746 661 92
32 393 762
148 402 367
615 136 397
824 940 417
63 32 361
606 71 114
26 15 902
968 737 527
318 324 633
16 767 559
744 833 824
268 555 732
135 451 772
394 419 970
687 290 381
221 146 78
700 399 824
125 240 278
12 633 832
275 641 425
70 609 870
951 217 328
396 23 184
911 975 708
357 924 852
115 212 311
594 464 603
654 823 904
617 457 839
961 677 523
864 239 618
754 354 221
443 655 362
29 900 981
956 976 754
733 442 436
221 298 130
707 366 514
93 515 90
962 393 586
143 417 90
600 80 517
852 53 902
282 706 673
772 967 382
140 804 324
851 790 933
11 826 680
17 837 153
762 879 343
328 60 432
95 579 773
723 564 212
98 587 284
986 400 728
872 758 91
54 860 444
200 447 970
8 452 481
763 977 769
886 740 357
412 97 563
244 659 367
435 211 150
305 490 604
197 978 0
974 451 448
375 483 700
878 71 64
736 4 322
87 108 448
668 342 683
135 454 141
991 396 741
145 89 779
937 280 669
533 608 507
706 321 908
450 539 562
934 310 573
932 640 437
842 444 371
691 878 50
166 956 963
616 867 425
14 506 875
715 267 251
600 853 73
429 193 38
498 357 294
440 343 756
423 954 570
309 999 159
579 146 129
501 996 95
188 432 509
473 492 671
344 742 982
727 469 892
334 897 860
647 71 483
154 767 769
272 824 652
933 546 202
861 636 881
495 324 446
464 888 445
731 1 871
599 516 357
809 168 132
473 512 590
163 698 93
185 736 191
994 192 387
312 464 584
969 541 611
555 893 760
98 274 521
682 226 266
934 994 140
517 961 637
123 153 107
195 750 80
484 785 272
491 816 99
732 140 39
518 393 861
771 230 702
37 320 494
802 911 124
37 951 169
832 706 449
203 64 890
173 680 279
109 111 809
134 983 894
87 153 307
443 938 896
599 125 687
487 864 292
704 350 109
642 283 67
542 685 530
200 644 248
46 109 204
554 711 27
81 101 3
619 25 50
251 403 930
442 564 175
463 935 737
648 773 528
879 958 658
991 888 54
166 164 112
805 30 466
281 970 411
895 913 480
772 47 431
296 304 664
825 179 993
848 739 955
436 905 209
715 711 857
372 630 695
700 412 298
168 220 651
183 923 533
550 768 568
190 132 660
73 296 332
544 282 263
432 724 995
238 512 717
617 354 46
447 356 696
751 150 501
141 408 660
357 188 259
377 882 185
518 969 918
763 151 537
832 310 427
90 849 888
482 98 140
159 245 706
111 40 718
824 146 814
404 832 73
553 296 636
431 388 895
527 203 603
117 319 74
577 658 219
321 66 164
252 315 735
129 349 937
793 371 433
608 399 128
718 618 70
425 526 982
241 370 799
293 198 729
467 479 401
865 718 101
509 252 901
801 47 202
480 93 646
178 267 322
450 652 105
664 618 440
785 774 949
995 665 274
714 873 471
273 72 39
384 473 670
35 977 161
705 846 294
875 394 966
602 493 191
175 80 475
615 856 398
556 464 182
732 177 28
510 619 377
860 734 825
730 219 822
617 15 28
86 224 504
456 397 542
582 596 130
105 502 638
774 776 193
180 626 541
997 490 872
252 845 242
712 765 560
886 995 668
409 867 527
119 409 333
436 746 837
33 487 420
93 810 377
920 656 541
458 366 877
840 925 321
675 937 681
845 72 407
529 795 364
595 838 490
440 845 998
230 665 184
117 594 315
248 258 517
521 955 967
310 792 106
689 660 887
537 691 123
948 383 772
4 847 161
612 876 341
474 564 943
263 836 315
74 378 74
122 202 563
302 115 80
723 578 646
315 320 197
846 932 575
906 925 370
913 460 68
86 306 823
596 226 352
668 849 318
281 581 230
457 637 103
241 319 926
908 169 428
860 6 930
853 468 880
132 579 15
662 37 374
935 231 648
256 750 120
799 55 321
766 665 794
107 158 134
179 158 981
408 933 915
492 187 318
795 620 797
180 778 118
826 589 262
681 632 80
300 691 109
200 610 136
28 229 512
236 829 623
997 919 76
991 651 929
22 124 513
653 345 834
835 201 627
555 479 589
27 691 675
140 332 3
641 906 538
654 756 176
934 788 193
499 387 516
302 253 605
611 159 48
793 294 415
215 100 15
483 463 655
148 543 187
368 743 947
518 382 377
341 412 361
647 301 10
684 773 655
400 852 1
171 966 62
680 217 812
741 436 174
342 758 617
473 842 870
89 472 253
872 77 897
726 802 74
167 163 399
370 436 965
575 143 393
124 828 431
504 222 83
682 268 443
62 462 74
777 893 636
494 68 599
868 251 405
271 906 640
15 423 50
729 977 356
969 57 289
963 145 993
872 195 972
311 4 863
800 46 89
895 758 956
581 261 780
779 841 144
444 939 714
520 452 987
398 754 492
294 20 961
156 0 262
209 366 807
634 414 189
856 927 628
544 196 990
657 294 177
790 965 166
401 622 502
204 338 941
256 469 605
795 586 775
889 555 822
820 648 115
808 393 880
74 936 95
279 690 605
401 353 407
890 241 705
181 307 972
439 597 200
483 274 601
269 959 16
184 922 389
716 196 281
695 84 212
696 384 247
147 674 704
145 683 731
919 779 782
44 301 652
393 781 269
117 932 105
14 59 42
39 219 731
324 326 836
510 418 965
601 660 116
269 954 677
553 267 838
107 791 620
708 820 930
646 86 728
769 108 303
54 881 284
478 546 935
668 25 803
185 773 915
182 441 738
870 555 531
843 798 478
475 703 147
530 189 472
612 723 167
28 176 820
301 598 913
737 261 297
497 480 186
924 975 259
167 10 459
122 139 355
81 748 405
965 294 580
316 283 994
374 629 697
268 281 660
546 25 121
176 200 632
465 446 852
545 959 782
665 170 934
151 482 679
403 385 344
276 213 579
15 948 197
859 257 737
691 18 293
915 530 396
468 140 558
484 276 596
374 25 204
683 537 462
732 745 933
655 913 451
364 851 240
498 279 356
855 565 187
10 828 968
214 554 581
672 962 811
483 103 998
203 618 427
709 915 799
517 141 546
958 314 634
367 95 521
38 766 286
724 572 202
513 454 812
691 983 826
498 335 863
829 235 725
289 49 146
914 130 382
108 280 494
803 7 274
190 146 200
651 190 624
264 788 795
82 980 784
458 643 652
978 874 538
56 889 442
245 482 205
106 988 950
456 448 526
375 963 236
132 976 595
268 19 13
301 969 242
969 906 15
989 881 411
192 926 432
134 14 236
857 167 737
614 292 256
90 367 662
311 701 739
221 589 579
286 339 883
595 623 401
138 706 26
208 936 384
230 737 890
435 392 790
806 454 409
245 469 586
131 35 399
412 397 208
339 118 404
681 242 765
23 165 759
670 492 710
20 396 381
271 842 917
849 811 325
726 892 773
58 106 544
524 497 997
706 645 739
547 518 89
848 627 915
489 624 469
611 665 726
365 401 813
638 455 661
965 841 861
752 509 616
719 340 625
676 899 946
299 485 374
483 104 135
971 960 525
244 312 704
679 124 275
27 639 24
426 631 408
152 552 11
933 317 959
839 753 822
687 138 928
557 190 461
955 185 687
674 941 745
46 261 684
436 672 298
451 267 93
212 999 450
157 949 82
431 871 505
734 38 598
301 40 413
104 444 304
464 967 29
203 9 91
259 548 823
827 598 986
654 417 229
884 324 274
382 48 997
779 922 255
538 819 293
407 315 777
742 0 629
991 587 895
629 985 603
278 923 635
195 427 827
144 924 632
26 688 24
420 978 72
407 181 455
213 338 8
558 200 947
299 989 207
533 558 819
529 43 698
582 563 138
129 622 386
430 952 519
282 395 488
666 781 196
433 972 985
912 388 270
948 869 888
992 952 724
618 831 416
882 629 223
416 383 197
159 486 337
857 209 15
809 32 136
498 612 332
796 73 256
797 157 601
442 466 959
533 182 915
462 353 167
804 126 408
952 772 183
676 373 88
426 734 825
857 8 783
456 68 219
758 872 490
749 221 539
884 252 489
472 474 280
381 609 931
680 636 429
273 749 487
945 202 360
604 684 636
272 314 335
881 846 163
317 710 327
741 536 217
670 536 141
39 68 945
707 411 84
131 358 119
62 637 526
495 135 48
276 594 342
378 361 795
380 514 502
999 670 875
966 768 982
697 752 54
986 912 205
908 796 944
77 872 667
873 384 832
164 11 555
579 327 401
648 40 174
262 149 437
481 590 86
432 993 972
834 909 670
696 577 390
679 771 351
142 909 227
891 332 130
99 555 642
43 254 770
318 447 83
744 734 100
81 513 942
810 605 974
56 921 917
797 186 278
32 262 15
827 199 572
374 365 82
563 845 802
40 625 614
128 392 70
973 838 920
452 907 847
887 92 167
766 877 486
889 16 131
945 848 315
571 148 612
373 473 708
408 689 192
215 184 744
150 613 355
983 436 37
456 369 256
953 719 125
732 688 157
146 347 106
922 317 313
162 247 587
779 187 427
152 154 401
724 100 176
387 382 688
684 814 710
474 398 771
102 881 845
241 822 545
393 480 380
308 4 274
238 222 672
272 572 54
511 763 949
848 535 67
74 241 878
641 494 213
496 11 685
111 48 829
237 527 415
178 989 268
864 786 335
660 498 503
333 637 501
41 528 754
366 429 391
326 822 553
228 22 145
471 582 528
631 58 973
936 218 538
624 938 76
396 894 451
534 604 201
577 571 58
204 155 75
700 274 984
361 962 408
839 556 31
760 790 137
227 218 892
528 293 59
192 299 270
377 537 497
431 511 541
797 419 463
21 208 854
323 478 786
385 509 636
997 25 955
382 59 105
787 183 353
289 713 158
251 333 52
449 862 760
396 866 554
513 303 469
626 22 243
864 525 867
569 216 939
867 921 279
598 965 661
419 540 406
554 454 183
945 235 405
493 597 281
433 533 976
99 255 267
593 914 30
785 942 955
782 235 330
8 13 892
178 680 283
105 406 344
668 158 483
81 2 832
288 369 98
24 883 770
515 334 810
465 525 450
85 690 116
676 722 38
830 288 547
356 386 556
231 289 293
722 12 620
48 686 279
819 384 11
320 283 737
301 57 217
52 553 383
946 618 989
634 197 99
28 629 61
340 369 498
961 312 204
897 736 709
673 353 111
54 409 550
842 907 78
550 37 907
887 29 608
841 493 336
745 662 360
683 671 210
782 673 25
474 912 576
332 308 788
290 529 160
887 207 876
820 273 395
573 554 554
48 669 917
514 609 143
655 588 81
316 492 943
534 886 444
521 250 379
169 888 34
535 976 283
493 407 413
71 155 487
191 72 514
99 413 702
745 521 576
828 397 591
45 595 218
689 937 970
825 923 915
759 397 844
130 483 94
318 122 820
833 972 75
789 190 868
822 714 494
999 189 720
43 407 829
344 64 667
864 429 936
663 273 614
215 820 157
299 272 457
704 240 248
434 964 390
442 816 716
402 822 811
897 141 229
356 738 804
117 884 982
804 317 626
987 74 11
750 93 632
284 459 603
770 175 426
343 592 650
843 807 721
597 725 52
177 571 141
137 418 981
341 365 653
145 761 747
654 706 791
101 559 614
184 988 342
994 905 723
188 312 995
724 867 908
375 201 538
598 80 587
739 725 280
518 359 901
936 179 786
794 864 26
35 689 540
398 478 490
198 283 615
220 83 615
143 208 521
185 879 560
82 625 95
322 241 211
47 825 167
664 776 59
934 852 610
863 18 70
870 204 946
168 786 982
290 873 617
36 735 877
229 623 178
522 301 309
843 266 615
837 232 934
360 192 35
396 882 661
592 916 110
596 472 795
978 467 298
160 400 259
487 557 562
857 595 582
172 230 592
834 531 318
83 241 466
164 690 840
880 436 123
80 905 701
420 735 594
580 478 214
416 584 656
902 574 161
251 550 706
982 345 393
596 492 699
143 968 875
895 907 308
562 337 654
266 636 869
977 638 212
721 442 580
328 735 247
867 389 799
618 185 540
780 885 794
509 875 949
683 233 644
374 906 154
801 483 744
622 417 739
992 947 232
60 873 465
818 515 229
262 799 291
451 934 55
373 36 128
367 90 98
891 920 862
186 527 697
898 469 968
517 805 47
648 612 547
63 80 84
820 407 610
39 512 459
164 767 470
516 902 335
292 576 365
391 737 978
625 147 304
88 616 643
755 995 581
379 872 85
914 46 844
306 483 749
659 708 97
264 474 954
281 501 61
143 517 142
637 6 916
392 871 931
162 973 809
344 650 984
82 42 255
381 636 731
471 552 164
952 671 142
937 378 187
315 127 632
663 466 425
255 583 814
939 161 962
543 964 863
429 494 428
521 731 844
577 73 666
940 911 70
214 717 4
531 946 431
763 867 488
617 286 826
932 12 782
547 328 862
656 10 766
670 745 644
73 53 166
830 606 236
284 302 785
553 96 157
443 941 246
704 934 657
32 621 633
232 872 564
281 906 847
728 458 536
243 586 771
560 610 925
157 129 187
759 263 463
906 92 33
954 629 503
19 520 900
909 376 567
371 177 58
273 988 497
916 183 447
241 847 990
444 326 244
538 44 460
440 342 486
602 806 977
563 685 437
887 766 231
692 148 659
356 404 80
860 560 60
850 100 716
724 346 131
144 585 934
639 544 325
496 304 526
968 172 671
711 618 174
272 552 248
412 274 983
456 263 69
672 608 614
95 425 188
550 748 558
449 934 308
712 111 63
861 195 924
369 992 13
425 107 209
307 814 366
894 813 982
330 182 95
894 134 52
921 887 256
114 576 606
614 392 174
842 18 537
802 421 337
737 690 46
507 408 529
434 986 216
45 860 440
412 850 833
435 592 307
240 460 183
264 670 81
56 389 283
350 362 983
789 19 107
579 893 60
201 878 341
401 497 589
878 645 400
691 921 870
886 557 999
324 437 403
69 965 4
952 852 73
710 263 744
146 475 272
671 549 965
629 901 884
570 52 776
88 233 874
803 337 205
862 387 334
368 690 962
498 101 258
889 602 318
310 423 634
388 393 743
535 423 828
618 258 607
668 970 454
701 11 540
243 747 482
948 24 449
198 270 682
750 953 1
325 94 667
93 764 101
491 881 110
304 616 208
20 209 711
794 363 247
64 26 536
580 495 344
449 917 215
735 25 756
969 985 897
439 544 558
483 413 808
968 178 589
19 770 355
735 788 677
933 879 342
821 180 714
248 547 246
672 208 651
173 881 515
604 37 420
975 53 435
666 494 253
104 142 242
427 235 331
716 27 229
638 283 507
174 578 74
737 424 626
59 488 404
876 39 441
938 757 731
333 381 738
549 913 547
29 12 502
776 485 26
546 463 494
960 964 39
640 128 428
751 118 297
362 239 763
743 456 659
787 909 756
237 161 899
41 894 390
819 262 298
993 97 198
211 662 967
552 719 509
992 898 733
368 874 245
63 516 244
839 244 102
29 632 719
921 895 445
992 579 272
673 686 350
70 150 664
197 331 281
565 396 803
759 489 95
978 185 357
167 80 439
189 33 502
761 701 519
777 70 447
90 559 930
998 839 686
952 685 704
551 604 495
449 133 409
325 8 275
865 471 199
366 381 534
439 763 91
876 470 545
712 516 624
25 337 812
778 321 783
49 202 164
128 673 25
123 78 423
929 568 73
201 521 489
638 411 388
334 287 221
639 302 248
522 707 847
902 101 112
116 722 587
464 686 464
547 162 106
748 862 297
854 764 639
58 458 244
37 338 907
531 50 180
690 941 85
958 449 217
938 52 247
697 793 997
746 318 8
96 981 864
791 962 741
201 249 24
797 676 794
752 52 757
699 544 34
601 569 458
457 570 45
29 602 481
29 254 802
780 451 766
350 117 66
930 907 654
546 103 20
340 807 806
751 338 831
444 701 670
520 494 973
997 556 812
285 192 881
544 523 253
62 354 87
875 215 643
303 617 687
639 290 431
711 193 594
376 52 879
507 178 374
715 349 931
937 890 404
761 269 0
651 70 465
27 639 864
92 509 75
936 263 716
183 517 38
376 959 26
296 109 145
412 256 677
364 760 48
950 399 608
518 162 613
97 864 651
376 13 618
869 146 674
180 394 303
310 668 358
439 812 789
716 201 477
533 293 557
367 901 612
678 592 244
36 203 139
548 944 26
582 830 369
233 289 208
286 743 380
264 185 170
959 900 93
833 66 790
557 32 480
759 166 104
815 483 978
472 530 497
695 736 539
294 719 517
204 670 58
988 240 520
446 440 470
495 472 34
885 84 793
962 385 740
749 839 843
32 862 323
994 122 263
579 420 278
29 115 7
80 812 858
277 692 843
255 490 405
186 781 806
11 841 434
216 346 538
169 473 164
343 39 129
215 242 562
358 458 37
50 317 647
997 944 73
236 40 320
485 305 322
43 95 985
510 357 534
849 619 899
297 345 608
460 879 703
289 189 15
623 72 572
308 622 274
544 594 536
621 780 982
788 144 241
151 253 3
471 485 954
573 105 572
829 992 868
675 519 40
791 391 641
905 764 632
940 146 458
256 206 385
199 763 457
179 195 743
345 194 158
273 330 179
372 103 252
275 222 667
952 476 227
92 714 889
453 599 969
64 379 461
199 704 386
581 544 237
348 137 843
236 202 487
137 326 234
699 549 904
291 753 288
907 521 439
5 370 448
664 224 149
179 833 854
980 137 62
828 903 951
568 963 682
271 341 147
825 630 991
92 364 182
708 451 669
167 115 389
911 644 676
406 532 798
409 143 427
532 49 29
563 350 380
89 663 832
668 55 749
126 815 318
932 798 159
200 128 953
619 103 561
779 194 942
135 828 587
205 123 903
948 358 840
55 895 439
688 702 371
930 399 284
849 969 878
912 670 472
776 717 957
550 952 475
394 60 351
121 200 516
435 372 147
143 566 519
819 861 83
956 722 4
798 973 245
16 232 702
5 871 109
192 697 79
739 789 465
359 779 227
689 640 620
147 241 462
119 670 132
295 723 104
108 868 6
153 982 497
909 614 891
944 361 979
545 736 305
115 314 810
460 894 303
816 974 669
200 368 461
545 309 243
266 159 932
808 154 706
642 71 335
376 345 480
282 642 237
543 902 606
94 877 179
177 128 751
229 329 561
292 597 430
998 902 735
38 346 278
866 780 741
214 651 756
663 138 940
596 732 598
427 86 543
194 143 506
216 134 114
665 340 171
278 699 166
955 434 364
218 939 412
656 863 244
255 719 682
528 264 230
123 242 760
411 240 170
472 405 978
831 494 862
892 913 952
808 170 731
230 795 207
212 818 74
649 337 863
653 865 468
703 67 321
578 348 620
135 967 470
843 265 173
53 522 588
765 751 430
821 330 97
799 590 164
123 562 755
579 436 501
346 929 237
9 809 364
534 319 943
255 35 613
321 151 686
458 443 536
577 454 768
295 795 770
266 567 983
632 935 220
64 448 125
361 918 859
173 427 161
648 269 414
59 47 749
190 999 584
103 268 590
884 20 33
151 863 170
49 524 701
46 133 578
754 392 508
151 255 455
276 815 670
404 683 442
652 600 290
687 0 914
977 362 237
958 985 339
833 100 779
897 240 110
47 491 23
851 219 786
178 311 136
43 441 347
46 611 349
222 973 89
612 49 113
560 187 528
52 17 689
916 230 633
470 665 549
984 977 468
936 496 302
823 534 66
10 893 643
853 783 347
304 176 652
256 292 743
309 102 274
695 316 385
957 389 287
752 686 595
456 237 728
931 502 352
377 543 364
442 875 87
362 106 893
102 613 660
465 663 453
113 963 843
473 39 512
65 252 793
115 125 922
359 440 574
797 258 72
45 391 654
0 1
1 2
2 4
3 3
4 3
5 0
6 0
7 2
8 2
9 0
10 4
11 0
12 4
13 3
14 2
15 0
16 4
17 0
18 0
19 0
20 4
21 2
22 2
23 3
24 3
25 1
26 4
27 4
28 2
29 3
30 1
31 1
32 0
33 2
34 3
35 0
36 4
37 4
38 2
39 3
40 3
41 2
42 3
43 3
44 0
45 0
46 3
47 4
48 1
49 1
50 2
51 2
52 2
53 3
54 4
55 2
56 2
57 4
58 1
59 3
60 2
61 1
62 4
63 4
64 1
65 3
66 3
67 2
68 4
69 3
70 1
71 2
72 3
73 1
74 0
75 1
76 1
77 0
78 3
79 1
80 1
81 2
82 4
83 3
84 2
85 0
86 2
87 4
88 4
89 3
90 0
91 1
92 0
93 1
94 1
95 4
96 3
97 4
98 0
99 3
100 0
101 4
102 4
103 1
104 1
105 1
106 4
107 1
108 2
109 1
110 1
111 2
112 1
113 1
114 4
115 4
116 1
117 0
118 3
119 0
120 0
121 4
122 3
123 0
124 4
125 3
126 0
127 2
128 0
129 1
130 2
131 4
132 3
133 4
134 4
135 3
136 3
137 2
138 3
139 2
140 4
141 0
142 4
143 0
144 0
145 2
146 1
147 3
148 0
149 4
150 3
151 0
152 2
153 1
154 0
155 0
156 2
157 0
158 2
159 3
160 1
161 3
162 4
163 1
164 2
165 0
166 4
167 2
168 2
169 4
170 0
171 1
172 2
173 4
174 3
175 0
176 0
177 2
178 2
179 4
180 1
181 0
182 2
183 0
184 1
185 4
186 1
187 2
188 3
189 4
190 0
191 4
192 0
193 3
194 3
195 2
196 1
197 3
198 1
199 1
200 2
201 4
202 0
203 2
204 4
205 2
206 1
207 1
208 3
209 3
210 1
211 0
212 0
213 3
214 2
215 3
216 2
217 1
218 4
219 2
220 4
221 4
222 2
223 4
224 0
225 2
226 4
227 1
228 0
229 4
230 0
231 3
232 0
233 0
234 1
235 0
236 2
237 4
238 1
239 0
240 2
241 1
242 2
243 1
244 0
245 0
246 2
247 1
248 4
249 3
250 1
251 1
252 4
253 2
254 1
255 2
256 0
257 2
258 1
259 0
260 2
261 1
262 2
263 2
264 0
265 2
266 2
267 3
268 2
269 2
270 2
271 0
272 3
273 2
274 2
275 1
276 1
277 0
278 0
279 2
280 0
281 0
282 2
283 2
284 2
285 2
286 1
287 3
288 0
289 4
290 1
291 1
292 3
293 4
294 3
295 3
296 3
297 2
298 3
299 1
300 3
301 2
302 1
303 1
304 4
305 4
306 3
307 2
308 2
309 1
310 2
311 4
312 2
313 2
314 1
315 0
316 1
317 4
318 0
319 3
320 3
321 2
322 4
323 0
324 3
325 3
326 4
327 2
328 4
329 2
330 0
331 2
332 1
333 3
334 4
335 4
336 4
337 0
338 0
339 4
340 4
341 1
342 4
343 4
344 3
345 0
346 1
347 4
348 0
349 2
350 4
351 3
352 3
353 1
354 3
355 4
356 2
357 2
358 1
359 1
360 3
361 0
362 3
363 4
364 2
365 4
366 1
367 3
368 0
369 1
370 4
371 3
372 2
373 3
374 2
375 3
376 1
377 1
378 4
379 2
380 2
381 2
382 0
383 1
384 1
385 4
386 4
387 1
388 2
389 3
390 0
391 3
392 2
393 3
394 3
395 1
396 0
397 4
398 1
399 3
400 4
401 3
402 3
403 0
404 3
405 1
406 3
407 2
408 2
409 3
410 4
411 1
412 3
413 1
414 3
415 0
416 3
417 3
418 0
419 0
420 4
421 4
422 2
423 1
424 4
425 0
426 1
427 3
428 1
429 2
430 2
431 0
432 2
433 1
434 1
435 1
436 2
437 4
438 2
439 1
440 3
441 1
442 1
443 4
444 0
445 4
446 1
447 1
448 3
449 0
450 3
451 0
452 1
453 0
454 2
455 2
456 0
457 3
458 3
459 3
460 0
461 4
462 3
463 0
464 3
465 3
466 0
467 4
468 3
469 2
470 3
471 1
472 2
473 2
474 4
475 2
476 0
477 1
478 3
479 2
480 4
481 3
482 3
483 4
484 0
485 0
486 1
487 1
488 4
489 0
490 0
491 0
492 3
493 4
494 3
495 0
496 2
497 1
498 3
499 0
500 0
501 3
502 0
503 2
504 3
505 2
506 0
507 0
508 3
509 3
510 1
511 3
512 0
513 0
514 1
515 0
516 1
517 2
518 2
519 2
520 4
521 3
522 4
523 3
524 0
525 4
526 1
527 0
528 1
529 2
530 3
531 4
532 0
533 0
534 4
535 2
536 3
537 4
538 1
539 0
540 2
541 1
542 2
543 2
544 4
545 0
546 4
547 1
548 1
549 0
550 2
551 0
552 4
553 1
554 4
555 4
556 1
557 2
558 4
559 3
560 1
561 2
562 2
563 3
564 3
565 2
566 2
567 3
568 0
569 4
570 3
571 4
572 0
573 3
574 3
575 1
576 1
577 0
578 1
579 0
580 1
581 3
582 4
583 3
584 0
585 4
586 0
587 3
588 2
589 1
590 1
591 1
592 2
593 4
594 2
595 2
596 1
597 0
598 4
599 4
600 2
601 3
602 2
603 2
604 2
605 3
606 4
607 3
608 1
609 3
610 3
611 1
612 2
613 0
614 4
615 1
616 0
617 2
618 0
619 3
620 0
621 1
622 0
623 1
624 2
625 2
626 4
627 2
628 0
629 0
630 0
631 4
632 4
633 0
634 2
635 2
636 1
637 1
638 4
639 0
640 2
641 0
642 0
643 2
644 0
645 4
646 4
647 4
648 1
649 3
650 1
651 3
652 4
653 1
654 4
655 0
656 2
657 1
658 2
659 1
660 0
661 4
662 2
663 1
664 4
665 2
666 4
667 1
668 0
669 0
670 2
671 4
672 0
673 2
674 0
675 0
676 2
677 0
678 1
679 0
680 0
681 0
682 3
683 1
684 1
685 0
686 4
687 0
688 1
689 1
690 4
691 2
692 4
693 3
694 2
695 4
696 4
697 4
698 4
699 1
700 4
701 3
702 2
703 4
704 3
705 1
706 1
707 3
708 3
709 3
710 1
711 2
712 4
713 2
714 1
715 4
716 3
717 1
718 4
719 0
720 4
721 4
722 3
723 0
724 3
725 1
726 3
727 3
728 0
729 0
730 0
731 4
732 0
733 3
734 4
735 0
736 1
737 2
738 0
739 2
740 2
741 4
742 2
743 2
744 3
745 4
746 3
747 2
748 0
749 1
750 3
751 2
752 1
753 3
754 4
755 3
756 2
757 2
758 3
759 3
760 4
761 0
762 1
763 4
764 2
765 0
766 1
767 3
768 4
769 0
770 3
771 3
772 0
773 0
774 4
775 0
776 3
777 3
778 3
779 0
780 2
781 0
782 1
783 3
784 0
785 3
786 0
787 4
788 1
789 3
790 3
791 0
792 1
793 0
794 1
795 1
796 4
797 4
798 1
799 4
800 0
801 1
802 1
803 4
804 3
805 3
806 1
807 2
808 4
809 3
810 2
811 2
812 2
813 3
814 4
815 3
816 3
817 0
818 1
819 0
820 4
821 3
822 2
823 1
824 4
825 3
826 3
827 2
828 0
829 1
830 1
831 1
832 4
833 2
834 3
835 1
836 0
837 2
838 1
839 4
840 3
841 1
842 3
843 0
844 4
845 1
846 2
847 2
848 0
849 4
850 1
851 0
852 0
853 0
854 4
855 4
856 0
857 4
858 0
859 4
860 3
861 4
862 3
863 1
864 3
865 3
866 1
867 2
868 4
869 3
870 1
871 3
872 4
873 3
874 1
875 2
876 4
877 4
878 0
879 3
880 3
881 3
882 2
883 4
884 1
885 4
886 3
887 2
888 2
889 3
890 0
891 3
892 4
893 2
894 4
895 1
896 2
897 2
898 1
899 3
900 1
901 1
902 0
903 2
904 1
905 3
906 1
907 2
908 1
909 0
910 0
911 3
912 1
913 3
914 0
915 1
916 4
917 3
918 4
919 4
920 0
921 3
922 2
923 2
924 3
925 2
926 4
927 4
928 4
929 4
930 0
931 3
932 3
933 0
934 4
935 1
936 1
937 3
938 3
939 2
940 0
941 1
942 0
943 0
944 3
945 4
946 1
947 2
948 2
949 4
950 4
951 2
952 1
953 4
954 4
955 0
956 2
957 2
958 4
959 4
960 1
961 1
962 1
963 4
964 0
965 2
966 2
967 4
968 4
969 3
970 1
971 2
972 0
973 0
974 4
975 0
976 4
977 1
978 3
979 1
980 1
981 2
982 4
983 3
984 4
985 1
986 0
987 2
988 0
989 0
990 2
991 4
992 4
993 1
994 1
995 0
996 0
997 2
998 1
999 3