1000
3177
650 38 752
520 284 621
35 486 441
267 228 286
306 930 558
251 722 611
355 374 839
584 377 51
328 117 617
280 285 49
691 799 654
592 983 547
528 455 240
462 558 880
808 958 201
580 732 670
87 845 858
812 762 879
867 904 706
731 769 187
870 824 697
70 964 856
742 93 357
400 861 221
961 514 352
101 319 77
518 435 43
497 992 780
771 221 463
216 193 496
967 872 974
887 268 313
715 770 377
638 793 952
2 62 959
261 909 651
18 681 830
685 786 10
465 656 871
187 150 733
976 519 606
70 545 617
461 87 977
406 426 843
53 885 728
978 847 716
45 325 83
626 721 279
948 572 180
772 298 587
301 24 821
41 359 722
899 906 176
284 496 288
379 106 96
167 538 196
885 733 342
726 970 571
355 612 169
942 260 185
852 935 489
94 645 684
132 614 904
660 17 938
881 112 239
762 2 131
299 565 580
202 957 467
91 696 32
135 38 17
171 423 783
731 191 229
193 551 421
220 400 151
297 66 486
662 533 821
857 587 151
287 695 641
377 261 87
1 252 531
243 626 499
944 941 215
594 418 778
556 989 519
719 953 46
571 779 308
793 644 980
397 742 935
970 792 226
871 772 103
260 644 72
601 7 303
79 358 348
456 355 515
964 611 987
241 826 731
117 409 302
684 923 657
662 204 192
693 47 171
897 952 580
695 57 749
88 542 943
251 844 383
189 539 613
549 268 352
690 622 613
463 457 28
447 993 130
517 630 382
91 379 827
879 54 704
466 859 205
782 7 182
873 352 509
456 653 141
126 200 681
706 698 830
765 547 663
503 352 857
988 663 548
61 672 853
357 490 126
370 563 292
671 410 743
11 106 723
29 827 153
172 281 922
916 755 457
20 463 711
126 663 419
771 273 660
47 583 451
862 2 102
654 516 757
965 569 383
53 621 72
648 95 821
16 97 992
284 294 169
84 405 257
208 388 139
746 27 764
777 231 768
481 20 408
732 137 665
943 772 990
441 384 90
73 475 303
655 287 160
138 350 565
915 609 63
517 738 2
634 11 491
819 558 11
427 714 792
323 264 384
424 808 314
274 705 321
800 258 247
784 81 738
431 249 253
373 156 860
17 682 468
513 629 438
698 784 143
133 692 401
918 156 75
202 455 883
8 77 270
111 609 820
389 40 559
479 754 474
703 948 186
28 302 782
146 561 138
437 379 260
409 529 198
784 307 781
870 691 927
126 213 327
909 544 688
267 963 976
5 668 554
71 894 92
839 964 354
359 776 365
898 376 136
845 993 149
773 615 467
613 557 994
448 175 850
985 904 661
20 999 775
661 838 129
774 974 916
827 484 539
661 549 859
427 891 128
687 913 350
877 192 425
4 936 607
921 214 367
763 415 31
156 881 733
536 837 798
220 680 660
910 575 676
720 106 220
428 525 830
825 236 818
714 773 683
817 594 859
53 761 115
277 506 719
528 375 44
622 799 749
202 453 446
813 786 276
160 220 696
33 654 201
541 314 478
498 363 197
705 319 256
398 536 790
571 667 948
362 374 639
859 768 743
860 26 56
746 647 679
800 943 982
14 60 334
835 48 36
758 459 959
150 635 170
501 465 910
579 577 264
327 301 730
108 117 501
245 69 942
157 862 35
123 9 103
948 525 703
419 402 697
161 313 939
818 247 158
827 332 578
6 179 940
681 168 255
126 147 389
28 983 44
648 31 736
752 263 482
292 55 39
279 134 154
423 253 491
507 217 299
395 124 455
559 763 585
650 805 416
468 941 94
591 63 156
705 779 65
128 991 711
641 796 587
691 791 268
460 459 797
840 699 818
277 589 597
206 532 608
816 981 141
413 104 284
584 475 214
713 44 570
594 878 937
717 45 424
745 333 746
209 182 280
235 737 888
767 243 283
405 704 678
268 319 458
734 571 853
895 409 524
41 616 788
842 377 962
318 981 579
157 90 961
970 9 64
424 52 792
341 458 643
366 312 432
729 758 675
731 338 445
645 239 110
259 916 467
334 339 905
634 27 19
80 357 670
598 833 659
988 376 735
468 231 301
226 678 347
281 103 741
426 976 850
309 290 700
573 63 189
325 617 882
578 430 379
370 773 607
720 258 396
132 66 593
47 455 624
830 902 780
152 858 95
880 589 853
828 560 807
780 998 381
707 483 269
798 954 93
656 907 63
651 309 924
586 942 764
161 681 696
898 938 670
351 911 698
673 105 181
165 669 858
458 797 123
207 87 88
529 453 82
857 550 209
381 443 954
71 169 254
766 822 746
711 266 527
323 108 292
738 495 569
21 961 238
778 433 294
880 672 30
246 740 976
631 23 220
435 154 352
437 698 592
426 829 375
401 534 561
619 227 13
250 967 288
448 693 736
660 332 171
712 654 759
879 696 996
431 109 645
649 486 942
92 562 336
64 436 611
771 608 172
142 277 651
782 138 804
369 70 382
591 507 986
801 773 855
677 893 155
373 929 567
591 330 336
514 416 792
469 364 888
336 765 665
574 454 310
841 890 846
485 644 625
559 954 887
177 741 968
478 58 344
139 845 160
430 995 899
694 182 503
104 229 541
80 430 510
599 834 518
845 261 129
95 478 558
121 429 288
766 195 152
195 491 282
168 573 445
239 659 0
413 512 762
846 298 596
460 836 51
951 724 428
858 724 921
998 251 643
403 767 227
319 463 737
360 859 141
958 973 625
952 117 184
289 69 688
599 326 88
66 84 521
824 916 388
449 763 34
655 147 335
663 937 786
980 982 384
73 392 978
557 107 446
306 67 383
441 365 572
223 659 308
432 692 644
978 943 214
741 835 13
667 95 246
145 250 516
739 165 55
43 17 284
836 747 783
817 547 710
621 174 719
194 797 522
20 303 429
73 553 940
748 388 443
691 635 379
28 629 251
241 288 209
232 25 616
422 415 994
749 416 342
497 539 266
233 135 284
609 992 244
870 360 308
258 733 393
159 35 492
440 215 567
267 184 150
244 487 820
959 227 408
741 448 454
826 450 701
678 54 531
908 2 330
603 614 333
287 312 976
127 585 5
449 281 579
621 226 979
961 493 983
71 458 405
728 851 212
524 351 302
245 25 322
877 309 395
789 519 142
591 143 294
255 267 748
416 723 337
270 628 666
537 499 991
383 991 708
539 183 843
374 805 607
283 452 742
16 824 851
719 939 488
525 555 760
796 167 67
591 550 837
257 132 868
661 715 487
96 711 359
526 947 31
378 626 251
982 177 965
604 857 270
628 948 548
534 886 448
757 308 866
321 653 384
562 485 346
92 231 319
70 143 600
6 720 612
936 625 287
101 176 738
335 732 434
343 482 143
31 60 372
772 67 847
460 528 346
652 333 335
51 636 551
328 455 129
146 285 808
702 181 17
886 376 175
289 549 514
368 376 328
61 255 231
977 352 90
393 191 984
52 303 733
37 685 904
991 344 510
100 538 907
108 723 691
923 995 125
773 821 684
553 991 443
244 193 650
193 632 994
487 744 552
165 594 521
115 804 461
820 634 152
408 626 291
228 974 931
678 753 700
480 236 627
212 522 784
318 819 419
733 955 491
679 973 657
53 882 815
24 778 422
58 325 185
391 737 625
272 275 287
13 305 701
512 443 575
308 674 541
724 817 413
397 13 484
929 49 546
72 687 329
848 910 696
205 614 672
717 287 391
413 777 789
520 325 245
872 72 334
423 612 854
186 484 11
232 987 25
754 617 805
610 450 500
902 354 401
725 378 843
856 837 465
546 707 817
789 573 574
910 883 625
246 654 927
250 582 980
186 828 285
664 13 405
658 616 814
538 148 123
766 258 885
715 214 354
293 329 610
211 283 83
309 753 951
44 630 523
237 138 872
304 83 542
246 290 222
773 921 883
366 857 397
638 997 482
523 72 496
660 448 115
858 114 279
118 193 159
724 682 604
421 536 160
871 384 138
711 809 52
249 840 31
413 19 398
768 631 471
894 850 488
221 158 292
731 395 423
425 701 260
232 249 273
777 741 777
494 986 197
789 813 69
700 978 157
852 894 833
509 947 196
948 337 79
489 720 531
235 808 408
115 958 818
465 932 777
865 997 445
538 201 167
42 487 530
786 8 50
999 797 711
342 120 566
580 825 124
838 642 202
670 856 902
729 693 809
635 103 689
186 736 350
630 436 838
704 282 170
332 794 310
101 843 43
421 330 242
312 293 912
734 174 52
469 822 881
689 506 392
348 728 179
83 766 367
346 666 925
586 814 422
268 845 31
599 741 428
19 785 63
911 358 736
427 951 937
167 199 841
903 98 575
759 228 159
606 903 76
750 654 731
249 50 378
82 493 29
870 637 193
722 271 409
384 493 95
722 693 440
529 942 631
668 117 131
515 453 688
269 301 746
352 595 565
568 925 168
314 107 297
646 209 989
601 708 175
297 991 222
753 943 378
497 137 986
986 691 560
955 257 226
731 458 908
480 121 256
946 37 813
181 614 776
282 768 211
407 187 4
294 981 700
778 455 651
536 336 508
809 978 345
519 652 500
228 805 203
798 822 773
746 83 894
179 281 440
52 463 413
12 734 542
440 539 676
988 924 643
161 793 662
972 375 75
434 445 120
730 735 92
821 332 457
659 410 507
841 42 114
197 429 914
128 386 139
998 531 841
217 982 741
364 630 987
535 453 591
557 239 175
76 827 596
7 122 545
496 184 384
218 388 293
87 146 148
51 222 720
93 704 163
190 582 913
61 274 69
510 527 395
161 417 241
71 212 423
305 721 170
900 617 322
832 889 36
9 547 959
117 728 792
760 812 283
188 443 580
847 127 127
933 551 350
560 972 410
351 766 371
16 761 142
953 616 220
535 672 583
182 482 278
578 764 529
108 68 865
524 20 303
653 394 922
311 93 80
729 692 208
975 8 6
780 5 805
266 13 373
513 843 985
84 762 777
169 245 568
218 658 11
221 53 157
692 941 644
255 168 23
127 309 825
340 181 645
487 814 637
45 547 328
888 640 961
923 938 329
61 396 313
563 449 989
311 52 528
447 785 774
80 716 785
872 71 493
89 214 791
929 176 371
150 248 401
932 157 539
836 418 947
367 741 174
521 700 694
883 750 764
858 456 960
974 689 936
871 681 871
305 676 724
267 646 38
278 823 892
709 656 36
926 150 770
403 467 39
753 466 114
254 106 616
441 968 680
378 424 507
665 475 229
431 463 614
465 772 544
825 834 160
971 898 776
566 534 667
76 505 415
399 856 834
69 978 513
874 969 979
355 498 842
669 797 646
166 755 88
786 749 144
399 837 729
692 59 434
245 120 39
927 595 56
542 470 469
374 284 569
202 906 864
978 305 12
789 925 896
645 627 873
331 711 942
92 497 210
379 64 961
473 392 348
324 685 651
35 162 156
340 469 519
999 261 516
999 67 833
87 277 511
171 651 832
762 715 927
938 968 64
986 468 291
763 337 709
161 288 371
983 478 167
313 204 157
489 523 14
573 994 762
940 568 678
226 767 950
895 713 458
160 330 254
759 925 523
458 907 630
189 830 562
739 132 847
179 595 61
38 402 692
562 534 314
445 536 716
430 260 946
827 650 391
138 466 36
49 641 610
71 180 943
664 230 181
330 923 859
498 50 528
979 407 124
279 91 985
497 45 329
264 741 558
469 471 364
598 187 689
849 52 342
716 516 797
952 707 899
127 788 3
662 244 782
427 591 236
808 832 924
138 785 721
830 450 102
204 628 188
741 941 316
502 841 529
883 474 551
405 949 692
123 51 266
1 180 285
816 958 581
988 655 102
97 988 936
126 655 723
458 403 723
164 333 772
987 434 904
472 280 638
962 309 321
935 526 802
750 100 577
264 752 601
614 386 673
516 398 962
223 464 740
665 715 15
966 638 66
888 365 919
575 641 752
261 847 234
785 801 668
152 709 456
965 304 619
696 654 15
44 104 591
145 802 189
796 983 185
105 192 745
540 535 309
573 674 503
719 361 740
612 465 532
265 753 440
319 99 509
452 922 969
561 286 853
180 686 211
302 639 806
937 601 112
674 880 210
281 103 949
672 391 646
935 274 555
861 498 225
686 101 607
781 107 20
564 299 325
22 604 61
791 391 302
637 103 755
254 680 746
653 273 496
814 555 849
129 659 43
427 723 640
555 360 341
504 424 327
90 885 915
858 749 795
776 251 941
819 113 546
94 137 990
419 869 325
919 591 910
428 129 52
352 981 523
231 523 519
752 989 509
191 369 26
266 921 592
410 520 944
229 171 688
737 884 203
706 412 811
677 599 623
641 161 636
797 333 659
550 533 125
139 497 154
436 25 477
182 813 729
423 732 369
166 617 127
909 916 92
55 499 664
63 533 762
611 30 552
180 22 991
28 980 81
951 914 403
332 977 937
117 347 789
653 205 981
664 959 159
438 282 188
927 400 293
939 890 636
9 58 184
491 922 481
187 523 634
872 947 914
81 488 7
228 779 569
510 606 234
720 576 741
241 697 355
170 946 303
980 691 876
782 4 290
810 147 347
425 372 325
406 969 467
832 128 245
161 974 287
82 543 545
34 740 489
186 437 250
233 262 131
914 300 17
494 380 251
320 764 696
413 468 633
806 932 80
772 320 337
602 712 98
977 826 204
613 648 890
879 923 555
626 987 188
217 893 465
229 594 629
715 91 618
923 750 466
621 356 878
87 91 951
39 333 179
885 318 401
792 617 662
859 877 386
168 845 907
668 606 964
161 860 629
756 8 293
573 408 119
811 137 118
945 620 677
417 679 316
93 718 115
598 113 539
449 585 109
327 841 42
169 326 925
660 34 72
813 131 410
45 39 846
699 307 734
939 790 635
294 666 275
386 274 85
936 263 875
916 51 125
866 789 322
483 780 864
562 104 739
615 88 747
723 17 967
710 717 466
119 642 432
708 490 530
72 734 665
881 694 302
80 759 917
39 540 501
231 383 261
843 50 265
425 939 638
187 325 89
575 681 545
328 492 35
112 199 751
684 943 262
859 979 198
762 116 450
515 980 760
448 686 969
952 843 831
650 831 765
326 750 933
448 702 521
20 800 979
355 90 581
848 776 349
823 824 72
412 470 119
11 824 252
670 22 690
198 522 132
354 321 639
258 801 270
975 189 943
428 903 596
638 16 291
984 361 910
743 729 89
531 153 225
892 959 617
169 173 167
312 450 72
91 740 558
182 495 187
720 935 534
749 860 835
810 927 52
643 776 376
226 444 762
986 870 456
220 309 786
825 556 243
673 609 512
961 362 498
996 785 839
325 956 592
276 656 221
711 566 816
479 530 906
979 703 170
492 507 434
332 237 383
407 938 150
607 455 618
607 156 328
904 964 969
939 346 249
551 807 599
843 116 186
36 946 545
242 871 539
344 177 933
372 136 696
239 594 808
597 133 52
136 31 419
991 249 307
986 622 53
518 955 957
248 196 915
40 675 519
949 993 295
379 742 852
201 465 442
1 830 274
405 73 674
664 473 323
442 798 930
642 110 64
744 504 696
118 992 17
564 429 757
277 207 344
521 960 334
418 410 405
829 388 418
68 595 60
434 722 733
762 478 213
815 185 356
599 962 859
794 716 15
132 411 114
230 358 688
403 655 348
842 819 201
903 703 403
858 762 949
486 104 809
64 684 478
204 506 568
513 864 715
975 88 970
371 269 167
206 230 163
451 295 495
198 251 548
134 744 270
133 819 873
60 806 364
106 813 691
58 452 555
601 637 392
940 687 334
848 279 367
812 456 87
183 883 332
40 630 577
348 80 543
948 30 3
866 586 123
154 805 290
224 517 92
857 249 596
21 670 52
773 261 654
854 182 463
221 397 286
650 503 641
340 754 452
638 373 83
805 148 517
724 781 80
738 934 276
107 742 652
240 9 283
522 586 209
448 130 607
116 288 164
597 943 745
281 39 122
1 581 10
491 807 815
510 357 365
337 150 782
205 109 722
771 430 186
153 436 896
128 186 194
262 738 884
600 902 799
894 761 575
932 360 928
457 12 152
491 669 156
936 584 524
365 480 632
625 337 395
967 314 775
769 582 551
732 421 89
293 109 651
177 715 868
847 924 201
536 791 645
42 68 755
590 883 418
266 690 67
702 2 937
973 702 938
829 757 881
456 136 249
47 452 435
362 749 191
723 764 969
638 224 252
293 130 451
630 296 716
865 551 875
945 20 431
875 701 945
126 765 91
825 450 332
521 1 444
207 433 528
392 413 707
416 703 904
772 259 189
342 368 279
50 901 784
969 816 670
657 122 327
998 437 636
13 522 692
170 770 570
251 712 393
864 807 628
671 809 189
319 217 99
484 459 934
269 806 984
568 467 271
136 759 846
666 923 517
874 427 469
666 908 698
30 240 51
846 110 82
45 124 376
825 849 782
777 314 850
947 846 459
432 801 25
120 155 495
916 509 65
102 103 73
343 848 989
55 988 9
175 661 855
444 302 454
618 177 989
606 974 169
837 316 483
918 644 52
58 120 831
252 457 375
844 869 467
804 167 454
743 263 879
294 497 867
173 89 715
846 266 413
130 981 541
764 7 544
95 455 432
335 651 237
354 640 683
33 461 158
536 775 674
576 678 525
926 403 257
552 897 344
156 818 144
980 284 136
204 957 236
565 240 655
654 875 335
191 475 862
853 233 361
112 52 525
570 161 609
610 643 332
413 429 477
889 393 156
254 199 149
852 343 159
506 44 517
783 692 997
711 499 440
735 663 272
10 897 651
431 850 910
841 229 425
169 833 837
992 32 202
664 124 247
438 218 454
933 949 222
352 67 256
322 705 106
51 658 146
206 855 692
933 538 230
694 970 678
260 592 128
869 136 457
316 535 104
411 193 961
49 514 704
998 150 883
533 981 940
788 745 427
408 645 544
296 735 559
369 731 799
498 293 890
437 855 124
84 971 840
570 322 875
670 367 480
529 634 127
476 809 946
670 57 281
64 58 159
997 219 64
503 36 176
544 349 859
167 174 907
873 821 375
609 228 807
414 928 862
78 268 258
757 598 51
535 143 310
109 265 340
46 535 511
259 520 28
670 125 27
759 956 975
12 190 128
503 733 42
550 482 294
1 259 450
19 75 335
184 511 970
885 727 128
474 813 813
251 474 550
641 722 337
331 868 225
21 326 941
673 327 698
538 82 443
626 173 939
129 621 752
806 49 165
431 588 986
850 747 811
49 724 486
548 546 212
196 873 329
632 309 801
321 638 230
34 248 582
197 442 256
433 490 142
282 201 286
568 952 76
426 492 686
908 620 457
387 719 501
489 579 14
192 43 342
689 199 590
693 705 148
524 330 818
404 14 331
203 290 821
287 328 661
491 320 396
944 743 796
525 38 75
249 43 429
2 742 957
515 387 852
469 605 272
779 454 906
487 688 629
322 713 216
653 22 255
518 467 426
798 822 286
277 509 318
231 472 551
949 279 771
563 781 119
873 76 935
716 102 892
413 937 934
115 251 399
808 157 541
976 382 217
95 703 550
820 843 970
231 963 966
333 167 702
619 69 215
992 558 853
802 163 0
105 452 836
471 204 594
811 375 569
843 8 43
868 704 889
582 456 665
791 588 437
349 601 958
205 649 572
635 66 41
793 908 70
518 587 931
113 165 717
568 941 674
259 112 34
636 343 244
488 628 337
206 211 866
348 817 489
521 456 757
485 338 656
828 124 506
512 136 172
450 813 883
6 570 378
178 389 630
937 353 561
307 262 616
39 230 508
299 255 880
600 590 248
600 87 591
682 192 537
463 337 584
618 520 976
550 945 779
758 296 343
749 474 605
353 643 223
485 824 60
986 18 745
893 492 50
807 834 52
409 924 781
556 999 105
878 821 174
526 589 548
364 462 781
647 838 901
512 445 342
795 707 499
472 295 799
273 827 549
301 898 864
525 538 39
355 617 130
442 655 50
777 198 944
745 905 559
322 352 742
638 881 533
245 88 727
90 739 779
836 117 171
212 89 715
684 421 120
445 361 814
538 644 821
296 193 772
941 661 600
459 143 430
997 401 626
588 95 677
851 456 948
618 277 928
743 231 161
267 373 15
309 929 674
440 732 111
68 164 828
293 323 850
659 762 623
352 599 956
349 478 660
79 519 42
542 186 754
240 380 117
982 99 301
61 561 998
881 543 710
894 923 920
940 175 995
171 68 740
703 808 825
73 215 533
89 371 316
217 661 603
9 297 308
585 288 73
77 68 20
124 971 444
167 483 693
261 97 847
567 405 157
443 666 823
378 566 108
498 447 719
869 437 935
249 361 5
827 213 661
702 866 444
624 17 722
489 923 24
818 397 217
166 483 223
191 37 691
595 101 442
473 52 272
845 987 294
459 488 735
429 885 863
597 729 831
537 954 299
45 317 109
384 302 673
656 36 732
684 86 818
985 82 118
558 206 818
115 883 536
551 89 545
645 931 747
589 985 416
836 271 44
284 257 156
677 957 568
567 177 265
361 9 540
756 797 789
676 82 885
885 462 438
248 114 622
473 76 525
50 226 264
113 131 475
789 614 959
610 187 381
765 466 900
695 76 64
892 48 417
675 700 19
778 711 347
431 709 246
41 278 981
780 320 27
773 991 624
36 218 882
849 325 11
378 543 77
8 632 659
700 306 994
845 381 953
828 221 639
532 233 775
988 914 755
100 757 242
984 840 824
401 100 897
61 810 339
231 847 765
813 387 100
433 842 783
561 758 537
140 902 578
138 483 221
761 540 81
498 113 958
512 336 44
468 501 595
28 15 871
593 395 396
371 704 281
743 909 797
958 833 451
824 272 627
441 554 252
37 302 262
367 787 964
884 253 889
63 40 440
171 327 730
906 908 241
227 213 249
444 24 81
917 255 187
42 545 975
4 808 68
407 539 19
650 671 573
392 370 218
874 957 960
579 170 802
856 980 51
591 973 759
584 294 449
27 845 403
842 96 76
194 633 77
235 154 546
326 918 822
626 588 872
532 548 776
479 947 873
416 879 132
297 364 509
144 551 579
666 55 792
489 594 755
635 763 342
3 582 434
482 667 617
944 17 698
254 761 872
492 724 670
176 879 36
736 298 740
569 650 809
880 529 436
114 885 199
872 44 172
741 129 16
755 864 741
637 704 82
100 377 793
780 805 961
627 420 48
769 363 618
396 810 235
398 473 582
771 750 567
67 329 595
879 703 387
802 500 630
391 627 753
418 704 140
17 369 48
385 337 361
823 162 382
206 64 849
249 222 762
785 379 793
971 804 578
569 48 412
807 316 398
900 378 662
732 68 379
65 334 119
475 528 204
340 933 211
399 317 938
677 204 489
700 340 266
435 9 365
359 40 869
415 261 134
114 535 375
375 213 50
140 594 324
463 714 727
784 91 60
331 800 751
814 190 682
402 482 111
747 319 844
74 111 99
317 113 295
556 96 594
451 999 340
76 227 581
569 513 461
582 718 195
270 271 462
386 943 482
606 280 963
330 56 858
566 146 162
298 663 472
650 733 201
201 332 991
745 505 999
503 847 320
257 747 218
381 798 84
934 994 674
31 489 4
559 990 384
957 824 589
233 3 421
807 362 341
632 446 346
442 819 959
676 832 360
570 454 879
905 221 380
179 413 764
161 484 12
208 686 339
904 461 751
12 268 262
814 140 235
886 343 49
129 718 511
450 265 455
122 335 309
101 856 140
306 581 743
403 855 983
395 759 863
133 623 363
910 369 128
600 298 115
166 655 527
311 756 507
575 382 340
735 916 421
402 42 779
576 8 712
760 400 856
539 289 217
154 749 185
997 210 244
904 530 324
525 564 14
895 946 300
966 235 125
89 769 802
334 628 737
966 160 458
956 750 713
385 472 592
832 282 275
607 161 413
653 195 387
139 774 429
862 956 511
347 819 696
414 958 871
5 34 679
261 914 499
996 908 553
568 457 39
471 247 281
727 994 931
72 852 909
368 619 458
620 105 484
112 865 822
626 904 334
238 780 939
156 773 286
652 635 118
18 808 556
121 453 749
668 171 228
550 965 513
416 103 689
583 938 278
18 695 407
379 758 61
479 261 930
764 829 567
261 858 747
130 129 46
566 634 31
153 554 548
888 749 541
651 199 943
655 233 809
670 199 645
280 563 198
924 849 162
29 19 519
182 881 431
757 142 342
523 145 449
93 498 356
746 477 916
496 962 807
31 902 668
886 831 92
165 637 225
177 645 72
275 178 551
913 941 823
333 156 115
452 169 218
962 932 223
215 439 760
290 226 236
733 499 375
878 51 595
768 883 904
336 651 311
498 985 688
777 192 481
844 225 36
826 876 455
520 271 811
22 643 551
458 907 466
282 295 728
403 74 773
959 558 260
993 959 652
158 610 237
894 870 737
623 759 848
963 433 111
41 747 872
554 52 587
82 204 124
297 873 170
996 449 809
836 474 399
121 809 823
275 60 578
574 504 949
975 796 709
753 403 148
717 242 932
829 517 26
415 6 937
77 494 779
509 906 369
397 285 418
773 266 478
931 950 185
409 797 233
137 217 938
304 832 249
369 923 553
987 703 851
713 431 6
871 8 231
567 700 637
667 894 303
362 740 523
817 256 929
133 437 242
412 35 902
799 326 224
969 550 291
495 343 42
96 668 887
364 745 153
475 155 856
359 407 714
488 390 858
547 156 759
20 606 103
483 682 576
63 460 449
613 531 546
911 873 981
512 14 948
415 184 306
73 504 112
564 620 758
190 426 404
358 251 211
768 598 608
347 554 968
861 514 773
227 631 766
908 399 458
777 672 481
240 164 917
385 515 564
252 806 326
765 130 858
779 645 959
346 468 252
654 950 695
524 1 133
344 757 834
494 695 185
12 978 189
125 15 965
414 826 969
761 313 762
414 26 166
917 137 674
117 989 99
17 403 107
991 20 280
28 792 424
206 277 28
348 232 395
85 403 244
203 862 733
589 266 177
977 230 808
704 99 374
580 307 922
292 148 444
109 573 352
351 693 847
409 57 401
412 553 267
381 943 552
928 40 618
26 367 244
36 956 993
90 327 960
735 947 514
558 458 290
657 747 357
439 822 457
381 661 445
411 132 569
948 780 130
966 615 574
84 735 525
866 847 80
106 594 331
138 977 434
302 274 522
165 950 838
779 428 113
752 377 604
129 229 784
605 949 844
660 482 911
391 795 985
478 515 405
695 162 242
543 636 461
316 665 922
119 833 546
115 332 968
27 815 716
880 229 766
854 567 670
621 233 818
815 900 323
869 294 676
360 173 94
791 625 467
894 379 813
857 703 729
70 885 809
941 638 768
990 572 445
345 373 124
8 421 568
189 42 729
51 9 861
163 29 108
264 920 821
74 459 426
559 949 686
286 948 296
459 34 805
616 256 282
828 593 226
981 582 977
396 789 32
464 683 0
21 760 246
661 530 378
609 461 80
535 629 574
433 351 540
495 626 759
450 614 796
992 924 173
175 539 39
156 862 385
949 877 536
533 977 565
352 332 791
600 530 776
646 577 945
180 223 251
727 604 991
456 78 376
370 679 872
194 564 7
261 633 396
747 253 67
370 840 290
366 411 601
192 620 431
471 216 224
61 436 905
581 428 408
317 254 547
738 929 973
679 43 99
34 545 621
337 273 479
151 227 131
940 235 437
582 115 966
507 106 914
918 777 313
428 391 361
460 890 948
791 44 414
323 501 399
428 347 970
427 371 483
598 831 416
992 135 449
638 155 754
649 436 424
302 457 183
162 983 336
2 305 924
139 491 558
618 468 261
493 379 735
858 825 869
111 705 999
735 821 227
802 910 127
998 21 970
788 389 548
488 118 558
151 271 895
59 564 126
554 900 312
557 31 653
206 495 814
685 828 797
693 40 475
236 470 817
889 151 14
881 348 280
875 227 230
274 810 357
729 371 957
706 892 18
691 591 191
743 439 722
699 783 286
171 858 93
762 703 239
165 370 979
463 271 600
204 882 923
477 716 772
279 640 583
20 229 509
211 675 150
952 612 886
538 290 586
752 329 956
766 847 211
65 402 969
111 758 11
146 650 977
469 626 741
41 72 179
543 56 150
731 568 202
3 620 970
629 603 868
330 351 607
869 110 57
58 278 340
803 876 105
201 808 849
428 10 875
269 381 418
718 646 90
399 238 136
112 604 801
952 764 589
12 79 586
547 101 418
319 851 968
847 726 939
866 733 276
55 632 271
807 578 548
991 187 544
853 668 763
215 621 898
919 436 66
109 52 72
498 888 591
418 27 238
984 308 451
861 38 330
401 334 351
258 627 725
54 664 299
868 187 903
411 576 263
323 839 713
834 608 36
893 902 576
567 654 193
239 309 966
970 301 614
86 139 127
405 81 649
16 589 20
371 847 113
301 951 254
909 135 133
648 617 548
792 660 796
58 302 592
8 538 523
664 635 924
218 545 994
242 869 178
708 134 507
110 483 402
985 826 89
814 872 379
777 861 426
134 670 569
788 819 47
700 606 608
799 223 195
6 952 725
316 374 172
337 513 958
11 133 759
92 631 717
834 996 980
925 206 281
510 377 210
747 165 726
247 938 889
41 109 738
271 708 515
101 409 478
91 681 191
66 289 627
481 462 483
566 919 349
615 222 30
123 391 400
923 686 795
973 211 440
471 577 552
704 32 718
843 565 289
907 886 285
155 426 447
665 388 216
865 401 461
894 557 143
607 820 321
208 342 703
868 356 711
622 989 110
929 11 501
842 244 381
662 984 519
606 434 497
222 995 712
709 205 192
631 45 269
789 301 550
301 190 333
49 268 444
454 245 826
446 842 901
103 482 204
595 250 797
841 956 914
95 387 532
187 205 861
573 0 480
577 341 458
819 724 677
813 539 455
767 480 499
31 184 580
242 656 291
891 193 414
564 795 120
542 803 73
578 724 776
103 178 713
39 819 240
592 280 918
404 458 92
882 362 733
829 789 644
255 576 549
691 586 838
856 920 202
907 615 624
812 717 662
506 100 49
769 288 303
213 890 464
114 905 719
852 56 444
600 674 880
23 491 658
241 202 827
727 490 853
241 620 526
354 294 111
160 166 645
742 90 681
167 127 614
269 9 929
109 173 200
399 229 800
859 344 174
600 563 979
901 848 178
441 648 754
609 721 658
532 243 596
436 983 57
672 473 778
997 342 655
635 243 248
66 606 764
820 971 165
595 947 171
881 486 77
855 692 151
124 403 288
936 475 606
614 138 596
47 488 218
122 767 269
39 869 492
445 61 989
300 980 572
922 890 21
23 392 500
502 11 64
951 414 839
281 580 312
537 14 314
481 166 896
792 507 313
723 669 629
833 94 563
719 421 623
404 546 195
441 231 649
448 146 482
329 358 419
653 198 172
653 545 487
507 280 34
93 323 57
476 348 66
432 202 839
414 218 582
44 663 465
420 158 496
709 355 649
836 662 818
258 685 816
907 24 356
474 199 209
308 497 758
53 202 979
413 784 757
705 115 189
297 368 159
312 649 269
911 78 24
737 969 396
820 247 945
492 884 101
71 828 468
247 464 383
948 713 105
947 271 297
512 723 864
919 84 134
138 807 392
169 195 391
265 631 412
945 761 50
451 958 56
747 707 522
60 923 334
717 720 735
878 241 651
169 755 962
400 844 492
931 18 747
846 804 337
173 869 177
978 533 560
720 798 873
306 606 566
867 559 366
422 713 393
780 926 274
422 810 989
661 153 173
309 212 862
140 737 836
55 97 578
216 943 695
983 388 275
849 87 621
323 391 73
454 761 279
72 822 495
524 90 424
308 987 362
176 695 260
824 43 770
155 88 630
810 356 518
170 894 588
867 177 933
687 161 118
182 522 219
992 31 289
181 633 422
251 402 852
227 498 957
791 135 945
18 149 642
148 945 506
158 198 441
85 109 177
292 563 350
344 736 367
9 906 965
214 332 929
615 468 915
114 229 140
765 704 918
719 709 991
132 112 140
387 667 194
926 396 808
500 708 18
873 457 155
431 269 363
82 630 386
764 854 812
627 180 642
642 753 736
756 860 221
12 352 224
807 300 277
548 427 453
507 742 202
360 904 10
34 487 284
108 246 878
950 234 921
312 469 922
107 834 857
351 961 816
888 353 405
217 887 181
344 934 118
902 572 522
565 895 776
154 759 381
76 201 770
908 954 725
872 137 790
687 500 996
578 879 730
236 660 508
340 589 634
849 553 76
354 483 190
559 966 639
176 567 956
816 992 198
280 203 92
582 722 674
876 954 616
41 538 881
460 505 124
622 518 974
181 575 919
365 132 495
886 117 259
857 752 955
994 508 276
124 441 481
905 423 914
16 226 326
535 122 880
840 9 882
434 420 98
331 359 322
849 106 301
461 879 748
543 133 179
63 259 525
102 643 255
514 583 92
385 616 411
437 788 555
900 518 235
93 305 271
397 40 39
262 423 904
152 241 961
929 841 521
534 603 816
537 314 604
446 340 91
254 405 109
93 170 58
851 653 545
239 981 51
483 449 171
89 143 967
890 357 846
98 587 193
535 342 748
877 980 612
574 768 795
679 862 566
789 375 924
338 577 402
752 537 618
952 669 30
990 171 146
244 352 341
801 730 272
547 490 224
686 130 450
121 430 110
170 845 503
289 549 838
439 995 136
815 457 722
325 117 164
903 960 774
767 693 899
523 730 795
73 415 824
196 498 244
659 145 837
816 765 213
88 342 221
933 408 42
472 814 199
625 933 478
946 650 714
555 570 297
648 548 890
914 536 128
110 24 449
139 1 440
295 397 7
143 990 601
214 331 138
835 289 455
293 503 727
482 562 209
94 868 587
762 90 136
728 739 294
716 813 277
413 2 322
419 965 85
973 481 639
416 182 499
155 233 409
264 493 298
567 592 8
162 957 622
596 23 260
638 407 87
485 7 678
715 928 37
132 870 75
751 125 951
964 918 252
320 16 243
808 633 22
472 537 967
731 120 375
213 763 66
392 917 66
244 250 976
332 147 250
958 167 757
125 181 254
422 600 810
660 354 708
138 654 117
275 393 207
161 438 139
98 125 432
650 433 241
297 752 447
932 412 671
374 423 359
820 160 338
403 424 412
619 597 898
777 340 963
892 214 410
31 846 484
586 11 537
383 101 459
834 104 600
859 738 3
16 833 851
655 576 403
365 204 678
481 350 490
328 298 461
921 162 748
539 424 903
963 271 458
793 245 568
835 220 392
113 58 939
335 355 52
899 457 180
72 745 412
713 141 353
347 981 8
487 538 682
723 684 509
218 633 586
633 805 439
280 867 74
232 344 398
319 638 134
209 470 36
728 655 423
921 558 470
128 666 63
806 949 1
694 343 913
380 349 748
158 809 418
537 326 153
424 216 100
809 869 32
352 162 836
846 886 818
459 186 230
85 172 881
421 319 92
412 768 983
169 667 782
820 511 43
161 844 137
178 631 580
828 76 727
736 949 798
186 948 893
254 897 382
746 197 325
768 497 836
336 23 478
432 616 72
841 167 674
184 118 247
435 466 295
485 20 814
668 220 56
127 983 889
738 51 860
407 627 368
163 550 691
265 352 3
387 840 194
255 672 604
69 771 772
870 144 7
594 589 675
74 617 676
42 777 832
677 306 13
669 149 236
363 261 570
86 48 926
786 870 935
77 481 959
729 468 203
614 984 907
685 449 338
186 959 805
417 946 453
890 484 219
77 15 24
182 864 473
53 628 700
303 115 298
425 27 757
825 643 395
754 820 229
999 51 144
296 69 80
37 561 157
357 159 398
755 185 235
38 418 935
663 700 747
393 167 775
799 996 749
564 215 592
933 438 117
452 711 761
612 217 425
991 825 222
122 125 95
66 789 828
176 434 227
385 985 163
132 941 867
570 882 736
977 288 581
930 30 161
954 615 130
874 645 925
202 759 225
645 575 105
122 688 777
226 264 583
593 549 832
523 439 703
444 877 75
294 165 189
444 422 921
295 525 186
716 728 567
28 26 646
644 565 353
339 915 401
968 881 653
873 986 139
615 363 445
82 978 583
861 974 362
810 588 134
956 754 223
892 183 464
555 304 225
617 934 654
289 738 985
808 670 126
723 482 877
963 844 37
276 756 131
593 724 333
36 938 388
901 152 6
237 356 949
668 959 907
53 499 449
666 577 258
883 917 572
767 618 178
970 118 742
377 794 110
808 492 36
673 43 698
636 515 755
104 510 494
365 268 759
948 415 120
810 464 534
465 284 164
150 490 668
29 547 787
720 6 780
971 756 515
411 100 18
649 23 483
401 351 102
762 340 822
705 778 50
910 52 86
875 386 163
11 471 927
128 858 825
611 871 529
399 283 957
746 270 287
371 935 867
746 29 37
891 367 397
742 373 610
764 745 82
942 501 923
378 179 691
885 417 21
51 622 322
207 590 820
903 904 836
495 192 283
286 902 909
776 324 242
320 573 770
892 910 642
346 282 937
609 258 627
439 636 852
193 508 403
92 301 139
135 820 204
843 548 299
76 408 661
13 74 400
847 637 519
277 196 305
160 917 62
23 899 327
792 771 674
925 513 980
84 12 558
303 18 429
922 144 791
269 796 640
297 894 926
834 829 155
821 366 57
829 319 769
25 477 284
163 682 844
769 707 294
804 241 320
326 590 682
245 284 967
230 469 907
526 823 654
851 531 33
592 740 259
954 768 632
493 307 814
806 642 264
25 966 914
425 980 979
100 424 826
52 485 946
248 98 998
360 567 880
594 511 926
129 662 122
39 399 894
618 145 358
388 584 411
664 894 278
501 977 472
190 588 481
807 169 480
981 749 720
549 297 947
487 364 147
72 965 11
448 234 145
764 35 639
45 864 623
467 771 681
203 202 168
85 296 435
27 158 793
131 600 883
325 926 986
305 791 694
866 327 384
948 33 327
97 986 351
536 254 851
830 533 602
167 2 761
58 377 789
740 819 113
500 591 736
238 925 246
910 154 299
363 106 746
205 670 121
37 38 128
886 68 80
98 430 628
60 75 784
912 997 780
976 108 76
232 348 733
795 772 491
49 413 350
58 663 641
3 558 86
949 77 683
143 778 753
370 520 650
359 94 803
902 8 35
299 136 858
919 698 574
250 21 959
210 362 536
443 356 672
239 946 945
34 124 206
686 369 455
292 296 734
470 422 560
307 521 411
962 531 529
586 348 41
830 914 358
11 170 746
525 697 607
161 221 667
395 951 646
946 61 136
285 383 470
307 226 87
555 722 384
650 910 328
864 751 915
707 571 931
666 975 131
465 200 769
157 385 339
689 107 891
631 850 796
802 804 504
117 223 855
739 802 468
487 374 532
678 362 139
386 325 620
351 495 685
865 278 244
757 306 194
245 558 314
767 437 927
500 462 150
934 586 448
616 30 325
1 19 66
953 718 404
152 606 281
729 985 398
520 430 947
142 111 107
798 186 452
272 88 959
58 270 182
744 523 597
354 284 323
760 15 520
910 260 83
882 532 129
611 443 168
694 712 223
568 363 576
747 563 55
128 934 345
741 460 498
213 348 504
723 866 750
969 903 713
800 122 869
928 523 626
228 745 919
694 926 871
13 174 300
322 943 888
951 536 898
581 591 875
822 341 264
107 181 822
437 678 954
631 122 896
554 812 285
154 49 124
433 907 155
164 950 768
499 860 168
983 668 648
408 562 378
406 568 204
537 983 144
453 664 244
982 446 938
872 707 750
990 679 486
832 986 773
402 85 684
381 240 128
426 301 364
946 812 726
930 88 427
367 131 962
122 788 365
116 113 301
493 513 814
619 768 48
709 370 838
827 133 292
392 671 287
171 517 22
882 546 208
34 522 371
724 805 759
929 301 999
464 375 708
207 424 964
135 910 27
452 888 600
356 227 804
434 872 624
34 237 307
606 219 849
610 781 598
683 573 925
506 585 466
998 592 443
913 248 207
888 476 732
4 185 292
840 2 757
308 526 621
435 303 568
867 76 390
831 345 721
592 665 709
847 838 702
738 148 422
431 462 960
816 72 9
904 942 461
265 646 126
725 413 431
338 737 786
560 924 700
82 81 674
110 218 853
763 421 253
761 464 320
808 361 180
523 754 625
810 478 131
145 775 731
291 874 3
427 728 764
798 808 420
810 127 482
224 539 85
717 633 93
466 650 888
494 166 53
174 707 179
830 478 691
442 65 866
290 853 289
797 615 317
965 284 35
543 857 421
702 727 931
524 695 58
847 267 622
113 158 34
761 611 536
622 620 584
958 965 552
459 966 554
809 303 758
756 112 118
210 143 788
631 100 893
44 138 572
802 33 66
708 858 726
625 931 717
150 855 655
897 736 949
854 195 204
695 420 486
527 449 572
985 947 510
140 515 920
179 972 815
529 353 931
826 94 541
351 296 364
992 306 32
395 664 643
434 694 124
745 690 615
105 180 923
921 66 82
963 614 897
187 303 71
881 489 584
123 625 289
7 28 269
359 620 820
275 297 543
273 172 712
247 33 25
747 489 181
15 925 652
413 653 529
753 523 29
770 71 606
520 225 732
791 943 275
889 479 62
477 613 116
509 919 436
461 109 604
939 646 465
510 279 858
661 420 756
356 402 872
890 118 447
844 381 394
554 892 732
318 513 684
228 328 777
663 202 232
971 720 811
944 845 250
880 424 189
955 259 938
239 846 735
52 730 421
469 897 225
891 478 316
371 398 177
29 293 971
173 168 463
352 937 129
219 289 136
155 956 519
151 57 60
155 427 8
224 612 15
168 990 89
698 82 118
587 69 354
418 315 406
594 640 777
490 489 470
634 423 296
112 155 627
95 725 398
967 902 370
399 286 749
425 160 343
15 764 398
238 362 273
414 536 123
612 997 954
302 925 817
411 235 161
799 830 394
931 540 172
645 31 423
547 914 459
683 781 224
969 962 629
188 546 132
433 444 661
33 18 208
412 70 501
677 127 770
688 407 504
517 588 634
65 798 957
887 724 624
245 14 416
615 770 499
799 496 521
248 988 302
641 476 44
8 953 476
993 360 346
758 214 761
534 230 999
497 834 571
200 209 864
304 730 254
276 186 352
225 233 139
596 193 828
582 861 641
253 236 944
513 484 863
249 236 858
692 314 338
591 968 25
871 188 867
155 126 906
343 468 184
991 596 553
314 941 9
311 488 429
25 680 152
663 272 59
824 326 785
37 634 716
220 188 544
418 357 827
16 588 339
206 884 118
289 241 445
657 248 580
626 587 885
493 340 101
189 635 460
833 155 332
226 278 211
849 480 563
103 78 171
861 759 434
976 332 378
616 80 650
363 404 499
543 245 41
147 55 694
150 617 936
430 589 699
16 735 97
111 375 106
39 65 374
877 790 188
626 737 362
682 566 880
299 870 826
696 947 53
686 929 593
735 265 546
844 527 558
188 827 197
316 843 195
218 949 530
151 978 15
29 194 303
167 327 133
250 24 871
948 467 638
224 506 873
171 898 218
382 267 867
953 814 277
633 111 703
511 294 443
450 962 285
804 592 960
713 388 234
209 134 39
724 567 93
400 661 143
713 424 336
66 217 166
472 381 681
778 735 867
178 238 124
847 140 7
526 572 491
166 157 444
0 4
1 2
2 1
3 3
4 2
5 1
6 3
7 0
8 2
9 1
10 2
11 2
12 2
13 4
14 0
15 2
16 4
17 3
18 0
19 1
20 0
21 4
22 0
23 3
24 3
25 3
26 2
27 1
28 4
29 4
30 4
31 0
32 3
33 2
34 0
35 2
36 1
37 2
38 4
39 4
40 3
41 0
42 1
43 4
44 3
45 3
46 3
47 1
48 3
49 0
50 2
51 0
52 2
53 0
54 4
55 4
56 1
57 0
58 4
59 1
60 1
61 2
62 0
63 0
64 2
65 2
66 2
67 3
68 3
69 4
70 2
71 1
72 3
73 3
74 2
75 0
76 1
77 4
78 2
79 4
80 3
81 2
82 1
83 3
84 1
85 3
86 0
87 1
88 4
89 0
90 4
91 2
92 4
93 1
94 0
95 4
96 2
97 0
98 2
99 4
100 2
101 1
102 2
103 0
104 2
105 0
106 0
107 3
108 0
109 4
110 0
111 0
112 3
113 0
114 4
115 2
116 3
117 1
118 4
119 3
120 0
121 4
122 4
123 2
124 1
125 0
126 4
127 1
128 0
129 2
130 4
131 4
132 0
133 3
134 0
135 3
136 3
137 3
138 1
139 1
140 3
141 0
142 3
143 1
144 4
145 2
146 0
147 2
148 1
149 2
150 3
151 1
152 2
153 3
154 3
155 2
156 1
157 1
158 3
159 4
160 1
161 3
162 4
163 2
164 1
165 4
166 2
167 4
168 1
169 0
170 0
171 2
172 0
173 3
174 0
175 0
176 2
177 2
178 3
179 0
180 3
181 1
182 3
183 2
184 2
185 1
186 2
187 1
188 4
189 2
190 4
191 3
192 1
193 1
194 1
195 2
196 0
197 1
198 0
199 0
200 3
201 2
202 4
203 1
204 3
205 0
206 3
207 3
208 3
209 2
210 0
211 4
212 3
213 0
214 1
215 4
216 3
217 4
218 2
219 4
220 2
221 4
222 2
223 0
224 2
225 3
226 1
227 4
228 1
229 3
230 2
231 1
232 4
233 1
234 4
235 0
236 4
237 4
238 2
239 1
240 0
241 1
242 4
243 0
244 0
245 1
246 3
247 3
248 1
249 0
250 1
251 3
252 0
253 0
254 1
255 3
256 1
257 3
258 0
259 1
260 0
261 1
262 0
263 3
264 3
265 0
266 1
267 0
268 1
269 4
270 1
271 2
272 2
273 4
274 4
275 4
276 4
277 2
278 3
279 4
280 2
281 3
282 3
283 2
284 0
285 4
286 0
287 1
288 2
289 3
290 2
291 2
292 3
293 1
294 1
295 2
296 0
297 3
298 0
299 0
300 4
301 2
302 3
303 3
304 0
305 0
306 0
307 2
308 2
309 4
310 3
311 3
312 2
313 0
314 2
315 0
316 3
317 4
318 0
319 2
320 0
321 3
322 4
323 4
324 1
325 2
326 1
327 3
328 2
329 0
330 3
331 0
332 0
333 2
334 3
335 1
336 0
337 1
338 4
339 0
340 4
341 4
342 1
343 3
344 0
345 1
346 1
347 0
348 1
349 2
350 0
351 2
352 1
353 4
354 4
355 2
356 1
357 2
358 1
359 2
360 0
361 2
362 3
363 2
364 1
365 2
366 0
367 3
368 0
369 4
370 0
371 2
372 1
373 3
374 1
375 4
376 3
377 3
378 1
379 3
380 4
381 3
382 1
383 0
384 1
385 4
386 3
387 3
388 1
389 2
390 4
391 3
392 1
393 1
394 4
395 3
396 4
397 1
398 0
399 1
400 3
401 0
402 0
403 4
404 1
405 4
406 2
407 4
408 3
409 3
410 0
411 4
412 4
413 4
414 0
415 0
416 4
417 2
418 3
419 3
420 1
421 1
422 1
423 4
424 0
425 3
426 1
427 3
428 1
429 0
430 1
431 1
432 0
433 0
434 4
435 2
436 4
437 4
438 1
439 1
440 3
441 0
442 4
443 2
444 4
445 0
446 1
447 0
448 3
449 0
450 1
451 0
452 3
453 1
454 4
455 3
456 4
457 1
458 2
459 3
460 2
461 0
462 3
463 4
464 1
465 1
466 0
467 1
468 2
469 3
470 3
471 1
472 0
473 3
474 4
475 1
476 0
477 0
478 1
479 0
480 1
481 1
482 4
483 3
484 4
485 3
486 0
487 4
488 0
489 3
490 4
491 4
492 0
493 0
494 0
495 0
496 1
497 0
498 3
499 1
500 0
501 0
502 3
503 2
504 2
505 3
506 1
507 3
508 0
509 0
510 1
511 0
512 1
513 3
514 2
515 2
516 1
517 3
518 4
519 0
520 4
521 3
522 2
523 0
524 1
525 0
526 4
527 3
528 0
529 0
530 4
531 4
532 2
533 2
534 3
535 2
536 2
537 3
538 3
539 1
540 0
541 3
542 0
543 0
544 1
545 3
546 3
547 0
548 4
549 0
550 1
551 3
552 3
553 2
554 1
555 3
556 4
557 2
558 4
559 1
560 1
561 3
562 0
563 4
564 3
565 2
566 2
567 3
568 0
569 1
570 2
571 4
572 2
573 2
574 3
575 3
576 1
577 0
578 0
579 1
580 4
581 3
582 0
583 3
584 2
585 3
586 0
587 1
588 2
589 3
590 4
591 4
592 1
593 1
594 2
595 2
596 2
597 1
598 4
599 0
600 2
601 4
602 2
603 4
604 1
605 2
606 3
607 2
608 4
609 4
610 0
611 0
612 0
613 3
614 2
615 0
616 2
617 4
618 3
619 3
620 4
621 3
622 2
623 0
624 0
625 3
626 4
627 2
628 4
629 1
630 2
631 1
632 3
633 3
634 3
635 1
636 4
637 3
638 0
639 2
640 3
641 4
642 4
643 1
644 4
645 4
646 1
647 0
648 2
649 1
650 3
651 3
652 4
653 1
654 0
655 0
656 2
657 0
658 3
659 3
660 2
661 2
662 4
663 1
664 0
665 2
666 3
667 1
668 4
669 0
670 1
671 2
672 4
673 1
674 1
675 0
676 4
677 4
678 0
679 1
680 4
681 4
682 4
683 4
684 4
685 4
686 0
687 2
688 2
689 2
690 4
691 3
692 4
693 4
694 2
695 3
696 3
697 4
698 0
699 3
700 2
701 0
702 4
703 0
704 0
705 3
706 1
707 2
708 1
709 3
710 1
711 4
712 1
713 2
714 1
715 3
716 4
717 0
718 4
719 4
720 2
721 2
722 1
723 2
724 2
725 3
726 2
727 0
728 2
729 3
730 4
731 1
732 2
733 4
734 1
735 3
736 1
737 1
738 2
739 1
740 4
741 4
742 2
743 4
744 1
745 0
746 2
747 1
748 2
749 2
750 4
751 1
752 2
753 3
754 2
755 3
756 1
757 1
758 4
759 2
760 0
761 3
762 2
763 4
764 3
765 3
766 1
767 2
768 2
769 4
770 2
771 2
772 2
773 2
774 0
775 1
776 4
777 3
778 2
779 2
780 4
781 1
782 4
783 2
784 3
785 4
786 3
787 0
788 3
789 3
790 1
791 1
792 1
793 2
794 1
795 0
796 3
797 4
798 1
799 4
800 3
801 3
802 4
803 4
804 3
805 0
806 2
807 2
808 4
809 1
810 0
811 1
812 3
813 2
814 2
815 0
816 4
817 3
818 0
819 1
820 4
821 1
822 2
823 2
824 0
825 0
826 4
827 2
828 3
829 4
830 0
831 2
832 1
833 1
834 1
835 1
836 0
837 4
838 1
839 2
840 4
841 2
842 4
843 0
844 1
845 2
846 2
847 4
848 0
849 3
850 2
851 0
852 2
853 0
854 1
855 2
856 3
857 3
858 3
859 4
860 4
861 1
862 2
863 1
864 0
865 1
866 1
867 4
868 4
869 2
870 2
871 3
872 0
873 2
874 0
875 1
876 3
877 2
878 4
879 1
880 2
881 4
882 1
883 0
884 4
885 1
886 0
887 3
888 1
889 3
890 1
891 2
892 4
893 3
894 4
895 1
896 2
897 0
898 4
899 0
900 2
901 4
902 1
903 4
904 1
905 1
906 3
907 1
908 0
909 0
910 1
911 4
912 4
913 0
914 3
915 3
916 4
917 4
918 2
919 3
920 0
921 0
922 0
923 2
924 0
925 1
926 0
927 1
928 4
929 1
930 2
931 1
932 3
933 2
934 3
935 0
936 4
937 0
938 0
939 0
940 4
941 1
942 4
943 0
944 0
945 2
946 4
947 1
948 3
949 0
950 2
951 4
952 4
953 1
954 4
955 0
956 3
957 2
958 3
959 3
960 2
961 1
962 2
963 4
964 4
965 4
966 2
967 4
968 3
969 3
970 3
971 0
972 2
973 2
974 4
975 0
976 3
977 3
978 3
979 2
980 1
981 3
982 0
983 0
984 0
985 2
986 4
987 1
988 2
989 3
990 3
991 4
992 1
993 4
994 1
995 4
996 3
997 2
998 2
999 2