250
48
28 152 496
242 77 509
84 26 445
72 112 663
71 58 467
209 95 61
44 184 25
122 223 61
69 118 60
55 196 809
10 248 30
137 17 422
60 158 730
246 242 617
122 38 783
143 91 893
183 25 8
85 200 437
235 138 830
1 169 62
153 161 808
243 247 350
209 135 420
43 227 416
78 190 798
154 60 769
23 61 38
66 248 63
92 168 566
95 92 900
116 245 56
174 7 965
191 47 758
10 31 33
214 132 614
29 46 717
235 125 545
84 65 978
7 150 426
22 56 345
67 22 965
113 29 57
74 99 144
130 6 880
172 9 297
15 245 243
59 10 279
65 134 769
0 1
1 0
2 1
3 0
4 0
5 0
6 1
7 1
8 0
9 0
10 0
11 0
12 0
13 1
14 1
15 1
16 1
17 0
18 0
19 1
20 0
21 0
22 0
23 0
24 1
25 1
26 1
27 1
28 1
29 1
30 0
31 1
32 1
33 1
34 0
35 0
36 0
37 0
38 1
39 0
40 1
41 0
42 1
43 0
44 1
45 0
46 0
47 1
48 0
49 1
50 0
51 1
52 1
53 0
54 1
55 1
56 1
57 0
58 1
59 1
60 1
61 1
62 0
63 0
64 1
65 1
66 0
67 1
68 0
69 1
70 1
71 0
72 1
73 1
74 0
75 1
76 1
77 1
78 0
79 0
80 0
81 0
82 0
83 1
84 0
85 1
86 1
87 0
88 1
89 1
90 1
91 0
92 0
93 0
94 0
95 1
96 0
97 0
98 1
99 1
100 0
101 0
102 1
103 0
104 0
105 0
106 1
107 1
108 1
109 0
110 0
111 0
112 0
113 0
114 0
115 1
116 1
117 1
118 0
119 1
120 0
121 0
122 0
123 1
124 1
125 0
126 1
127 1
128 0
129 0
130 0
131 0
132 1
133 1
134 0
135 1
136 0
137 1
138 0
139 1
140 1
141 0
142 1
143 1
144 1
145 1
146 0
147 1
148 0
149 0
150 0
151 1
152 0
153 0
154 0
155 1
156 0
157 1
158 0
159 1
160 1
161 1
162 1
163 1
164 1
165 0
166 0
167 1
168 1
169 1
170 0
171 0
172 1
173 0
174 0
175 1
176 1
177 1
178 1
179 1
180 0
181 1
182 0
183 0
184 0
185 1
186 1
187 1
188 0
189 0
190 1
191 0
192 0
193 0
194 1
195 1
196 0
197 0
198 1
199 0
200 0
201 1
202 1
203 1
204 1
205 0
206 0
207 1
208 0
209 0
210 1
211 1
212 1
213 1
214 0
215 0
216 0
217 1
218 0
219 0
220 0
221 0
222 1
223 1
224 1
225 1
226 0
227 1
228 0
229 0
230 0
231 1
232 0
233 0
234 0
235 1
236 1
237 0
238 0
239 0
240 1
241 0
242 0
243 0
244 1
245 0
246 1
247 1
248 1
249 1