1000
2610
380 204 124
128 736 526
482 285 923
321 151 502
83 344 650
259 153 563
787 862 154
382 478 503
584 750 332
898 453 565
824 791 307
140 981 474
113 833 812
633 201 7
508 194 211
236 1 532
525 158 356
742 313 533
476 788 768
63 176 155
548 916 365
460 481 734
726 920 180
424 657 337
557 622 506
63 774 161
814 342 1
641 44 977
730 231 901
331 992 681
699 250 298
796 631 670
925 412 664
960 668 509
643 989 997
493 95 401
936 863 460
258 885 811
513 925 861
705 305 688
565 261 110
156 48 137
351 111 419
623 585 84
475 766 433
94 710 40
680 806 429
160 245 92
103 203 985
607 841 527
168 317 948
619 557 699
345 578 16
535 755 749
914 521 880
402 573 552
503 521 549
395 62 615
525 552 795
931 259 152
66 835 723
888 446 532
970 286 420
495 828 794
295 429 784
208 632 873
586 720 528
586 932 377
641 877 391
891 326 535
735 674 477
840 664 742
908 203 260
718 608 710
426 882 840
842 838 34
535 12 337
500 93 79
843 903 207
385 811 100
143 534 57
165 232 763
367 639 144
389 246 372
486 582 977
322 671 963
259 85 920
177 166 954
960 869 357
687 670 405
497 538 698
542 823 720
488 833 884
341 485 867
590 194 286
429 568 816
507 184 331
608 600 614
953 321 680
181 130 51
927 710 110
615 274 771
889 23 723
841 89 491
118 444 286
621 335 114
557 942 137
39 371 338
885 287 538
753 4 726
17 254 617
581 201 733
120 4 348
328 637 318
904 996 199
965 426 646
76 479 44
616 731 131
795 951 932
226 791 742
29 840 219
708 504 149
393 966 144
559 175 515
836 698 636
126 463 259
918 833 738
413 784 69
165 963 413
220 537 443
508 632 852
390 146 500
825 522 823
580 94 886
423 616 267
385 16 743
598 688 838
65 254 515
458 212 633
408 578 81
601 945 31
350 868 365
772 473 487
135 427 135
851 788 980
703 804 497
1 204 701
915 18 138
752 675 428
713 142 224
752 596 531
801 735 460
372 686 304
151 514 695
68 921 263
386 845 143
731 853 782
29 908 390
855 237 121
355 562 176
548 26 882
296 749 284
661 504 274
9 384 884
747 228 411
240 225 299
801 508 790
155 716 564
779 871 909
376 760 279
248 2 582
144 350 185
912 874 901
566 53 135
155 699 455
28 525 639
617 502 87
170 220 808
729 62 107
599 696 569
77 347 307
685 361 965
228 461 462
116 575 127
443 693 549
43 773 562
509 387 592
505 777 50
225 335 769
187 578 332
433 240 154
202 79 634
599 327 154
349 644 869
505 233 572
684 837 989
995 782 849
385 599 642
637 124 445
275 499 528
750 227 111
489 778 231
245 713 269
16 243 892
48 291 695
52 339 664
539 32 987
213 645 699
801 461 656
945 538 157
516 269 102
321 670 816
59 793 602
901 863 559
173 829 610
324 473 608
634 487 169
297 391 196
840 146 892
589 936 33
297 124 876
155 747 613
965 18 126
908 642 207
681 151 191
119 621 146
710 270 494
976 69 532
151 596 824
245 837 850
34 198 355
988 626 888
961 31 352
646 848 576
537 689 922
874 231 622
220 319 202
27 836 597
257 311 446
805 170 699
279 333 847
150 794 125
771 433 278
622 569 686
514 976 808
446 415 359
164 205 372
51 70 56
223 502 464
955 525 47
941 721 217
249 352 223
356 746 602
990 244 792
40 4 249
65 147 139
534 101 993
858 642 385
38 121 414
980 883 772
504 593 889
832 726 914
746 798 809
666 595 785
87 447 593
909 107 626
640 521 319
506 706 386
14 72 692
81 306 229
179 37 867
230 858 361
510 497 65
181 842 201
604 339 429
843 168 343
409 978 197
501 58 934
908 992 190
669 69 578
122 217 993
436 386 263
373 707 804
324 641 575
841 917 685
721 876 939
488 79 479
454 463 165
268 836 457
582 289 994
763 236 382
936 20 966
479 897 244
414 253 762
488 364 715
780 828 641
970 907 212
785 248 811
133 747 853
428 259 696
231 744 714
996 502 555
920 364 739
955 374 4
464 465 566
421 456 885
894 527 642
953 964 964
341 32 100
37 752 780
475 722 312
696 133 207
520 460 999
512 179 245
789 239 189
194 997 767
485 246 352
894 100 843
305 590 201
389 413 360
674 253 939
151 578 685
619 720 352
318 922 523
74 475 345
274 568 854
892 963 996
65 201 240
125 444 169
967 296 833
20 784 859
13 34 989
340 591 910
827 137 907
873 322 673
967 745 100
975 960 720
146 624 916
220 747 247
130 698 105
698 788 580
567 689 89
93 257 544
585 875 490
632 415 743
579 350 199
291 549 932
102 80 194
295 194 683
434 914 295
995 104 100
873 717 83
378 857 555
857 817 685
321 895 731
964 279 14
0 4 177
975 425 816
844 7 208
690 569 845
723 476 955
228 191 562
242 204 979
506 639 676
772 591 714
678 705 179
485 907 390
713 231 195
261 318 863
200 361 69
13 526 657
621 991 36
176 830 939
817 527 509
468 139 824
757 462 282
147 876 849
240 594 199
589 783 579
677 664 517
665 616 807
484 711 985
750 60 560
532 70 255
669 508 958
727 152 553
831 846 382
567 37 10
791 944 221
597 851 454
780 429 991
744 721 171
937 439 947
792 902 785
980 635 433
872 668 255
953 834 659
109 438 826
718 606 656
693 755 593
942 403 857
484 376 550
973 216 779
191 476 426
325 146 144
440 790 592
206 674 230
301 63 478
54 915 43
637 294 73
417 226 558
87 650 48
125 170 603
657 556 869
984 801 379
999 934 622
461 145 542
333 394 577
640 387 330
521 641 137
194 583 223
794 109 654
777 758 673
131 120 109
680 377 399
349 544 830
364 102 19
665 690 428
436 641 529
182 50 950
473 371 893
934 643 726
518 308 541
817 407 538
965 285 971
614 327 879
255 543 697
674 880 272
671 799 664
240 191 720
275 110 712
178 813 141
798 964 183
313 224 692
602 75 293
978 219 485
127 521 320
919 467 410
210 338 563
821 324 18
922 981 434
800 187 68
635 823 977
388 93 788
957 107 763
37 985 310
127 853 456
470 928 491
709 500 530
7 758 559
989 619 444
150 810 29
505 310 190
993 906 749
384 643 505
388 889 743
505 315 87
489 22 517
166 941 451
589 309 24
770 349 840
676 494 425
457 597 834
323 746 750
135 985 896
297 509 340
261 547 560
332 697 426
186 401 357
498 559 462
811 422 279
0 537 450
359 254 816
657 170 782
70 425 657
507 783 736
264 220 709
923 624 184
62 182 773
324 685 677
944 509 64
919 84 546
729 61 946
887 345 983
600 270 939
681 516 975
599 975 357
637 237 653
325 558 2
315 34 700
551 724 457
435 536 235
822 967 632
462 380 762
239 302 496
97 767 485
339 970 509
640 587 871
735 390 747
490 991 263
510 899 890
821 383 31
139 781 274
632 341 908
555 942 376
767 593 647
757 285 361
197 748 372
462 539 721
50 189 243
73 218 20
896 379 500
186 915 625
592 600 452
625 805 162
166 507 873
574 821 139
787 897 741
149 120 898
182 497 355
174 843 217
78 727 253
94 24 891
671 84 237
922 610 626
964 898 541
38 526 163
695 922 809
283 969 36
835 914 614
141 247 722
286 277 747
450 981 446
3 992 309
306 497 492
378 62 479
96 529 22
731 144 823
451 685 745
170 768 217
202 847 240
690 424 364
310 458 905
927 578 979
407 685 293
561 783 499
420 404 791
59 202 29
325 879 70
646 205 330
619 703 30
465 797 406
480 218 794
955 485 983
497 942 149
702 288 768
147 443 361
405 279 269
113 467 533
717 442 647
661 666 934
196 360 943
201 51 992
558 694 185
935 759 357
499 950 837
542 220 844
754 327 256
294 449 450
74 173 244
34 27 464
238 285 797
804 439 206
283 955 566
243 516 585
352 248 251
447 140 414
828 780 912
632 251 707
421 517 440
978 543 302
706 631 781
476 535 320
144 988 980
991 514 806
902 621 543
263 407 874
0 327 177
106 914 415
896 385 125
485 261 459
778 717 207
660 747 936
754 387 945
373 366 887
487 503 438
661 321 546
973 248 863
288 715 871
868 269 188
938 191 634
507 815 270
729 466 931
519 876 530
509 591 452
298 818 558
180 616 784
319 570 33
558 686 4
219 121 693
201 571 31
692 66 399
979 720 949
295 355 946
753 702 815
223 938 746
592 593 630
113 9 661
228 875 685
967 179 804
126 55 697
771 366 521
913 888 621
927 801 992
156 750 732
876 462 599
624 128 541
493 291 555
753 663 121
389 385 796
722 91 676
555 372 953
678 775 73
288 455 261
459 354 465
603 849 430
614 174 560
271 916 815
12 58 956
948 700 422
603 563 403
409 560 887
105 419 18
282 628 949
444 558 131
113 665 183
895 451 635
702 233 949
150 846 68
627 292 377
69 689 804
18 57 687
878 98 988
190 823 213
773 328 274
844 892 422
495 62 555
813 553 864
71 706 56
584 114 754
487 503 91
260 160 886
555 574 778
200 506 713
878 131 549
380 901 889
633 428 609
292 972 131
369 716 585
826 454 124
256 955 608
932 288 282
659 269 930
967 193 945
68 710 205
483 893 624
219 870 583
696 864 847
283 787 264
780 22 61
732 58 142
990 374 140
660 264 145
6 672 584
275 431 694
664 466 353
834 187 73
924 887 619
402 640 910
878 241 267
929 771 48
375 417 708
194 507 828
328 897 803
506 784 784
846 766 88
60 649 384
734 221 635
120 508 999
915 869 235
985 1 120
677 126 224
189 2 600
247 427 989
904 133 279
567 33 972
814 936 99
628 59 603
304 673 927
473 783 793
807 893 53
903 431 282
17 974 315
798 688 149
82 715 431
493 295 715
693 516 483
509 314 381
761 325 576
407 673 640
685 849 513
197 95 72
892 247 492
430 392 932
551 166 269
624 612 164
453 631 829
763 882 139
915 75 273
999 829 653
415 628 317
530 514 105
815 618 374
749 333 397
694 415 425
741 746 323
297 60 762
729 52 739
114 11 177
265 209 159
577 631 849
122 698 861
748 485 494
819 18 345
373 391 295
480 952 365
907 744 208
233 406 389
493 226 36
443 576 371
715 976 970
314 237 196
245 555 870
486 589 688
180 763 92
384 607 199
249 281 824
136 145 442
229 590 404
895 527 959
728 103 574
569 673 678
151 525 93
811 647 269
552 492 568
661 48 415
482 46 625
830 810 807
420 488 413
126 69 739
596 131 851
362 621 418
787 352 432
143 237 263
148 302 169
645 410 201
779 336 531
770 362 137
47 948 465
53 741 520
871 64 72
208 246 523
892 579 693
312 232 613
950 406 828
153 323 35
277 817 524
573 186 619
733 209 15
661 818 568
541 401 223
758 194 248
339 121 776
699 397 600
996 270 992
578 403 261
996 181 257
9 854 901
222 228 353
876 147 367
975 798 714
25 338 655
13 232 127
520 244 699
602 489 914
983 81 745
179 116 1
428 733 468
159 349 296
492 776 529
501 144 364
929 230 389
494 594 749
652 963 969
617 148 289
521 697 819
456 117 757
315 994 524
725 657 436
548 646 650
441 482 219
887 753 624
339 82 715
403 1 215
726 525 887
772 879 503
657 570 176
279 135 640
427 102 755
330 473 728
34 223 508
101 971 62
85 340 930
545 705 287
927 441 86
7 134 713
415 380 153
921 497 121
293 631 581
704 477 23
182 143 287
700 781 736
153 502 380
384 358 943
848 563 584
220 351 565
568 320 846
644 613 783
878 889 579
602 660 583
262 126 886
447 385 950
817 628 1
619 448 919
311 106 501
822 615 131
447 746 365
39 480 993
322 979 27
982 558 189
130 57 95
112 983 914
252 387 103
670 647 496
501 247 11
68 839 165
752 123 49
639 202 942
788 793 668
73 906 557
453 415 118
90 539 180
658 321 57
711 535 634
343 868 746
580 500 547
562 327 246
231 927 530
232 267 631
685 489 259
427 230 790
282 702 40
758 791 704
785 415 588
131 905 861
187 790 843
483 445 974
491 9 971
968 3 194
123 169 457
427 885 612
860 565 195
155 763 170
413 891 984
420 580 925
144 826 185
616 342 771
640 823 812
298 145 209
930 462 892
263 686 216
29 974 773
153 553 698
247 829 135
976 848 120
684 172 736
946 481 103
84 273 842
647 967 908
606 889 928
526 225 374
993 182 804
293 493 56
151 475 581
157 288 62
525 772 546
340 334 718
170 210 172
15 811 135
555 581 322
803 332 787
253 250 718
466 947 700
346 727 21
877 501 477
323 731 143
621 687 830
424 766 69
382 686 728
646 306 346
777 323 655
53 779 273
305 115 662
817 964 714
494 788 94
440 964 807
495 180 604
769 204 251
426 155 408
893 30 913
858 718 352
675 280 537
568 699 178
276 391 846
177 914 643
567 257 227
731 208 135
988 551 379
568 55 339
444 76 995
853 901 451
765 910 222
752 606 450
384 545 270
88 6 299
584 836 329
930 512 48
364 179 511
991 677 577
191 935 510
75 627 219
499 253 5
917 499 46
183 165 971
661 589 78
457 466 194
681 740 63
904 717 591
360 631 979
188 279 161
552 503 873
573 226 199
552 675 686
710 244 490
465 791 729
270 555 736
12 879 468
35 596 88
461 104 770
500 134 816
496 984 801
993 527 300
598 498 312
778 720 626
627 72 912
775 198 500
469 49 963
724 326 793
709 822 703
610 917 545
631 232 710
341 884 89
814 517 160
306 340 876
953 145 636
522 86 93
285 12 651
346 500 418
578 87 16
963 64 845
952 354 673
775 748 998
725 604 683
819 71 278
870 863 230
708 418 6
808 754 672
814 779 647
599 191 625
726 248 643
124 920 303
132 64 414
19 904 163
86 765 432
604 454 186
204 643 334
468 355 997
802 995 457
626 887 148
853 407 419
968 243 558
609 19 586
684 379 353
106 310 24
891 293 239
795 579 918
495 274 481
817 565 592
628 138 881
939 807 537
602 217 518
139 742 954
310 406 731
968 395 643
370 413 340
999 516 891
63 737 944
748 440 259
143 377 750
800 7 925
216 74 819
808 445 107
728 959 22
577 716 435
505 129 611
400 500 868
90 762 530
838 495 75
15 481 839
511 947 991
977 43 902
550 415 764
777 438 555
715 191 145
964 348 675
116 896 172
111 133 419
595 849 28
380 981 275
257 589 971
122 837 362
849 960 254
435 612 532
21 974 437
410 639 186
960 43 969
530 688 748
682 743 847
803 799 965
967 449 482
221 668 216
556 534 679
17 949 578
952 83 160
966 895 601
230 257 384
352 810 682
610 698 372
555 433 921
22 798 445
40 207 95
558 419 921
122 101 317
520 817 87
8 914 675
111 363 572
890 812 254
987 414 55
420 489 489
491 873 572
469 891 102
30 562 320
477 755 276
997 28 758
943 226 835
471 496 163
433 269 259
668 946 93
627 905 727
313 899 335
570 932 75
121 981 382
441 809 25
911 20 811
670 218 45
855 86 323
653 233 390
156 889 139
265 412 309
84 159 822
985 468 903
609 362 270
723 346 665
606 381 945
555 966 169
877 530 821
606 396 720
156 612 740
105 791 584
771 826 242
164 150 104
695 941 969
390 370 227
31 119 167
793 98 900
990 523 360
851 558 509
288 696 716
966 343 155
180 789 701
50 792 617
470 823 119
384 194 237
89 798 477
644 333 349
45 927 533
266 10 955
137 483 100
879 155 475
452 96 931
348 727 432
22 641 349
483 961 998
332 754 248
695 375 560
486 929 679
725 847 82
143 428 444
558 794 871
395 592 190
846 995 82
165 56 817
321 648 228
549 525 408
331 314 41
836 285 996
379 673 282
873 47 634
735 894 729
917 395 45
13 72 879
501 250 630
200 49 434
287 218 814
370 909 83
829 795 933
308 423 699
616 709 840
306 762 509
499 32 667
105 46 524
46 404 48
350 145 310
223 188 358
96 331 770
139 840 650
236 654 103
180 65 777
805 262 363
619 57 80
495 336 754
181 19 677
316 965 578
21 712 994
947 727 619
233 570 695
596 856 392
279 556 257
132 50 779
688 436 669
162 795 454
408 76 193
942 34 588
907 154 538
388 95 163
49 379 829
457 517 678
911 744 653
429 899 498
829 797 298
911 274 720
159 138 422
753 643 705
976 303 574
112 5 999
423 150 393
971 842 276
949 785 738
145 274 973
579 282 75
232 585 84
840 626 750
684 414 537
263 361 416
959 323 784
631 129 651
457 520 502
8 499 372
881 216 954
570 192 158
543 429 826
400 391 664
834 738 707
28 781 711
571 366 762
838 36 630
666 890 9
179 827 961
732 943 724
945 429 560
6 63 501
742 124 59
951 735 19
827 108 917
678 617 337
355 113 616
891 22 379
962 291 671
568 630 230
193 848 193
571 482 229
681 660 700
971 512 483
803 234 710
720 622 466
733 768 821
541 561 258
575 247 528
634 685 845
152 875 623
83 90 858
615 843 438
392 373 778
558 94 640
866 923 308
707 921 532
617 479 798
492 25 858
607 899 991
958 952 893
645 374 771
659 222 655
824 160 604
149 381 638
84 516 959
623 86 151
824 799 691
832 168 527
458 498 401
767 78 571
791 657 104
515 692 381
408 692 620
631 988 376
449 311 150
144 1 657
408 542 217
873 640 345
307 688 837
657 717 626
97 729 114
412 460 130
932 359 447
241 781 553
928 924 462
398 726 221
543 668 932
370 991 15
668 748 916
663 290 192
801 631 617
637 844 803
308 146 320
987 289 242
730 386 301
877 70 724
417 866 784
307 974 492
145 805 821
818 588 285
419 194 267
928 649 504
857 816 70
154 543 492
3 776 202
455 733 596
763 980 217
581 419 573
444 452 978
928 308 76
425 460 993
604 876 479
599 493 380
720 502 274
459 340 111
66 849 262
524 752 973
331 574 675
427 751 641
930 906 171
317 508 715
792 396 366
150 349 889
604 639 609
271 73 801
82 792 498
526 956 515
836 383 593
657 49 153
760 311 351
467 69 124
240 562 301
531 195 500
899 309 145
660 375 403
377 343 530
789 40 541
244 325 934
12 526 35
967 197 962
352 320 369
233 440 837
608 334 839
372 129 633
368 45 714
206 975 254
326 910 117
764 857 639
88 2 836
35 829 327
691 555 65
53 455 187
958 439 326
578 886 470
767 756 499
7 545 730
744 731 799
987 564 41
562 259 901
266 833 598
957 933 541
364 590 286
233 75 863
86 136 255
893 620 333
872 976 193
526 145 18
848 369 836
307 135 197
565 251 594
869 916 232
538 333 545
472 10 190
148 918 495
423 695 243
141 166 362
170 861 515
93 822 561
509 467 759
59 39 254
790 916 649
784 701 554
445 41 673
930 11 393
709 523 768
954 564 373
605 189 368
766 85 468
414 310 829
295 156 364
882 24 907
714 355 153
868 228 231
97 856 666
375 783 379
208 660 56
595 335 173
260 100 459
871 724 326
902 148 186
544 386 965
752 253 848
223 529 509
603 692 358
765 229 324
611 753 863
799 47 42
881 434 122
558 572 266
239 152 342
361 205 725
122 867 461
951 779 964
485 635 533
644 747 270
417 143 463
872 571 566
796 188 501
685 38 410
731 25 937
455 872 873
822 969 872
471 70 829
859 554 279
415 271 796
619 427 332
472 251 820
715 500 308
207 298 208
925 416 930
643 410 493
494 919 858
34 131 803
664 556 601
405 482 692
590 300 519
127 527 273
810 788 525
40 818 899
894 676 791
625 959 906
427 830 884
629 507 148
784 750 270
372 487 563
812 860 137
355 156 543
864 661 365
292 408 304
940 579 672
776 63 137
62 785 608
629 872 612
823 818 830
501 829 317
32 520 732
179 471 153
788 575 811
236 893 117
255 644 527
519 727 267
853 47 549
897 312 832
653 471 774
227 494 421
759 819 360
904 796 488
958 239 499
562 882 380
111 919 288
757 891 362
3 518 378
830 738 861
781 244 598
196 946 876
280 206 529
479 316 830
290 17 154
945 952 171
783 398 19
565 222 422
859 116 741
907 259 10
191 68 575
360 737 313
172 492 623
167 194 523
671 889 218
833 258 253
696 542 173
521 218 904
270 537 70
245 455 948
449 42 402
810 20 732
525 843 394
699 568 761
802 696 682
461 235 486
296 884 595
955 937 899
489 322 30
585 520 256
614 470 972
409 722 868
307 753 872
865 161 952
62 596 210
484 953 730
143 378 930
329 79 355
930 2 450
165 952 246
217 372 690
322 34 627
362 336 442
312 253 615
643 666 172
606 455 741
237 30 970
590 981 529
747 953 493
314 168 735
858 563 226
678 557 514
671 436 665
301 975 88
991 427 303
968 7 971
704 655 789
237 986 913
857 627 881
889 133 112
657 539 573
16 656 921
444 476 93
968 554 385
340 98 754
974 130 947
334 529 91
675 129 627
419 712 221
269 782 579
196 1 434
541 905 95
656 507 234
792 994 582
524 978 315
12 449 557
990 884 898
739 470 857
878 888 895
250 264 566
243 118 911
898 655 770
96 301 286
98 479 911
188 774 156
316 95 446
10 16 326
739 236 989
846 298 658
806 596 600
303 134 150
536 779 122
547 60 651
678 993 618
483 376 475
273 911 856
823 759 239
745 970 700
289 56 253
41 726 238
794 294 942
212 208 555
517 352 966
581 230 764
689 205 909
80 855 510
802 378 863
602 509 5
735 182 760
509 391 288
330 918 651
935 475 137
11 431 768
106 76 650
415 14 462
994 278 562
206 968 503
765 539 916
6 931 698
299 691 967
785 42 776
639 797 143
613 353 991
628 204 815
806 982 983
72 548 123
971 191 29
977 59 610
586 88 554
45 357 827
243 399 117
661 534 116
211 927 183
991 937 773
943 875 316
107 631 687
647 215 910
233 521 236
580 815 551
647 3 923
198 138 307
676 59 657
664 765 742
851 902 880
185 177 117
784 865 538
957 540 255
619 414 459
409 383 794
83 517 310
342 659 877
460 187 87
946 296 127
365 860 303
424 760 926
896 249 533
168 198 974
108 575 746
851 566 997
514 375 922
448 643 65
52 976 887
561 114 190
468 418 117
779 854 778
136 128 77
393 398 97
906 785 536
157 654 616
932 468 456
744 447 867
993 872 470
133 125 372
956 960 956
316 74 967
765 613 15
676 830 484
967 645 617
669 153 722
656 207 442
526 357 504
136 180 328
854 12 655
224 332 741
309 975 398
626 190 643
154 22 593
25 283 878
621 531 598
926 372 589
211 488 338
737 524 645
377 398 833
759 472 495
387 887 771
556 957 956
728 8 7
606 254 5
63 705 952
100 734 101
864 694 80
365 346 832
38 572 944
74 92 843
672 495 766
696 733 171
531 929 187
165 173 214
896 609 28
623 46 451
126 794 817
248 559 901
450 775 622
316 356 187
893 742 304
179 566 69
592 430 236
168 850 910
956 678 765
638 929 584
248 835 130
718 88 69
410 522 221
983 715 441
359 30 603
329 852 635
312 214 545
754 571 289
801 400 665
291 156 616
504 705 533
490 967 314
712 228 578
73 588 216
894 407 104
49 476 778
31 502 17
58 961 161
700 755 458
603 47 443
436 980 732
883 946 999
840 145 352
797 907 168
158 367 453
228 645 183
538 192 920
205 547 622
463 641 113
414 998 185
535 984 99
319 742 838
235 86 412
168 985 699
735 561 805
154 829 524
303 559 861
546 25 291
330 770 35
979 364 446
933 239 953
697 112 435
883 388 962
460 80 718
281 39 347
272 55 565
50 750 865
51 422 446
335 254 178
314 142 835
284 462 615
190 592 134
854 659 965
379 538 770
522 741 672
140 457 296
949 663 897
281 684 993
789 332 149
833 615 818
886 440 618
800 293 165
115 854 115
21 537 139
305 545 368
840 645 436
666 394 894
684 952 294
465 149 934
659 714 737
366 718 350
406 750 731
479 746 912
18 355 218
56 118 121
919 228 841
70 978 629
749 798 429
951 624 376
554 213 632
50 465 843
408 857 657
464 223 597
251 196 560
49 734 880
638 128 889
21 502 308
714 64 996
758 512 820
324 778 691
646 404 115
308 146 119
923 286 207
663 47 944
615 329 801
846 109 511
135 581 583
672 626 200
294 977 124
274 955 656
22 429 31
845 163 254
564 703 667
570 698 924
735 922 481
298 185 780
0 606 806
152 669 976
96 675 857
334 818 734
157 447 743
180 352 899
266 429 924
702 974 795
188 68 111
924 591 430
638 397 672
166 639 881
88 552 535
807 510 671
460 575 507
614 565 870
150 122 414
862 881 218
217 133 500
775 803 430
2 910 760
696 249 401
307 831 170
269 481 938
225 112 733
192 690 983
718 819 236
374 53 78
711 734 30
526 22 851
803 477 106
442 86 943
906 516 628
235 688 500
314 140 332
878 47 967
114 898 93
583 362 853
896 485 935
498 616 798
646 127 873
395 705 113
242 697 358
144 261 322
26 623 490
641 842 150
626 531 978
594 402 115
236 18 692
447 865 834
909 470 26
828 708 723
121 373 783
670 986 178
897 367 468
71 205 652
221 834 476
644 373 589
286 935 8
374 574 166
16 13 307
528 390 910
101 854 764
518 728 486
799 425 887
268 76 606
907 852 577
360 547 605
319 825 891
327 473 808
471 912 144
901 882 609
414 683 651
901 844 727
970 730 32
282 820 363
420 90 279
622 854 228
323 79 47
491 45 297
466 19 419
524 224 887
0 445 710
299 762 953
771 325 796
692 824 529
468 331 969
443 872 66
422 530 841
301 593 952
315 539 53
386 700 800
301 661 703
314 707 599
27 131 751
333 47 742
538 940 484
867 857 340
986 791 642
46 819 749
745 97 426
619 253 944
751 182 592
111 845 595
622 383 863
211 857 913
118 738 931
437 352 356
519 376 935
908 192 855
714 72 353
424 850 374
883 921 28
950 460 766
658 446 111
129 236 185
566 70 440
224 332 907
650 450 359
446 902 201
308 293 12
291 988 862
286 448 974
265 448 663
164 263 809
141 510 437
30 411 455
690 761 239
11 772 280
115 707 485
694 917 753
251 592 8
430 458 991
680 337 824
283 158 509
557 543 932
647 932 52
157 836 114
890 627 278
683 512 59
626 231 260
708 320 651
422 167 897
872 492 594
881 725 502
324 365 759
582 315 828
801 312 77
994 892 396
589 103 617
780 742 746
838 167 633
674 362 446
81 532 694
673 119 224
547 978 563
463 359 316
834 143 608
899 876 379
982 452 322
762 665 970
69 687 892
748 535 102
899 211 827
874 165 82
326 872 525
610 444 101
729 276 256
825 836 532
239 481 58
632 720 661
253 35 119
183 759 287
998 16 189
346 582 589
380 100 934
597 399 78
810 952 964
182 879 465
845 252 202
471 616 132
744 792 801
622 74 472
571 608 460
75 805 142
521 940 945
801 272 810
343 646 876
699 983 27
28 299 13
711 501 5
632 414 693
490 832 300
377 481 958
57 923 865
73 637 121
404 98 146
456 799 404
400 143 912
568 151 949
141 216 593
438 813 283
824 0 672
538 641 656
614 817 214
58 420 415
237 561 194
383 301 628
56 956 73
499 62 165
872 160 421
736 478 918
405 520 240
397 744 165
226 627 515
584 16 628
113 406 364
52 570 977
824 589 891
86 560 346
672 244 142
682 306 83
113 311 507
243 591 809
167 409 420
755 162 724
453 324 848
643 703 416
319 992 612
899 327 963
270 419 130
765 479 769
840 291 987
221 209 77
972 313 313
913 814 941
721 830 575
48 442 904
143 742 718
53 437 445
93 836 487
214 843 616
612 34 292
868 875 132
910 191 342
383 508 652
567 725 889
756 202 976
743 430 453
791 841 901
660 382 785
612 176 346
951 709 253
747 666 699
185 760 257
108 16 731
748 719 687
761 339 667
955 182 997
653 959 275
444 781 889
525 718 534
267 146 142
260 148 392
157 324 534
377 63 468
365 596 598
671 775 508
307 132 364
382 978 499
488 507 836
9 356 872
805 52 639
837 626 333
241 651 172
92 739 610
58 950 642
533 368 763
774 658 421
567 854 580
866 374 346
67 290 859
512 447 613
112 269 773
661 122 933
809 560 361
820 910 901
229 820 957
976 632 420
936 104 344
380 926 424
206 862 2
906 738 664
558 419 34
270 65 813
639 429 39
757 593 191
20 478 189
389 581 696
696 24 794
968 481 769
965 918 406
456 562 685
677 719 437
926 577 460
764 388 530
185 958 516
851 337 681
660 532 819
168 590 251
10 987 944
669 314 719
722 796 794
79 160 650
99 883 638
388 26 659
231 132 973
262 555 955
805 343 645
814 961 339
851 75 492
120 54 177
30 502 6
746 517 437
954 873 611
70 147 362
510 80 283
103 458 195
472 0 577
334 973 712
649 24 687
468 911 274
288 878 254
366 432 580
368 617 108
424 149 468
847 484 356
949 6 148
109 738 330
244 723 183
382 50 731
61 873 324
208 785 26
909 584 439
463 964 458
601 11 453
536 217 779
998 996 522
786 148 350
391 263 565
314 542 800
763 475 991
43 457 24
47 69 873
109 475 137
30 626 613
425 120 341
617 167 159
798 559 605
335 690 152
818 322 22
198 181 636
146 804 818
206 616 248
754 759 374
52 322 634
666 867 252
1 702 660
355 648 598
772 141 529
502 138 339
190 141 99
331 126 498
448 99 859
861 348 304
56 222 434
41 120 868
792 163 363
585 751 30
722 155 418
743 785 552
813 442 493
764 687 11
980 30 121
200 935 21
404 798 26
674 951 773
900 481 323
285 542 351
278 741 709
321 695 105
856 911 221
224 200 522
761 111 877
849 907 180
369 643 771
506 768 769
442 365 55
446 961 629
196 113 938
694 3 625
429 407 67
257 258 822
135 195 252
357 385 73
299 667 989
46 795 379
897 659 51
824 663 734
797 386 778
319 746 467
145 358 439
255 554 38
287 317 143
826 242 720
143 543 900
836 501 881
227 500 487
239 83 882
601 57 427
986 25 553
765 228 985
996 433 540
309 944 534
385 495 449
245 237 500
773 9 710
599 125 581
485 39 358
388 929 206
482 552 760
770 978 380
441 949 824
777 397 1
403 134 709
399 595 641
861 680 442
933 693 98
489 607 185
775 833 32
234 387 176
139 182 132
494 172 388
331 796 831
100 136 900
470 502 992
731 425 555
332 799 770
480 243 961
806 883 882
445 121 202
672 344 670
336 647 44
556 360 657
183 83 954
836 421 285
199 689 108
688 250 705
404 529 350
893 193 847
930 439 257
306 844 569
292 857 459
932 172 211
170 618 204
697 881 705
153 254 541
263 94 581
482 628 368
751 134 961
109 154 82
388 183 619
587 86 249
406 672 673
949 523 959
254 601 520
495 184 563
109 736 957
849 295 148
34 978 756
33 618 385
646 731 341
242 175 290
131 467 435
973 623 604
990 531 549
881 671 19
920 417 872
545 916 947
618 891 677
688 450 458
237 138 601
372 557 759
882 823 28
644 74 66
230 39 870
532 364 939
876 890 812
616 473 771
627 362 468
10 21 150
811 300 876
581 434 241
822 73 904
233 36 752
325 840 632
800 697 220
284 127 214
329 1 127
269 912 175
546 909 985
61 205 265
121 669 150
145 384 114
580 251 646
961 721 287
639 261 412
9 680 839
847 16 165
3 533 963
145 746 696
755 902 267
990 197 257
168 406 679
602 26 215
2 362 589
582 839 688
988 522 221
317 933 927
631 54 840
818 283 224
285 95 217
878 917 256
745 795 366
365 359 20
100 76 40
195 141 971
704 715 378
627 353 766
940 334 53
643 632 735
890 120 435
240 79 812
587 584 524
952 44 313
402 888 185
961 746 347
823 927 512
269 553 587
803 303 354
174 573 7
315 809 702
497 565 596
731 825 83
870 475 171
233 40 929
204 254 236
230 372 6
254 549 551
678 788 972
988 746 952
983 408 200
790 447 397
605 154 725
427 8 701
232 73 227
76 120 612
124 58 244
92 754 191
270 689 672
16 149 537
821 226 202
20 675 528
195 973 584
162 761 270
425 949 282
836 501 773
947 731 129
746 258 835
523 966 472
7 904 420
155 555 980
19 616 656
467 506 98
283 70 779
480 542 637
183 447 242
258 681 243
329 867 67
247 536 676
270 44 508
861 726 495
264 41 523
852 209 894
975 106 898
175 583 439
324 172 852
75 286 921
386 741 253
77 475 732
880 729 821
628 988 393
180 780 4
640 207 517
984 284 43
931 899 376
95 888 798
100 504 962
257 803 642
488 59 366
593 826 430
7 425 642
95 688 256
179 990 204
447 2 95
565 39 86
277 24 296
257 66 568
900 683 510
582 973 737
720 753 778
756 20 735
718 460 359
678 165 245
596 713 562
232 335 510
917 877 613
97 16 739
193 560 5
943 669 312
318 784 180
875 641 825
852 796 220
739 224 926
355 994 996
80 256 163
551 837 478
654 803 968
817 845 118
574 904 956
292 116 565
466 102 168
78 671 150
743 240 542
995 744 766
240 656 53
823 920 198
818 886 905
899 370 775
212 753 57
655 426 791
114 421 717
764 451 394
692 808 980
546 789 216
618 98 835
265 445 378
504 945 361
886 577 358
545 540 84
988 845 476
650 232 841
353 910 360
798 951 895
592 298 156
204 628 897
377 207 929
370 890 820
670 319 796
371 147 511
858 183 600
535 496 472
895 18 533
800 992 355
743 252 400
185 109 549
599 747 296
40 81 448
953 11 590
469 452 252
142 114 59
794 983 765
451 831 499
105 932 488
264 780 748
810 194 39
539 620 679
191 357 977
203 66 560
745 544 189
335 298 707
762 605 516
502 902 701
841 853 761
739 605 549
18 75 199
261 49 53
823 467 388
288 370 335
672 677 488
376 938 529
82 260 735
896 793 625
125 198 464
594 789 992
263 682 256
426 916 240
665 870 34
751 361 7
865 456 684
821 767 400
367 805 683
647 756 596
573 432 508
751 381 937
624 332 506
528 194 771
678 272 981
309 744 592
362 365 176
879 665 564
414 392 312
587 36 337
573 656 253
875 168 684
911 533 78
782 995 20
402 623 816
950 360 716
4 727 897
693 140 731
716 258 979
277 235 991
189 641 990
35 475 682
572 418 154
847 539 888
2 59 96
844 663 294
908 592 376
893 82 560
68 988 856
480 885 611
554 91 693
325 523 589
684 594 405
152 337 994
102 549 997
16 738 88
390 601 364
648 330 816
896 522 506
986 807 401
664 680 964
121 254 457
429 344 155
735 765 372
602 460 699
808 0 874
875 32 479
644 861 580
965 63 316
53 970 52
163 784 251
394 109 985
264 602 457
286 560 390
918 210 197
924 609 696
402 260 223
332 912 320
980 1 809
184 796 743
355 821 83
811 292 243
828 877 195
867 332 663
951 597 457
44 676 78
461 852 53
881 243 398
285 979 583
707 514 398
188 901 419
711 521 419
766 416 151
249 632 211
999 938 151
908 38 452
299 178 833
748 256 127
302 121 852
678 418 333
689 777 984
578 484 427
491 203 440
864 681 314
839 581 671
803 909 104
869 74 70
599 124 416
0 3
1 3
2 0
3 0
4 2
5 3
6 0
7 3
8 1
9 3
10 2
11 0
12 0
13 3
14 1
15 1
16 1
17 2
18 1
19 2
20 3
21 3
22 0
23 0
24 2
25 1
26 1
27 1
28 2
29 3
30 3
31 2
32 1
33 0
34 0
35 3
36 0
37 3
38 3
39 3
40 0
41 3
42 3
43 1
44 2
45 2
46 0
47 2
48 2
49 2
50 0
51 2
52 0
53 2
54 0
55 2
56 0
57 3
58 3
59 1
60 3
61 0
62 1
63 2
64 1
65 0
66 1
67 2
68 3
69 3
70 1
71 0
72 0
73 3
74 2
75 0
76 2
77 3
78 1
79 3
80 2
81 1
82 3
83 0
84 2
85 0
86 2
87 0
88 3
89 2
90 2
91 1
92 0
93 3
94 0
95 3
96 3
97 0
98 0
99 3
100 3
101 3
102 3
103 2
104 3
105 1
106 1
107 2
108 0
109 1
110 3
111 1
112 2
113 1
114 1
115 0
116 1
117 0
118 1
119 3
120 1
121 1
122 2
123 2
124 0
125 1
126 0
127 3
128 2
129 1
130 2
131 3
132 2
133 2
134 2
135 0
136 0
137 0
138 1
139 3
140 1
141 3
142 2
143 3
144 2
145 3
146 3
147 3
148 3
149 0
150 1
151 3
152 1
153 2
154 3
155 1
156 0
157 1
158 2
159 3
160 1
161 0
162 1
163 3
164 0
165 1
166 0
167 2
168 2
169 3
170 0
171 2
172 3
173 3
174 1
175 1
176 3
177 2
178 2
179 0
180 1
181 1
182 2
183 2
184 0
185 3
186 2
187 3
188 0
189 3
190 0
191 0
192 3
193 2
194 1
195 2
196 0
197 1
198 3
199 3
200 1
201 1
202 0
203 3
204 1
205 3
206 2
207 3
208 2
209 2
210 3
211 3
212 3
213 3
214 1
215 1
216 1
217 0
218 1
219 0
220 1
221 3
222 3
223 3
224 0
225 1
226 2
227 2
228 1
229 2
230 0
231 3
232 0
233 1
234 2
235 1
236 0
237 0
238 0
239 2
240 2
241 3
242 2
243 3
244 0
245 2
246 1
247 0
248 3
249 2
250 0
251 2
252 0
253 2
254 3
255 3
256 1
257 2
258 0
259 3
260 0
261 1
262 3
263 2
264 2
265 1
266 0
267 2
268 1
269 0
270 3
271 1
272 3
273 3
274 2
275 2
276 1
277 3
278 2
279 3
280 3
281 1
282 3
283 3
284 1
285 1
286 1
287 2
288 3
289 1
290 3
291 3
292 0
293 0
294 0
295 2
296 0
297 2
298 0
299 1
300 1
301 1
302 0
303 3
304 1
305 1
306 3
307 3
308 2
309 3
310 3
311 0
312 3
313 1
314 3
315 1
316 1
317 1
318 2
319 0
320 1
321 2
322 3
323 0
324 2
325 2
326 1
327 0
328 3
329 2
330 3
331 1
332 2
333 1
334 3
335 2
336 0
337 0
338 2
339 2
340 2
341 3
342 3
343 3
344 2
345 0
346 2
347 2
348 1
349 2
350 0
351 0
352 0
353 0
354 2
355 3
356 0
357 3
358 2
359 1
360 1
361 0
362 2
363 0
364 1
365 0
366 1
367 3
368 3
369 1
370 0
371 0
372 2
373 2
374 1
375 2
376 3
377 0
378 0
379 0
380 0
381 1
382 2
383 2
384 0
385 0
386 1
387 3
388 0
389 2
390 1
391 3
392 1
393 3
394 2
395 2
396 0
397 3
398 2
399 2
400 2
401 3
402 1
403 0
404 2
405 0
406 0
407 3
408 1
409 1
410 3
411 1
412 3
413 3
414 0
415 2
416 2
417 1
418 0
419 0
420 1
421 2
422 1
423 3
424 3
425 2
426 3
427 2
428 2
429 1
430 2
431 3
432 0
433 1
434 1
435 1
436 3
437 1
438 3
439 0
440 2
441 2
442 1
443 0
444 0
445 0
446 1
447 3
448 0
449 1
450 3
451 2
452 1
453 1
454 1
455 1
456 3
457 2
458 1
459 3
460 1
461 0
462 2
463 2
464 1
465 2
466 0
467 2
468 2
469 0
470 2
471 2
472 1
473 1
474 0
475 0
476 1
477 3
478 1
479 3
480 0
481 3
482 3
483 2
484 0
485 2
486 2
487 0
488 2
489 2
490 1
491 0
492 2
493 1
494 1
495 3
496 0
497 1
498 3
499 0
500 0
501 1
502 0
503 3
504 2
505 2
506 3
507 3
508 3
509 0
510 0
511 1
512 1
513 0
514 0
515 3
516 1
517 1
518 1
519 2
520 3
521 2
522 0
523 0
524 1
525 1
526 2
527 2
528 2
529 0
530 3
531 1
532 3
533 2
534 1
535 2
536 2
537 2
538 2
539 3
540 3
541 0
542 2
543 0
544 3
545 2
546 0
547 2
548 3
549 0
550 0
551 2
552 0
553 3
554 2
555 0
556 2
557 3
558 3
559 2
560 0
561 2
562 1
563 0
564 1
565 0
566 3
567 1
568 0
569 3
570 2
571 0
572 1
573 3
574 3
575 2
576 3
577 2
578 2
579 1
580 3
581 3
582 3
583 0
584 3
585 1
586 1
587 1
588 0
589 1
590 0
591 1
592 3
593 0
594 0
595 3
596 2
597 0
598 0
599 2
600 0
601 2
602 3
603 1
604 3
605 2
606 2
607 3
608 2
609 1
610 2
611 1
612 2
613 1
614 3
615 0
616 0
617 1
618 1
619 1
620 0
621 0
622 1
623 3
624 1
625 3
626 2
627 1
628 0
629 1
630 3
631 3
632 1
633 0
634 3
635 0
636 2
637 2
638 1
639 2
640 0
641 1
642 0
643 2
644 0
645 0
646 0
647 2
648 1
649 1
650 2
651 2
652 0
653 0
654 2
655 2
656 0
657 1
658 0
659 1
660 1
661 3
662 1
663 1
664 3
665 2
666 1
667 2
668 2
669 0
670 3
671 0
672 1
673 2
674 0
675 2
676 3
677 2
678 2
679 0
680 2
681 2
682 0
683 2
684 2
685 1
686 1
687 1
688 2
689 0
690 1
691 3
692 0
693 2
694 1
695 0
696 1
697 3
698 3
699 2
700 2
701 1
702 2
703 0
704 0
705 3
706 2
707 1
708 3
709 3
710 2
711 3
712 2
713 1
714 2
715 2
716 3
717 0
718 0
719 0
720 2
721 3
722 3
723 3
724 0
725 0
726 0
727 0
728 0
729 3
730 2
731 3
732 0
733 0
734 0
735 3
736 0
737 0
738 3
739 3
740 3
741 3
742 2
743 1
744 2
745 1
746 2
747 3
748 3
749 2
750 1
751 3
752 0
753 0
754 1
755 0
756 1
757 3
758 0
759 3
760 2
761 3
762 0
763 3
764 3
765 0
766 1
767 3
768 1
769 0
770 0
771 0
772 2
773 0
774 1
775 1
776 1
777 1
778 1
779 1
780 3
781 1
782 3
783 0
784 0
785 0
786 1
787 1
788 0
789 3
790 1
791 3
792 1
793 2
794 2
795 3
796 2
797 0
798 1
799 1
800 1
801 1
802 2
803 0
804 2
805 1
806 0
807 3
808 2
809 3
810 2
811 3
812 0
813 0
814 2
815 0
816 1
817 1
818 2
819 2
820 0
821 1
822 2
823 1
824 2
825 1
826 3
827 1
828 0
829 2
830 1
831 0
832 3
833 3
834 2
835 2
836 0
837 3
838 1
839 2
840 1
841 1
842 0
843 3
844 0
845 2
846 3
847 2
848 3
849 0
850 1
851 1
852 3
853 0
854 2
855 3
856 3
857 2
858 3
859 3
860 1
861 3
862 3
863 1
864 0
865 1
866 2
867 0
868 2
869 1
870 3
871 2
872 3
873 1
874 2
875 0
876 1
877 2
878 1
879 3
880 1
881 2
882 0
883 2
884 1
885 3
886 0
887 1
888 2
889 3
890 3
891 2
892 2
893 1
894 1
895 3
896 3
897 2
898 3
899 2
900 1
901 2
902 2
903 0
904 1
905 2
906 2
907 1
908 2
909 1
910 3
911 1
912 1
913 0
914 3
915 3
916 0
917 3
918 1
919 0
920 3
921 0
922 1
923 0
924 2
925 1
926 3
927 0
928 0
929 3
930 3
931 1
932 0
933 0
934 0
935 2
936 0
937 1
938 1
939 0
940 0
941 2
942 2
943 1
944 1
945 0
946 1
947 2
948 0
949 3
950 2
951 2
952 3
953 1
954 2
955 0
956 1
957 1
958 1
959 1
960 3
961 0
962 0
963 3
964 0
965 0
966 2
967 3
968 1
969 1
970 0
971 2
972 3
973 0
974 1
975 0
976 1
977 2
978 3
979 0
980 1
981 2
982 2
983 0
984 3
985 1
986 2
987 3
988 1
989 0
990 2
991 3
992 3
993 1
994 0
995 0
996 2
997 0
998 3
999 3